## htsjdk.samtools.metrics.StringHeader
# CollectInsertSizeMetrics --Histogram_FILE /u/home/s/samdemar/project-guillom/upf1_rrp6/7_INSERT_HISTOGRAMS/RRP6_2YP_1.fq.gz_hist.pdf --DEVIATIONS 1.0E7 --MINIMUM_PCT 0.0 --INPUT /u/home/s/samdemar/project-guillom/upf1_rrp6/4_REMOVE_PCR/RRP6_2YP_1.fq.gz.bam --OUTPUT /u/home/s/samdemar/project-guillom/upf1_rrp6/7_INSERT_HISTOGRAMS/RRP6_2YP_1.fq.gz_output.txt --METRIC_ACCUMULATION_LEVEL ALL_READS --INCLUDE_DUPLICATES false --ASSUME_SORTED true --STOP_AFTER 0 --VERBOSITY INFO --QUIET false --VALIDATION_STRINGENCY STRICT --COMPRESSION_LEVEL 5 --MAX_RECORDS_IN_RAM 500000 --CREATE_INDEX false --CREATE_MD5_FILE false --GA4GH_CLIENT_SECRETS client_secrets.json --help false --version false --showHidden false --USE_JDK_DEFLATER false --USE_JDK_INFLATER false
## htsjdk.samtools.metrics.StringHeader
# Started on: Mon Nov 15 17:28:40 PST 2021

## METRICS CLASS	picard.analysis.InsertSizeMetrics
MEDIAN_INSERT_SIZE	MODE_INSERT_SIZE	MEDIAN_ABSOLUTE_DEVIATION	MIN_INSERT_SIZE	MAX_INSERT_SIZE	MEAN_INSERT_SIZE	STANDARD_DEVIATION	READ_PAIRS	PAIR_ORIENTATION	WIDTH_OF_10_PERCENT	WIDTH_OF_20_PERCENT	WIDTH_OF_30_PERCENT	WIDTH_OF_40_PERCENT	WIDTH_OF_50_PERCENT	WIDTH_OF_60_PERCENT	WIDTH_OF_70_PERCENT	WIDTH_OF_80_PERCENT	WIDTH_OF_90_PERCENT	WIDTH_OF_95_PERCENT	WIDTH_OF_99_PERCENT	SAMPLE	LIBRARY	READ_GROUP
256	247	39	2	1376575	275.836478	2341.21907	18385273	FR	15	31	45	61	79	99	125	157	209	263	491			
220	55662	198	2	1335472	51807.767453	139634.070256	4111	RF	121	227	303	359	397	435	2007	110885	220971	694493	1529909			
184	182	74	2	1339745	70255.116686	168998.514237	7893	TANDEM	27	53	81	113	149	191	263	165543	541249	901809	1591761			

## HISTOGRAM	java.lang.Integer
insert_size	All_Reads.fr_count	All_Reads.rf_count	All_Reads.tandem_count
2	21	19	1
3	21	25	2
4	27	18	0
5	26	17	0
6	15	12	1
7	18	15	3
8	24	18	0
9	21	18	0
10	19	21	1
11	30	10	1
12	26	20	5
13	26	30	2
14	20	22	1
15	31	23	0
16	31	21	0
17	32	23	1
18	40	21	0
19	299	27	1
20	87	14	2
21	78	15	2
22	813	21	2
23	65	27	2
24	71	23	1
25	88	21	2
26	100	31	4
27	76	24	7
28	285	26	3
29	54	21	5
30	466	18	10
31	69	21	3
32	359	19	7
33	131	25	8
34	92	17	11
35	392	15	6
36	85	25	8
37	78	17	3
38	70	12	8
39	112	15	13
40	92	11	3
41	104	20	13
42	483	19	10
43	152	14	13
44	102	11	9
45	133	19	9
46	157	12	7
47	142	12	8
48	166	17	12
49	158	11	8
50	174	13	10
51	1896	17	14
52	232	15	12
53	168	12	6
54	758	12	14
55	248	18	9
56	216	10	16
57	228	18	13
58	589	13	11
59	243	6	15
60	249	11	17
61	252	15	13
62	294	12	13
63	388	8	11
64	328	8	16
65	361	13	12
66	385	15	22
67	407	13	13
68	319	10	15
69	320	8	15
70	427	12	15
71	476	11	13
72	523	12	19
73	616	5	9
74	608	10	14
75	768	8	20
76	667	7	20
77	783	9	13
78	728	10	34
79	769	10	16
80	905	11	16
81	999	8	18
82	1074	12	31
83	985	10	15
84	1064	15	18
85	1269	9	18
86	1320	7	22
87	1384	9	18
88	1564	9	26
89	1704	13	19
90	1710	6	25
91	1825	5	30
92	1910	5	21
93	1882	11	29
94	2104	7	25
95	3023	7	14
96	2331	8	33
97	2616	8	27
98	2758	10	25
99	2748	9	29
100	2953	6	29
101	3043	7	42
102	3361	7	31
103	3467	12	26
104	3566	7	23
105	3690	9	40
106	4045	8	26
107	4463	5	29
108	4495	2	32
109	4641	7	37
110	4936	7	23
111	5115	4	31
112	5226	5	26
113	5567	9	40
114	5816	7	31
115	5899	6	34
116	6456	10	25
117	6579	8	22
118	7039	6	32
119	7223	5	24
120	7358	7	26
121	7778	8	29
122	8063	4	35
123	8235	6	36
124	8739	12	45
125	8840	10	39
126	9253	7	27
127	9610	5	24
128	10289	7	40
129	10518	5	27
130	10769	2	29
131	11316	4	33
132	11709	4	33
133	11961	9	23
134	12451	6	22
135	12896	7	34
136	13407	6	36
137	13833	7	40
138	14265	7	42
139	15045	9	43
140	15589	5	46
141	15851	4	46
142	16755	5	29
143	16953	2	29
144	17465	5	46
145	18499	10	42
146	18853	5	34
147	19444	5	45
148	19973	2	28
149	20864	2	29
150	21432	5	38
151	22025	4	39
152	22868	6	44
153	23338	6	32
154	24459	3	31
155	25171	5	26
156	25711	3	37
157	26578	9	37
158	27521	9	25
159	28545	3	39
160	29132	8	30
161	30414	9	30
162	30706	1	36
163	32188	6	45
164	32835	4	30
165	33616	6	33
166	35222	3	45
167	35730	4	31
168	36458	3	30
169	37321	5	44
170	39135	3	29
171	39820	5	40
172	40780	5	30
173	42444	4	29
174	43439	1	38
175	44691	8	30
176	45553	2	34
177	46719	3	32
178	48332	3	31
179	49172	5	26
180	50682	2	40
181	52125	2	28
182	53675	3	51
183	54151	2	36
184	56180	5	29
185	56614	2	27
186	57762	2	26
187	59795	8	36
188	60926	8	27
189	62450	2	33
190	63679	7	24
191	64914	4	37
192	66815	2	32
193	68229	8	22
194	69772	6	30
195	70742	4	29
196	72244	4	25
197	74281	3	22
198	75288	7	22
199	77389	4	39
200	78269	5	27
201	79830	3	23
202	81845	6	30
203	83037	3	24
204	85237	7	19
205	85932	2	22
206	87767	2	22
207	88579	5	27
208	90226	4	19
209	92809	2	21
210	93075	2	19
211	95080	2	21
212	97173	4	23
213	98056	2	17
214	99193	8	28
215	101242	1	19
216	102005	4	22
217	103551	6	18
218	105371	5	17
219	106213	6	23
220	108189	4	19
221	109617	3	11
222	109594	2	21
223	112206	5	20
224	112996	2	16
225	113327	3	20
226	114584	5	16
227	115630	4	12
228	116788	3	18
229	118065	2	19
230	118837	3	16
231	119093	2	24
232	120504	2	13
233	121358	7	23
234	121588	3	24
235	122981	6	21
236	123183	2	14
237	123394	3	10
238	125178	2	15
239	125658	6	7
240	125742	2	16
241	126864	4	14
242	126794	1	12
243	127651	5	12
244	128188	5	8
245	128250	3	17
246	128214	3	14
247	128827	3	16
248	128744	3	16
249	128668	4	8
250	128551	3	8
251	128595	2	12
252	128355	2	14
253	128127	0	13
254	128013	3	11
255	127232	0	7
256	127316	3	9
257	127222	3	10
258	126205	1	16
259	126705	1	6
260	125442	3	16
261	124637	1	13
262	124525	2	9
263	123870	2	14
264	123520	0	8
265	122911	3	4
266	122304	3	9
267	121133	2	4
268	121302	2	9
269	120868	0	11
270	119405	1	8
271	119377	4	8
272	118469	3	9
273	116902	3	5
274	115930	2	11
275	115229	3	5
276	114035	2	11
277	113326	2	5
278	111991	3	18
279	110994	1	9
280	110944	3	7
281	109269	3	9
282	108103	1	5
283	106558	4	7
284	106010	3	7
285	104648	2	7
286	103751	1	4
287	102886	1	6
288	100860	0	7
289	100197	1	5
290	98914	4	4
291	96573	0	8
292	95767	2	3
293	94755	0	7
294	93283	3	7
295	92876	3	4
296	91127	4	3
297	89863	4	4
298	89036	0	10
299	88106	0	4
300	85677	3	8
301	84817	3	4
302	83389	0	8
303	81566	3	3
304	81527	2	7
305	79851	0	5
306	78044	3	2
307	77077	2	3
308	76073	2	3
309	74646	1	3
310	73778	3	4
311	72297	2	3
312	70572	2	3
313	69321	5	3
314	68240	3	2
315	66900	0	6
316	66357	1	5
317	65186	1	3
318	63549	3	6
319	62826	4	6
320	62081	0	4
321	60306	1	4
322	59199	3	1
323	58147	4	2
324	56359	3	5
325	55862	2	4
326	54870	1	5
327	53278	1	2
328	52632	2	6
329	51325	0	2
330	50565	1	5
331	49712	0	1
332	48418	1	3
333	47183	3	3
334	46678	0	2
335	45861	3	5
336	44826	2	4
337	43766	2	0
338	42790	1	3
339	41755	5	1
340	41087	3	2
341	40623	1	3
342	39160	2	1
343	38407	1	1
344	37557	1	2
345	36449	1	1
346	35674	1	2
347	34987	1	1
348	34164	3	2
349	33818	1	1
350	32747	3	0
351	32174	1	1
352	31472	3	3
353	30342	1	1
354	30241	2	0
355	29280	4	1
356	28653	2	0
357	28133	1	5
358	27518	1	2
359	26775	4	0
360	26021	0	3
361	25286	0	0
362	24665	4	0
363	24017	3	1
364	23641	3	0
365	22891	2	4
366	22125	2	2
367	21746	5	2
368	21247	1	0
369	20693	1	0
370	20417	0	1
371	19969	5	0
372	19291	0	0
373	19036	1	0
374	18313	0	0
375	17907	1	1
376	17582	1	1
377	17302	2	2
378	16639	2	0
379	16496	3	2
380	16207	0	2
381	15554	2	0
382	15406	2	1
383	14904	1	3
384	14350	2	1
385	14102	5	0
386	13657	2	2
387	13394	1	0
388	13123	1	0
389	12666	0	0
390	12568	0	2
391	12232	1	1
392	11937	0	1
393	11232	3	0
394	11265	0	0
395	10866	2	3
396	10760	1	1
397	10477	1	0
398	10271	1	1
399	10221	2	0
400	9843	1	2
401	9544	0	0
402	9446	2	0
403	9154	3	2
404	9047	1	1
405	8766	2	0
406	8556	0	2
407	8246	2	2
408	7921	0	0
409	7944	2	1
410	7693	3	1
411	7536	0	0
412	7290	0	0
413	7111	1	2
414	6953	1	0
415	6678	2	0
416	6543	1	1
417	6494	0	0
418	6237	1	0
419	5985	2	0
420	6096	2	0
421	5858	3	0
422	5610	3	1
423	5508	9	0
424	5299	0	1
425	5363	3	0
426	5029	1	0
427	5034	2	1
428	4951	1	0
429	4720	2	0
430	4739	1	0
431	4541	2	1
432	4375	1	1
433	4281	0	1
434	4346	0	1
435	4345	3	0
436	4064	5	1
437	4155	13	0
438	3995	1	0
439	3800	2	0
440	3652	2	0
441	3617	1	0
442	3558	0	0
443	3529	0	0
444	3479	1	1
445	3279	3	0
446	3191	1	0
447	3121	1	0
448	3152	0	1
449	3065	0	0
450	2987	0	1
451	2968	0	0
452	2867	1	0
453	2737	0	0
454	2719	1	0
455	2647	1	0
456	2584	1	0
457	2575	1	0
458	2553	0	2
459	2377	2	0
460	2431	1	0
461	2309	0	1
462	2307	2	0
463	2274	1	0
464	2331	1	0
465	2154	0	0
466	2177	2	0
467	2161	3	1
468	2094	1	0
469	1958	2	0
470	2013	4	0
471	1850	2	0
472	1894	1	0
473	1841	2	0
474	1860	3	0
475	1778	2	0
476	1740	4	1
477	1764	1	0
478	1684	0	0
479	1678	1	3
480	1657	0	0
481	1504	0	0
482	1674	0	1
483	1509	0	0
484	1479	0	0
485	1461	0	0
486	1447	1	0
487	1441	2	1
488	1421	0	0
489	1437	0	1
490	1451	0	0
491	1392	0	0
492	1340	4	0
493	1261	1	0
494	1287	3	0
495	1290	1	0
496	1295	2	0
497	1273	2	0
498	1261	2	0
499	1268	1	0
500	1203	1	0
501	1209	1	0
502	1182	2	1
503	1166	2	0
504	1121	0	0
505	1142	0	0
506	1038	1	0
507	1020	0	1
508	1036	0	0
509	1017	0	0
510	957	1	0
511	955	3	0
512	937	1	0
513	897	1	0
514	909	1	0
515	871	1	0
516	910	0	0
517	877	0	1
518	883	0	0
519	880	0	0
520	840	2	0
521	898	1	0
522	827	1	0
523	860	0	0
524	810	0	1
525	859	1	0
526	828	1	0
527	824	2	0
528	817	0	0
529	769	0	1
530	767	1	0
531	761	1	0
532	774	1	0
533	764	3	0
534	721	1	0
535	755	2	0
536	746	0	0
537	732	0	0
538	764	0	0
539	727	1	0
540	735	0	1
541	737	0	0
542	716	0	0
543	748	2	0
544	715	0	1
545	758	0	0
546	667	2	0
547	683	1	0
548	698	2	0
549	647	1	0
550	649	1	1
551	640	0	0
552	693	0	0
553	669	1	0
554	658	0	1
555	668	1	0
556	671	1	0
557	647	1	0
558	674	0	0
559	660	0	0
560	712	2	1
561	708	2	0
562	661	0	0
563	652	0	0
564	653	1	0
565	645	0	0
566	664	0	0
567	642	1	0
568	591	2	0
569	608	2	0
570	630	2	0
571	592	0	0
572	662	0	0
573	657	2	1
574	659	0	0
575	674	0	0
576	619	1	0
577	655	1	0
578	637	1	0
579	651	0	2
580	636	1	0
581	674	0	0
582	627	1	0
583	606	3	1
584	616	0	0
585	640	0	0
586	604	1	1
587	628	1	0
588	618	0	0
589	576	0	0
590	615	0	0
591	618	0	0
592	648	3	0
593	587	0	0
594	577	1	0
595	624	1	0
596	602	1	1
597	573	1	0
598	614	1	0
599	624	0	0
600	607	1	0
601	569	1	0
602	625	1	0
603	599	3	0
604	623	1	0
605	614	0	1
606	598	0	1
607	664	1	0
608	625	1	0
609	611	2	0
610	594	1	0
611	657	0	1
612	619	0	0
613	592	0	0
614	635	0	0
615	618	0	0
616	603	0	1
617	620	1	0
618	607	2	0
619	616	0	0
620	637	2	0
621	611	0	0
622	600	1	0
623	616	1	0
624	614	0	0
625	588	2	0
626	570	0	0
627	580	0	0
628	609	0	0
629	619	0	0
630	584	0	0
631	605	1	0
632	599	2	0
633	555	0	0
634	575	1	1
635	585	2	0
636	552	0	0
637	556	0	0
638	549	0	0
639	593	1	0
640	607	0	0
641	595	1	0
642	515	1	0
643	570	0	0
644	514	0	0
645	560	0	0
646	569	1	0
647	520	0	0
648	516	1	0
649	519	0	0
650	541	0	0
651	563	0	0
652	558	0	0
653	517	0	0
654	540	2	0
655	505	1	1
656	525	1	1
657	535	0	0
658	493	1	1
659	535	0	0
660	511	3	0
661	508	0	0
662	528	1	0
663	491	2	0
664	521	1	0
665	441	2	0
666	514	0	0
667	528	1	0
668	511	0	0
669	521	1	0
670	488	0	0
671	473	0	0
672	509	0	0
673	502	0	0
674	446	2	0
675	480	0	0
676	466	1	0
677	450	1	0
678	477	0	1
679	430	1	1
680	456	0	0
681	425	0	1
682	464	0	0
683	477	0	0
684	464	1	0
685	476	0	0
686	435	0	0
687	433	1	0
688	455	0	0
689	428	0	1
690	455	1	0
691	436	0	0
692	446	1	0
693	473	0	0
694	461	2	0
695	414	0	0
696	425	0	0
697	406	2	0
698	418	2	0
699	379	2	0
700	388	1	0
701	397	0	0
702	402	0	0
703	378	0	0
704	419	0	0
705	390	0	0
706	381	0	0
707	401	2	0
708	393	1	0
709	402	1	0
710	400	0	0
711	386	0	0
712	365	0	0
713	376	0	0
714	390	1	1
715	382	2	0
716	385	1	0
717	367	0	0
718	390	0	0
719	381	1	1
720	404	1	0
721	370	0	0
722	362	2	0
723	384	3	0
724	364	0	0
725	396	1	1
726	378	0	0
727	379	2	0
728	413	0	0
729	361	0	0
730	357	0	0
731	360	0	0
732	363	0	0
733	333	0	0
734	325	1	0
735	366	0	0
736	344	0	0
737	336	1	0
738	369	0	0
739	389	0	0
740	350	0	0
741	338	0	1
742	331	0	0
743	382	1	0
744	359	0	0
745	359	0	0
746	390	2	0
747	337	2	0
748	336	2	0
749	332	1	0
750	362	0	0
751	369	0	0
752	358	3	1
753	361	0	0
754	351	1	0
755	338	0	0
756	342	0	0
757	294	1	0
758	305	2	0
759	285	2	0
760	261	0	0
761	305	1	0
762	286	0	0
763	278	1	0
764	269	0	0
765	264	0	0
766	277	0	0
767	280	0	0
768	248	1	0
769	235	1	0
770	220	2	0
771	223	0	0
772	258	0	1
773	244	1	0
774	256	0	0
775	263	0	0
776	265	3	0
777	274	1	0
778	249	0	0
779	246	1	0
780	262	1	0
781	239	0	0
782	207	0	0
783	238	2	0
784	209	0	0
785	215	0	0
786	233	0	0
787	257	1	0
788	234	1	0
789	210	2	0
790	193	5	0
791	198	1	0
792	188	2	0
793	175	0	0
794	193	1	0
795	191	1	0
796	197	1	0
797	210	0	0
798	182	0	0
799	191	1	0
800	187	0	0
801	175	0	0
802	191	3	0
803	208	0	0
804	173	1	0
805	158	0	0
806	160	1	0
807	161	1	0
808	159	1	0
809	158	0	0
810	187	0	0
811	147	0	0
812	153	0	0
813	136	0	0
814	161	0	0
815	134	0	0
816	149	0	1
817	153	1	0
818	132	0	0
819	144	0	0
820	153	2	0
821	147	0	0
822	148	1	0
823	157	0	0
824	136	0	0
825	131	0	0
826	129	0	0
827	124	0	0
828	117	0	0
829	113	1	0
830	132	1	0
831	126	1	0
832	129	2	0
833	129	0	0
834	112	0	0
835	104	1	0
836	112	0	0
837	127	0	0
838	123	2	0
839	119	0	0
840	109	0	0
841	107	1	0
842	106	0	0
843	106	1	0
844	101	1	0
845	129	0	0
846	116	2	0
847	130	0	0
848	90	0	0
849	95	1	0
850	101	0	0
851	93	1	0
852	106	0	0
853	101	0	0
854	99	0	0
855	97	1	0
856	101	0	0
857	97	0	0
858	105	1	0
859	92	0	0
860	107	0	0
861	97	1	0
862	82	0	0
863	88	1	0
864	87	1	0
865	84	1	0
866	80	0	0
867	98	0	0
868	95	0	0
869	95	0	0
870	77	1	0
871	80	0	0
872	66	0	0
873	98	1	0
874	75	0	0
875	78	0	0
876	66	0	0
877	72	0	0
878	87	0	0
879	49	0	0
880	69	0	0
881	81	0	0
882	70	0	0
883	64	0	0
884	54	2	0
885	78	0	0
886	52	0	0
887	63	0	0
888	53	0	0
889	67	0	0
890	61	0	0
891	62	0	0
892	64	0	0
893	57	0	0
894	66	0	0
895	60	0	0
896	54	1	0
897	59	0	0
898	64	0	0
899	55	1	0
900	52	0	0
901	46	0	0
902	62	0	0
903	63	0	0
904	80	0	0
905	52	0	0
906	54	0	0
907	54	1	0
908	47	0	0
909	57	0	0
910	51	1	0
911	39	0	0
912	41	1	0
913	59	0	0
914	40	0	0
915	43	0	0
916	56	1	0
917	45	0	0
918	58	0	0
919	53	0	0
920	52	0	0
921	51	1	0
922	34	1	0
923	42	2	0
924	58	0	0
925	59	0	0
926	36	0	0
927	49	0	0
928	44	0	0
929	50	0	0
930	41	0	0
931	64	0	0
932	45	0	0
933	50	0	0
934	44	0	0
935	31	0	0
936	33	1	0
937	31	0	0
938	40	0	0
939	32	0	0
940	33	1	0
941	41	0	0
942	41	1	0
943	38	0	0
944	41	0	0
945	33	0	1
946	34	0	0
947	32	0	0
948	27	0	0
949	36	0	0
950	39	0	0
951	34	1	0
952	31	1	0
953	40	0	0
954	30	1	0
955	27	0	0
956	29	0	0
957	31	1	0
958	27	0	0
959	33	0	0
960	27	0	0
961	24	0	0
962	38	0	0
963	29	0	0
964	30	0	0
965	28	0	0
966	25	0	0
967	24	1	0
968	26	1	0
969	34	0	0
970	31	1	0
971	18	0	0
972	30	0	0
973	21	0	0
974	28	1	0
975	22	0	0
976	19	0	0
977	27	0	0
978	24	0	0
979	31	0	0
980	24	0	0
981	15	0	0
982	24	0	0
983	13	0	0
984	16	0	0
985	26	0	0
986	22	2	0
987	19	1	0
988	28	0	0
989	18	0	0
990	22	0	0
991	20	0	0
992	18	1	0
993	10	0	0
994	14	0	0
995	17	0	0
996	32	1	0
997	20	0	0
998	26	0	0
999	20	1	0
1000	16	0	0
1001	17	0	0
1002	12	1	0
1003	14	0	0
1004	25	0	0
1005	11	0	0
1006	20	0	0
1007	19	0	0
1008	20	0	0
1009	12	0	0
1010	19	0	0
1011	17	0	0
1012	18	0	1
1013	23	0	0
1014	22	0	0
1015	25	0	0
1016	24	0	0
1017	25	1	0
1018	18	0	0
1019	16	0	0
1020	15	0	0
1021	24	0	0
1022	23	0	0
1023	18	0	0
1024	22	0	0
1025	16	0	0
1026	23	0	0
1027	26	0	0
1028	14	0	0
1029	12	0	0
1030	17	0	0
1031	15	0	0
1032	17	0	0
1033	20	0	0
1034	15	0	0
1035	11	1	0
1036	14	1	0
1037	21	0	0
1038	17	0	0
1039	21	0	1
1040	12	0	0
1041	16	0	0
1042	16	1	0
1043	14	0	0
1044	11	0	0
1045	19	0	1
1046	20	0	0
1047	18	0	0
1048	15	1	0
1049	14	0	0
1050	25	0	0
1051	33	1	0
1052	18	0	0
1053	20	0	0
1054	18	0	0
1055	9	0	0
1056	13	0	0
1057	17	1	0
1058	17	0	0
1059	11	0	0
1060	10	0	0
1061	13	0	0
1062	19	0	0
1063	12	0	0
1064	14	0	0
1065	8	1	0
1066	15	0	0
1067	14	0	0
1068	17	0	0
1069	10	0	0
1070	21	0	0
1071	14	0	0
1072	10	1	0
1073	10	0	0
1074	13	0	0
1075	22	0	0
1076	10	0	0
1077	12	0	0
1078	9	0	0
1079	13	0	0
1080	12	1	0
1081	3	0	0
1082	15	0	0
1083	11	0	0
1084	7	0	0
1085	12	0	0
1086	9	0	0
1087	14	0	0
1088	14	0	0
1089	8	0	0
1090	7	0	0
1091	18	0	0
1092	16	0	0
1093	10	1	0
1094	6	0	0
1095	12	0	0
1096	9	0	0
1097	11	0	0
1098	4	0	0
1099	8	0	0
1100	6	1	0
1101	9	0	0
1102	5	0	0
1103	12	0	0
1104	9	0	0
1105	8	0	0
1106	7	0	0
1107	13	1	0
1108	8	0	0
1109	5	0	0
1110	12	0	0
1111	7	0	0
1112	13	0	0
1113	5	0	0
1114	4	1	0
1115	5	0	0
1116	6	0	0
1117	11	0	0
1118	8	0	0
1119	8	0	0
1120	8	0	0
1121	10	0	0
1122	9	0	0
1123	3	0	0
1124	7	0	0
1125	6	0	0
1126	13	0	0
1127	6	0	0
1128	11	0	0
1129	7	0	0
1130	7	0	0
1131	9	0	0
1132	5	0	0
1133	8	0	0
1134	5	0	0
1135	2	0	0
1136	4	0	0
1137	7	1	0
1138	6	0	0
1139	9	0	0
1140	4	0	0
1141	3	0	0
1142	6	0	0
1143	7	3	0
1144	5	0	0
1145	6	0	0
1146	5	0	0
1147	7	0	0
1148	9	0	0
1149	2	1	0
1150	6	0	0
1151	3	0	0
1152	8	0	0
1153	2	1	0
1154	4	0	0
1155	6	0	0
1156	2	0	0
1157	8	0	0
1158	3	1	0
1159	4	0	0
1160	3	0	0
1161	4	0	0
1163	4	0	0
1164	3	0	0
1165	3	0	0
1166	5	1	0
1167	2	0	0
1168	2	0	0
1169	3	0	0
1170	6	0	0
1171	6	0	0
1172	1	0	0
1173	3	0	0
1174	4	0	0
1175	5	0	0
1176	5	0	0
1177	5	1	0
1178	4	0	0
1179	2	0	0
1180	3	0	0
1181	3	0	0
1182	5	0	0
1183	8	0	0
1184	3	0	0
1185	2	0	0
1186	1	1	0
1187	1	0	0
1188	1	0	0
1189	2	0	0
1190	4	0	0
1191	3	0	0
1192	2	0	0
1193	2	0	0
1194	1	0	0
1195	6	0	0
1196	4	0	0
1197	5	0	0
1198	4	0	0
1199	4	0	0
1200	3	0	0
1201	6	0	0
1202	5	0	0
1203	5	0	0
1205	5	0	0
1206	6	0	0
1207	6	0	0
1208	5	0	0
1209	1	0	0
1210	1	0	0
1211	3	0	0
1212	6	0	0
1213	1	0	0
1214	8	0	0
1215	4	0	0
1216	5	0	0
1217	5	0	0
1218	6	0	0
1219	5	0	0
1220	6	0	0
1221	4	0	0
1222	7	0	0
1223	3	1	0
1224	4	0	0
1225	2	0	0
1226	6	0	0
1227	5	0	0
1228	3	0	0
1229	1	0	0
1230	11	0	0
1231	3	0	0
1232	6	0	0
1233	3	0	0
1234	5	0	0
1235	3	0	0
1236	4	0	0
1237	3	0	0
1238	5	0	0
1239	2	0	0
1240	1	0	0
1241	4	0	0
1242	6	0	0
1243	4	0	0
1244	2	0	0
1245	1	0	0
1246	1	0	0
1247	4	0	0
1248	5	1	0
1249	4	1	0
1250	2	0	0
1251	4	1	0
1252	3	0	0
1253	2	1	0
1254	3	0	0
1255	4	0	0
1256	4	0	0
1257	2	0	0
1258	3	0	0
1259	4	0	1
1260	1	0	0
1261	5	0	0
1262	4	0	0
1263	7	0	0
1264	3	0	0
1265	4	0	0
1266	5	0	0
1267	4	0	0
1268	4	0	0
1269	3	0	0
1271	4	0	0
1272	6	0	0
1273	8	0	0
1274	4	0	0
1275	4	0	0
1276	8	0	0
1277	2	0	0
1278	9	0	0
1279	6	0	0
1280	7	0	0
1281	4	0	0
1282	3	0	1
1283	7	0	0
1284	4	0	0
1285	2	0	0
1286	4	0	0
1287	4	0	0
1288	4	0	0
1289	6	0	0
1290	5	0	0
1291	5	0	0
1292	3	0	0
1293	8	0	0
1294	5	0	0
1295	9	0	0
1296	3	0	0
1297	2	0	1
1298	8	0	0
1299	4	0	0
1300	6	0	0
1301	6	0	0
1302	8	0	0
1303	3	0	0
1304	8	0	0
1305	4	0	0
1306	4	0	0
1307	3	0	0
1308	2	0	0
1309	7	0	0
1310	3	0	0
1311	8	0	0
1312	6	0	0
1313	7	0	0
1314	6	0	0
1315	3	1	0
1316	9	0	0
1317	4	0	0
1318	7	0	0
1319	3	0	0
1320	3	0	0
1321	4	0	0
1322	7	0	0
1323	2	0	0
1324	5	0	0
1325	8	0	0
1326	2	0	0
1327	4	1	0
1328	4	0	0
1329	7	0	0
1330	6	0	0
1331	3	0	0
1332	6	0	0
1333	2	0	0
1334	5	1	0
1335	5	0	0
1336	5	0	0
1337	8	0	0
1338	6	0	0
1339	8	0	0
1340	6	0	0
1341	7	0	0
1342	8	0	0
1343	3	0	0
1344	7	0	0
1345	9	0	0
1346	4	0	0
1347	8	0	0
1348	5	0	0
1349	14	0	0
1350	11	0	1
1351	10	0	1
1352	10	0	0
1353	9	0	0
1354	12	0	0
1355	15	0	0
1356	5	0	0
1357	12	0	0
1358	5	0	0
1359	9	0	0
1360	10	0	0
1361	15	0	0
1362	8	0	0
1363	8	0	0
1364	10	0	0
1365	14	0	0
1366	12	0	0
1367	12	0	0
1368	13	0	0
1369	14	0	0
1370	17	0	0
1371	20	0	0
1372	11	0	0
1373	15	0	0
1374	16	0	0
1375	18	0	0
1376	12	0	0
1377	14	0	0
1378	16	0	0
1379	11	1	0
1380	14	0	0
1381	13	0	0
1382	12	0	0
1383	18	0	0
1384	14	0	0
1385	14	1	0
1386	9	0	0
1387	14	0	0
1388	8	0	0
1389	11	0	0
1390	16	0	0
1391	17	0	0
1392	15	0	0
1393	14	0	0
1394	19	0	0
1395	21	0	0
1396	19	0	0
1397	20	0	0
1398	18	0	0
1399	20	1	0
1400	17	0	0
1401	16	0	0
1402	17	0	0
1403	18	0	0
1404	15	0	0
1405	14	0	0
1406	17	0	0
1407	21	0	0
1408	14	0	0
1409	19	0	0
1410	19	0	0
1411	16	0	0
1412	12	0	0
1413	13	0	0
1414	14	0	0
1415	22	0	0
1416	13	0	0
1417	18	0	0
1418	22	0	0
1419	12	0	0
1420	18	0	0
1421	11	0	0
1422	17	0	0
1423	27	0	0
1424	23	0	0
1425	18	0	0
1426	25	0	0
1427	21	0	0
1428	19	0	0
1429	18	0	0
1430	21	0	0
1431	16	0	0
1432	18	0	0
1433	18	1	0
1434	24	0	0
1435	21	0	0
1436	15	0	0
1437	26	0	0
1438	23	0	0
1439	24	0	0
1440	27	0	0
1441	25	0	0
1442	27	0	0
1443	23	0	0
1444	21	0	0
1445	24	0	0
1446	20	0	0
1447	25	0	0
1448	25	1	0
1449	23	0	0
1450	27	0	0
1451	25	0	0
1452	30	0	0
1453	27	0	0
1454	28	1	0
1455	25	0	0
1456	32	1	0
1457	23	0	0
1458	27	0	0
1459	25	0	0
1460	25	0	1
1461	25	0	0
1462	28	0	0
1463	27	0	0
1464	25	0	0
1465	32	0	0
1466	30	0	0
1467	24	0	0
1468	24	0	0
1469	20	0	0
1470	21	0	0
1471	18	0	0
1472	20	0	0
1473	13	0	0
1474	13	0	0
1475	17	0	0
1476	20	0	0
1477	18	0	0
1478	19	0	0
1479	24	0	0
1480	25	0	0
1481	17	0	0
1482	25	0	0
1483	18	0	0
1484	14	0	0
1485	16	0	0
1486	15	0	0
1487	17	0	0
1488	15	0	0
1489	12	0	0
1490	14	0	0
1491	15	0	0
1492	12	0	0
1493	12	0	0
1494	15	0	0
1495	18	0	0
1496	20	0	0
1497	11	0	0
1498	12	0	0
1499	14	0	0
1500	12	0	0
1501	8	0	0
1502	8	0	0
1503	6	0	0
1504	9	0	0
1505	10	0	0
1506	6	0	0
1507	5	0	0
1508	7	0	0
1509	10	0	0
1510	12	0	0
1511	11	0	0
1512	14	0	0
1513	11	0	0
1514	13	0	0
1515	7	0	0
1516	12	0	0
1517	11	0	0
1518	11	0	0
1519	6	0	0
1520	9	0	0
1521	9	0	0
1522	9	0	0
1523	10	0	0
1524	8	0	0
1525	4	0	0
1526	9	0	0
1527	8	0	0
1528	9	0	0
1529	7	0	0
1530	9	0	0
1531	9	1	0
1532	15	0	0
1533	6	0	0
1534	14	0	0
1535	11	0	0
1536	12	0	0
1537	10	0	0
1538	12	0	0
1539	7	0	0
1540	10	0	0
1541	7	0	0
1542	10	1	0
1543	8	0	0
1544	7	0	0
1545	7	0	0
1546	11	0	0
1547	11	0	0
1548	7	0	0
1549	4	0	0
1550	5	0	0
1551	8	0	0
1552	7	0	0
1553	8	0	0
1554	11	0	0
1555	8	0	0
1556	6	0	0
1557	6	0	0
1558	5	0	0
1559	8	0	0
1560	4	0	0
1561	8	0	0
1562	4	0	0
1563	7	0	0
1564	4	0	0
1565	5	0	0
1566	4	0	0
1567	3	0	0
1568	5	0	0
1569	6	0	0
1570	6	0	0
1571	8	0	0
1572	6	0	0
1573	13	0	0
1574	10	0	0
1575	8	0	0
1576	8	0	0
1577	6	0	0
1578	8	0	0
1579	12	0	0
1580	16	0	0
1581	3	0	0
1582	8	0	0
1583	6	0	0
1584	7	0	0
1585	7	0	0
1586	5	0	0
1587	9	0	0
1588	9	0	0
1589	7	0	0
1590	15	0	0
1591	13	0	0
1592	7	0	0
1593	6	0	0
1594	9	0	0
1595	3	0	0
1596	5	0	0
1597	7	0	0
1598	16	0	0
1599	9	0	0
1600	7	0	0
1601	5	0	0
1602	4	0	0
1603	4	0	0
1604	12	0	0
1605	4	0	0
1606	7	0	0
1607	8	0	0
1608	9	1	0
1609	8	0	0
1610	10	0	0
1611	10	0	0
1612	10	0	0
1613	4	0	0
1614	7	0	0
1615	7	0	0
1616	5	0	0
1617	8	1	0
1618	7	0	0
1619	7	0	0
1620	8	0	0
1621	8	0	0
1622	7	0	0
1623	8	0	0
1624	6	0	0
1625	8	0	0
1626	8	0	0
1627	4	0	0
1628	5	0	0
1629	11	0	0
1630	5	0	0
1631	5	0	0
1632	10	0	0
1633	16	0	0
1634	7	0	0
1635	6	0	0
1636	6	0	0
1637	5	0	0
1638	8	0	0
1639	5	0	0
1640	5	0	0
1641	6	0	0
1642	7	0	0
1643	7	0	0
1644	4	0	0
1645	4	0	0
1646	6	0	0
1647	3	0	0
1648	9	0	0
1649	5	0	0
1650	8	0	0
1651	7	1	0
1652	9	0	0
1653	7	0	0
1654	3	0	0
1655	8	0	0
1656	5	0	0
1657	8	0	0
1658	5	0	0
1659	10	0	0
1660	4	0	0
1661	3	0	0
1662	6	0	0
1663	4	0	0
1664	4	0	0
1665	4	0	0
1666	3	0	0
1667	5	0	0
1668	4	0	0
1669	4	0	0
1670	4	0	0
1671	1	0	0
1673	2	0	0
1674	4	0	0
1675	2	0	0
1676	2	0	0
1677	5	0	0
1678	3	0	0
1679	2	0	0
1680	1	0	0
1681	3	0	0
1682	6	0	0
1683	4	0	0
1684	5	0	0
1685	5	0	0
1686	2	0	0
1687	1	0	0
1688	5	0	0
1689	5	0	0
1690	3	0	0
1691	5	0	0
1692	7	0	0
1693	6	0	0
1694	9	0	0
1695	5	0	0
1696	6	0	0
1697	4	0	0
1698	3	0	0
1699	7	0	0
1700	4	0	0
1701	3	0	0
1702	2	0	0
1703	2	0	0
1704	2	0	0
1705	1	0	0
1706	1	0	0
1707	3	0	0
1708	3	0	0
1709	1	0	0
1710	1	0	0
1711	5	0	0
1712	5	0	0
1713	4	0	0
1714	6	0	0
1715	5	0	0
1716	4	0	0
1717	1	0	0
1718	2	0	0
1719	2	0	0
1720	2	0	0
1721	4	0	0
1722	2	0	0
1723	4	0	0
1724	4	0	0
1725	2	0	0
1726	1	0	0
1727	6	0	0
1728	6	0	0
1729	6	0	0
1730	6	0	0
1731	4	0	0
1732	3	0	0
1733	6	0	0
1734	4	0	0
1735	3	0	0
1736	1	0	0
1737	4	0	0
1738	6	0	0
1739	4	0	0
1740	4	0	0
1741	5	0	0
1742	2	0	0
1743	3	0	0
1744	3	0	0
1745	5	0	0
1746	3	0	0
1747	2	0	0
1749	5	0	0
1750	5	1	0
1751	5	0	0
1752	3	0	0
1753	8	0	0
1754	8	0	0
1755	4	0	0
1756	7	0	0
1757	4	0	0
1758	11	0	0
1759	7	1	0
1760	7	0	0
1761	4	0	0
1762	5	0	0
1763	5	0	0
1764	5	0	0
1765	7	0	0
1766	5	0	0
1767	8	0	0
1768	6	0	0
1769	7	0	0
1770	7	0	0
1771	13	0	0
1772	7	1	0
1773	9	0	0
1774	12	0	0
1775	9	0	0
1776	5	0	0
1777	6	0	0
1778	9	0	0
1779	7	0	0
1780	11	0	0
1781	9	1	0
1782	10	0	0
1783	12	0	0
1784	10	0	0
1785	7	0	0
1786	8	0	0
1787	7	0	0
1788	13	0	0
1789	10	0	0
1790	11	0	0
1791	9	0	0
1792	13	0	0
1793	13	0	0
1794	7	0	0
1795	4	0	0
1796	6	0	0
1797	7	0	0
1798	10	0	0
1799	6	0	0
1800	7	0	0
1801	8	0	0
1802	9	0	0
1803	9	0	0
1804	13	0	0
1805	7	0	0
1806	11	0	0
1807	11	0	0
1808	11	0	0
1809	8	0	0
1810	6	0	0
1811	9	0	0
1812	8	0	0
1813	6	0	0
1814	6	0	0
1815	8	0	0
1816	7	0	0
1817	10	0	0
1818	5	0	0
1819	8	0	0
1820	12	0	0
1821	10	0	0
1822	10	0	0
1823	11	0	0
1824	5	0	0
1825	9	0	0
1826	5	0	0
1827	5	0	0
1828	11	1	0
1829	12	0	0
1830	2	0	0
1832	16	0	0
1833	6	0	0
1834	26	0	0
1835	17	0	0
1836	22	0	0
1837	23	0	0
1838	6	0	0
1839	4	0	0
1840	3	0	0
1841	4	0	0
1842	4	0	0
1843	6	0	0
1844	11	0	0
1845	6	0	0
1846	6	0	0
1847	6	0	0
1848	6	0	0
1849	2	0	0
1850	5	0	0
1851	4	0	0
1852	1	0	0
1853	9	0	0
1854	23	1	0
1855	20	0	0
1856	30	0	0
1857	23	0	0
1858	24	0	0
1859	9	0	0
1860	5	0	0
1861	4	0	0
1862	1	0	0
1863	4	0	0
1864	1	0	0
1865	3	1	0
1866	8	0	0
1867	5	1	0
1868	4	0	0
1869	4	0	0
1870	1	0	0
1871	3	2	0
1872	2	0	0
1873	5	0	0
1874	3	0	0
1875	5	0	0
1876	3	0	0
1877	4	1	0
1878	1	0	0
1879	3	1	0
1880	2	0	0
1881	2	0	0
1882	4	0	0
1883	2	0	0
1884	2	0	0
1885	5	0	0
1886	3	0	0
1887	2	0	0
1888	3	0	0
1889	2	0	0
1890	1	1	0
1891	3	0	0
1892	7	0	0
1893	4	0	0
1894	5	0	0
1895	3	0	1
1896	1	0	0
1897	4	0	0
1899	2	0	0
1900	2	0	0
1901	1	0	0
1902	2	0	0
1903	2	0	0
1905	1	0	0
1906	1	0	0
1907	1	0	0
1908	2	0	0
1909	2	0	0
1910	2	0	0
1913	2	0	0
1914	2	0	0
1916	2	0	0
1917	1	0	0
1918	1	0	0
1920	1	0	0
1921	3	0	0
1922	1	0	0
1923	1	0	0
1924	3	0	0
1926	3	0	0
1927	2	0	0
1928	2	0	0
1930	3	0	0
1931	1	0	0
1932	1	0	0
1934	3	0	0
1935	5	0	0
1936	3	0	0
1937	2	0	0
1938	2	0	0
1939	1	0	0
1940	1	0	0
1942	1	0	0
1944	4	0	0
1946	1	1	0
1947	4	0	0
1948	1	0	0
1949	6	0	0
1950	3	0	0
1951	1	0	0
1952	50	0	0
1953	4	0	0
1955	1	0	0
1957	1	0	0
1958	1	0	0
1959	1	0	0
1960	1	0	0
1963	2	0	0
1964	2	0	0
1971	2	0	0
1972	1	0	0
1974	2	0	0
1976	1	0	0
1977	2	0	0
1979	2	0	0
1980	1	0	0
1987	1	0	0
1988	2	0	0
1989	1	0	0
1991	1	0	0
1993	1	0	0
1994	1	0	0
1995	2	0	0
1997	1	0	0
2001	1	0	0
2005	1	0	0
2007	0	1	0
2010	1	0	0
2011	1	0	0
2012	0	0	1
2015	1	0	0
2023	1	0	0
2027	1	0	0
2028	1	0	0
2031	1	0	0
2037	1	0	0
2040	1	0	0
2050	1	0	0
2055	1	0	0
2064	0	0	1
2078	1	0	0
2087	1	0	0
2091	1	0	0
2099	1	0	0
2103	1	0	0
2120	0	1	0
2122	1	1	0
2126	0	0	1
2129	1	0	0
2131	1	0	0
2134	1	0	0
2150	1	0	0
2156	1	0	0
2161	0	1	0
2162	0	0	1
2163	1	0	0
2169	1	0	0
2172	1	0	0
2195	1	0	0
2204	1	0	0
2214	1	0	0
2220	0	0	1
2226	1	0	0
2229	1	0	0
2234	1	0	0
2252	2	0	0
2253	1	0	0
2257	0	0	1
2259	1	0	0
2286	1	0	0
2312	1	0	0
2313	1	0	0
2314	0	1	0
2330	1	0	0
2331	1	0	0
2334	1	0	0
2337	1	0	1
2338	1	0	0
2339	1	0	0
2340	4	0	0
2341	1	0	0
2342	1	0	0
2344	3	0	0
2345	6	0	0
2347	3	0	0
2348	3	0	0
2350	5	0	0
2351	5	0	0
2352	6	0	0
2353	6	0	0
2354	2	0	0
2355	4	0	0
2356	2	0	0
2358	1	0	0
2359	1	0	0
2360	4	0	0
2361	4	0	0
2362	2	0	0
2363	6	0	0
2364	1	0	0
2366	1	0	0
2368	2	0	0
2369	8	0	0
2371	1	0	0
2372	3	0	0
2373	3	0	0
2374	9	0	0
2376	2	0	0
2377	1	0	0
2378	3	0	0
2379	2	0	0
2380	6	0	0
2381	4	0	0
2382	2	0	0
2383	1	0	0
2384	5	0	0
2385	2	0	0
2386	8	0	0
2387	5	0	0
2388	4	0	0
2389	1	0	0
2390	1	0	0
2391	2	0	0
2392	4	0	0
2393	2	0	0
2394	2	0	0
2395	3	0	0
2396	1	0	0
2397	3	0	0
2398	3	0	0
2399	1	0	0
2400	7	0	0
2401	5	0	0
2402	3	0	0
2403	5	0	0
2404	3	0	0
2405	5	0	0
2406	3	0	0
2407	4	0	0
2408	3	0	0
2409	1	0	0
2410	3	0	0
2411	3	0	0
2412	4	0	0
2413	3	0	0
2414	2	0	0
2415	12	0	0
2416	3	0	0
2417	2	0	0
2418	2	0	0
2419	1	0	0
2420	1	0	0
2421	2	0	0
2422	1	0	0
2423	5	0	0
2424	1	0	0
2425	2	0	0
2426	3	0	0
2427	1	0	0
2428	2	0	0
2429	2	0	0
2430	1	0	0
2432	3	0	0
2433	1	0	0
2435	1	0	0
2436	2	0	0
2437	1	0	0
2438	2	0	0
2440	2	0	0
2441	1	0	0
2442	2	0	0
2443	2	0	0
2444	1	0	0
2445	2	0	0
2446	4	0	0
2447	3	0	1
2448	2	0	0
2449	2	0	0
2451	3	0	0
2452	1	0	0
2453	3	0	0
2455	3	0	0
2457	5	0	0
2458	4	0	0
2459	1	0	0
2460	5	0	0
2461	2	0	0
2462	5	0	0
2463	4	0	0
2464	1	0	0
2466	2	0	0
2467	1	0	0
2468	2	0	0
2469	5	0	0
2470	3	0	0
2471	2	0	0
2472	3	0	0
2473	3	0	0
2474	3	0	0
2475	4	0	0
2476	2	0	0
2477	3	0	0
2478	1	0	0
2479	1	0	0
2480	2	0	0
2481	3	0	0
2482	2	0	0
2483	3	0	0
2484	4	0	0
2485	2	0	0
2486	3	0	0
2487	1	0	0
2488	1	0	0
2490	3	0	0
2491	4	0	0
2493	3	0	0
2495	1	0	0
2496	4	0	0
2497	1	0	0
2498	3	0	0
2499	4	0	0
2500	3	0	0
2502	1	0	0
2503	1	0	0
2504	2	0	0
2505	2	0	0
2506	1	0	0
2507	1	0	0
2508	3	0	0
2509	6	0	0
2510	4	0	0
2511	3	0	0
2512	4	0	0
2513	1	0	0
2514	2	0	0
2515	1	0	0
2516	4	0	0
2517	1	0	0
2518	4	0	0
2519	1	0	0
2521	1	0	0
2523	1	0	0
2525	1	0	0
2527	2	0	0
2528	2	0	0
2529	2	0	0
2530	1	0	0
2531	1	0	0
2532	1	0	0
2533	1	0	0
2534	2	0	0
2539	2	0	0
2540	4	0	0
2541	1	0	0
2542	2	0	0
2543	2	0	0
2544	3	0	0
2545	1	0	0
2547	2	0	0
2548	1	0	0
2549	1	0	0
2550	1	0	0
2553	1	0	0
2555	2	0	0
2560	1	0	0
2569	1	0	0
2570	1	0	0
2577	1	0	0
2578	1	0	0
2581	1	0	0
2587	1	0	0
2589	1	0	0
2590	1	0	0
2593	1	0	0
2598	1	0	0
2608	0	1	0
2611	1	0	0
2612	1	0	0
2616	1	0	0
2618	1	0	0
2627	1	0	0
2629	2	0	0
2633	1	0	0
2640	0	0	1
2643	1	0	0
2644	1	0	0
2648	1	0	0
2649	1	0	0
2651	1	0	0
2652	1	0	0
2655	1	0	0
2660	1	0	0
2661	2	0	0
2663	1	0	0
2664	1	0	0
2665	3	0	0
2666	1	0	0
2667	1	0	0
2669	1	0	0
2671	1	0	0
2672	3	0	0
2674	1	0	0
2676	2	0	0
2678	3	0	0
2679	1	0	0
2680	1	0	0
2681	3	0	0
2682	2	0	0
2683	2	0	0
2684	1	0	0
2685	2	0	0
2686	4	0	0
2687	2	0	0
2688	3	0	0
2689	2	0	0
2690	2	0	0
2691	2	0	0
2692	3	0	0
2693	4	0	0
2694	4	0	0
2695	5	0	0
2696	4	0	0
2697	3	0	0
2698	7	0	0
2699	2	0	0
2700	4	0	0
2701	2	0	0
2702	1	0	0
2703	2	0	0
2704	4	0	0
2705	5	0	0
2706	6	0	0
2707	3	0	0
2708	3	0	0
2709	3	0	0
2710	5	0	0
2711	4	0	0
2712	4	0	0
2713	4	0	0
2714	14	0	0
2715	18	0	0
2716	5	0	0
2717	6	0	0
2718	9	0	0
2719	5	0	0
2720	5	0	0
2721	7	0	0
2722	3	0	0
2723	3	0	0
2724	4	0	0
2725	7	0	0
2726	2	0	0
2727	8	0	0
2728	4	0	0
2729	6	0	0
2730	2	0	0
2731	3	0	0
2732	5	0	0
2733	4	0	0
2734	3	0	0
2735	2	0	0
2736	3	0	0
2737	8	0	0
2738	4	0	0
2739	1	0	0
2740	4	0	0
2741	4	0	0
2742	8	0	0
2743	5	0	0
2744	4	0	0
2745	7	0	0
2746	8	0	0
2747	11	0	0
2748	7	0	0
2749	5	0	0
2750	5	0	0
2751	3	0	0
2752	2	0	0
2753	5	0	0
2754	7	0	0
2755	2	0	0
2756	2	0	0
2757	4	0	0
2758	5	0	0
2759	4	0	0
2760	2	0	0
2761	1	0	0
2762	6	0	0
2763	1	0	0
2764	6	0	0
2765	2	0	0
2766	2	0	0
2767	5	0	0
2768	3	0	0
2769	14	0	0
2770	4	0	0
2771	10	0	0
2772	4	0	0
2773	3	0	0
2774	1	0	0
2776	1	0	0
2777	2	0	0
2778	4	0	0
2779	3	0	0
2780	1	0	0
2781	4	0	0
2782	3	0	0
2783	2	0	0
2784	1	0	0
2785	2	0	0
2787	3	0	0
2789	2	0	0
2790	1	0	1
2791	1	0	0
2792	1	0	0
2794	1	0	0
2795	2	0	0
2796	1	0	0
2797	1	0	0
2798	3	0	0
2800	1	0	0
2801	1	0	0
2802	2	0	0
2803	2	0	0
2804	1	0	0
2805	1	0	0
2807	1	0	0
2808	2	0	0
2809	1	0	0
2810	1	0	0
2811	1	0	0
2812	1	0	0
2814	1	0	0
2815	3	0	0
2816	1	0	0
2817	0	0	1
2821	2	0	0
2823	1	0	0
2825	2	0	0
2827	1	0	0
2829	1	0	0
2831	3	0	0
2834	1	0	0
2836	1	0	0
2839	1	0	0
2842	2	0	0
2847	3	0	0
2856	1	0	0
2860	1	0	0
2861	2	0	0
2866	0	0	1
2867	1	1	1
2870	1	0	0
2872	1	0	0
2876	1	0	0
2892	1	0	0
2898	1	0	0
2901	1	0	0
2909	1	0	0
2911	1	0	0
2927	1	0	0
2950	1	0	0
2967	1	0	0
2968	1	0	0
2969	1	0	0
2971	0	1	0
2977	1	0	0
2985	1	0	0
2998	1	0	0
3001	2	0	0
3012	1	0	0
3023	1	0	0
3043	1	0	0
3044	1	0	0
3046	1	0	0
3048	1	0	0
3051	1	0	0
3057	1	0	0
3067	1	0	0
3098	1	0	0
3106	0	1	0
3109	0	1	0
3119	1	0	0
3128	0	1	0
3143	0	1	0
3149	0	1	0
3162	1	0	0
3164	1	0	0
3176	1	0	0
3177	0	1	0
3216	1	0	0
3221	0	1	0
3236	0	1	0
3261	0	1	0
3289	0	1	0
3313	0	1	0
3315	0	1	0
3335	0	1	0
3338	1	0	0
3340	1	0	0
3344	0	1	0
3357	0	1	0
3362	0	1	0
3372	0	2	0
3379	1	0	0
3391	0	0	1
3423	1	0	0
3468	1	0	0
3476	0	1	0
3579	1	0	0
3591	1	0	0
3593	1	0	0
3625	0	1	0
3636	0	0	1
3662	0	1	0
3684	0	0	1
3720	0	1	0
3757	1	0	0
3759	0	0	1
3804	0	0	1
3812	0	1	0
3839	1	0	0
3842	1	0	0
3879	1	0	0
3913	1	0	0
3947	1	0	0
3957	2	0	0
3980	1	0	0
4005	1	0	0
4009	2	0	0
4012	1	0	0
4015	1	0	0
4028	1	0	0
4029	1	0	0
4038	1	0	0
4047	1	0	0
4048	1	0	0
4050	1	0	0
4052	1	0	0
4056	1	0	0
4058	1	0	0
4062	3	0	0
4063	1	0	0
4066	1	0	0
4068	1	0	0
4069	2	0	0
4070	1	0	0
4071	1	0	0
4073	2	0	0
4074	1	0	0
4076	2	0	0
4077	1	0	0
4078	4	0	0
4080	2	0	0
4081	1	0	0
4082	3	0	0
4083	2	0	0
4084	1	0	0
4085	1	0	0
4086	2	0	0
4087	2	0	0
4088	2	0	0
4090	2	0	0
4091	3	0	0
4092	2	0	0
4093	4	0	0
4095	2	0	0
4096	2	0	0
4097	3	0	0
4098	2	0	0
4099	2	0	0
4101	2	0	0
4102	1	0	0
4103	6	0	0
4104	3	0	0
4105	1	0	0
4106	3	0	0
4107	3	0	0
4108	1	0	0
4109	4	0	0
4110	5	0	0
4111	2	0	0
4112	4	0	0
4113	2	0	0
4114	2	0	0
4115	2	0	0
4116	5	0	0
4117	4	0	0
4118	5	0	0
4119	6	0	0
4120	3	0	0
4121	2	0	0
4122	3	0	0
4123	3	0	0
4124	5	0	0
4125	1	0	0
4126	1	0	0
4127	1	0	0
4128	3	0	0
4129	4	0	0
4130	1	0	0
4131	3	0	0
4132	2	0	0
4133	3	0	0
4134	3	0	0
4135	2	0	0
4136	1	0	0
4137	4	0	0
4138	1	0	0
4139	3	0	0
4140	2	0	0
4142	2	0	0
4143	1	0	0
4145	2	0	0
4146	6	0	0
4148	2	0	0
4149	2	0	0
4151	1	0	0
4152	3	0	0
4153	1	0	0
4154	1	0	0
4158	1	0	0
4159	2	0	0
4160	1	0	0
4162	1	0	0
4163	1	0	0
4165	2	0	0
4166	2	0	0
4167	1	0	0
4168	2	0	0
4171	2	0	0
4172	3	0	0
4180	1	0	0
4181	2	0	0
4182	1	0	0
4187	2	0	0
4190	1	0	0
4191	1	0	0
4194	1	0	0
4195	2	0	0
4196	1	0	0
4197	1	0	0
4198	1	0	0
4201	1	0	0
4207	1	0	0
4208	2	0	0
4209	2	0	0
4210	2	0	0
4212	2	0	0
4216	1	0	0
4217	1	0	0
4219	3	0	0
4220	2	0	0
4221	2	0	0
4222	1	0	0
4223	1	0	0
4225	1	0	0
4227	4	0	0
4228	4	0	0
4229	3	0	0
4230	3	0	0
4231	2	0	0
4233	3	0	0
4234	1	0	0
4235	3	0	0
4236	1	0	0
4237	1	0	0
4239	1	0	0
4240	3	0	0
4241	2	0	0
4242	1	0	0
4243	1	0	0
4244	3	0	0
4246	3	0	0
4247	3	0	0
4248	1	0	0
4249	1	0	0
4250	2	0	0
4251	1	0	0
4252	1	0	0
4255	3	0	0
4256	6	0	0
4260	2	0	0
4261	3	0	0
4262	2	0	0
4263	1	0	0
4264	1	0	0
4265	4	0	0
4266	1	0	0
4268	2	0	0
4270	1	0	0
4271	2	0	0
4273	2	0	0
4274	1	0	0
4275	1	0	0
4276	2	0	0
4277	1	0	0
4278	1	0	0
4279	3	0	0
4280	2	0	0
4281	1	0	0
4282	2	0	0
4283	2	0	0
4284	1	0	0
4285	2	0	0
4286	2	0	0
4287	3	0	0
4288	1	0	0
4289	1	0	0
4290	2	0	0
4291	3	0	0
4292	2	0	0
4293	4	0	0
4295	3	0	0
4296	3	0	0
4297	1	0	0
4299	1	0	0
4300	1	0	0
4301	1	0	0
4302	3	0	0
4305	2	0	0
4306	1	0	0
4307	1	0	0
4308	1	0	0
4309	1	0	0
4311	1	0	0
4312	4	0	0
4313	2	0	0
4314	5	0	0
4315	2	0	0
4316	2	0	0
4317	4	0	0
4318	2	0	0
4319	2	0	0
4321	1	0	0
4322	1	0	0
4323	3	0	0
4324	1	0	0
4326	3	0	0
4328	2	0	0
4329	2	0	0
4330	1	0	0
4331	1	0	0
4332	1	0	0
4333	1	0	0
4334	2	0	0
4336	2	0	0
4337	2	0	0
4339	1	0	0
4340	2	0	0
4341	1	0	0
4342	1	0	0
4344	1	0	0
4345	1	0	0
4346	1	0	0
4347	1	0	0
4348	2	1	0
4349	1	0	0
4350	1	0	0
4351	3	0	0
4353	1	0	0
4356	1	0	0
4358	3	0	0
4362	1	0	0
4363	1	0	0
4365	3	0	0
4366	2	0	0
4373	1	0	0
4375	1	0	0
4377	1	0	0
4380	1	0	0
4382	2	0	0
4390	1	0	0
4391	1	0	0
4392	1	0	0
4394	2	0	0
4396	2	0	0
4397	1	0	0
4401	1	0	0
4404	1	0	0
4405	1	0	0
4406	1	0	0
4408	1	0	0
4411	2	0	0
4412	1	0	0
4413	3	0	0
4414	1	0	0
4424	1	0	0
4425	1	0	0
4426	1	0	0
4429	1	0	0
4431	1	0	0
4432	1	0	0
4436	1	0	0
4439	1	0	0
4441	1	0	0
4442	1	0	0
4446	1	0	0
4447	1	0	0
4448	1	0	0
4450	1	0	0
4451	1	0	0
4457	1	0	0
4459	3	0	0
4461	1	0	0
4466	1	0	0
4471	1	0	0
4479	1	0	0
4480	1	0	0
4481	1	0	0
4487	1	0	0
4488	1	0	0
4489	1	0	0
4491	0	0	1
4502	1	0	0
4509	1	0	0
4520	1	0	0
4523	1	0	0
4527	1	0	0
4533	2	0	0
4540	1	0	0
4543	1	0	0
4544	1	0	0
4545	2	0	0
4547	2	0	0
4576	0	1	0
4578	1	0	0
4584	0	1	0
4589	0	1	0
4593	1	0	0
4609	0	1	0
4624	2	0	0
4625	0	1	0
4633	0	1	0
4639	0	1	0
4659	0	1	0
4661	0	1	0
4668	0	1	0
4675	1	1	0
4676	0	2	0
4678	0	1	0
4688	0	1	0
4693	0	2	0
4694	1	0	0
4709	0	1	0
4718	0	1	0
4750	0	1	0
4780	0	1	0
4857	0	1	0
4925	0	1	0
4932	1	0	0
4978	0	1	0
5023	0	1	0
5041	0	1	1
5046	0	1	0
5047	0	1	1
5049	0	2	0
5053	1	0	0
5054	0	1	0
5066	0	1	0
5071	0	1	0
5083	0	1	0
5119	0	1	0
5124	1	0	0
5129	1	0	0
5131	1	0	0
5147	1	0	0
5154	1	0	0
5155	1	0	0
5157	2	0	0
5165	1	0	0
5170	1	0	0
5171	2	0	0
5172	1	0	0
5174	1	0	0
5176	1	0	0
5178	2	0	0
5179	1	0	0
5180	2	0	0
5181	0	0	1
5182	1	0	0
5184	0	1	0
5187	1	0	0
5188	1	0	0
5192	1	0	0
5198	1	0	0
5202	1	0	0
5204	1	0	0
5205	1	0	0
5206	1	0	0
5208	1	0	0
5210	2	0	0
5218	0	0	1
5223	1	0	0
5227	1	0	0
5229	1	0	0
5231	1	0	0
5235	1	0	0
5237	1	0	0
5241	1	0	0
5242	1	0	0
5247	1	0	0
5248	1	0	0
5253	1	0	0
5254	1	0	0
5258	2	0	0
5259	1	1	0
5264	1	0	0
5266	1	0	0
5277	1	0	0
5286	1	1	0
5292	1	0	0
5296	1	1	0
5314	0	0	1
5334	0	1	0
5338	0	1	0
5364	0	1	0
5366	0	1	0
5369	0	1	1
5372	0	1	0
5377	0	0	1
5382	0	1	0
5389	0	1	0
5390	0	2	0
5396	1	0	0
5412	0	1	0
5421	0	1	0
5432	0	0	1
5443	0	0	1
5534	0	0	1
5568	0	0	1
5570	1	0	1
5669	0	1	0
5733	1	0	0
5745	1	0	0
5753	1	0	0
5758	1	0	0
5772	1	0	0
5797	1	0	0
5800	1	0	0
5803	1	0	0
5816	1	0	0
5823	1	0	0
5850	1	0	0
5852	1	0	0
5872	0	0	1
5876	1	0	0
5890	0	0	1
5910	1	0	0
5911	1	0	0
5935	1	0	0
6080	1	0	0
6107	0	1	0
6153	0	0	1
6221	1	0	0
6226	1	0	0
6239	1	0	0
6351	1	0	0
6503	1	0	0
6567	1	0	0
6586	0	0	1
6614	1	0	0
6635	1	0	0
6640	1	0	0
6643	1	0	0
6644	1	0	0
6660	1	0	1
6665	1	0	0
6671	1	0	0
6676	1	0	0
6679	1	0	0
6682	1	0	0
6684	1	0	0
6685	1	0	0
6686	1	0	0
6687	1	0	0
6688	1	0	0
6690	1	0	0
6691	2	0	0
6692	1	0	0
6693	3	0	0
6695	5	0	0
6696	1	0	0
6698	3	0	0
6699	3	0	0
6700	1	0	0
6701	3	0	0
6702	1	0	0
6704	1	0	0
6705	1	0	0
6707	1	0	0
6708	1	0	0
6709	3	0	0
6710	1	0	0
6711	3	0	0
6712	3	0	0
6713	1	0	0
6714	2	0	0
6715	3	0	0
6716	3	0	0
6717	3	0	0
6718	1	0	0
6719	3	0	0
6720	8	0	0
6721	5	0	0
6722	2	0	0
6723	2	0	0
6724	1	0	0
6725	2	0	0
6726	7	0	0
6727	4	0	0
6728	2	0	0
6729	3	0	0
6730	2	0	0
6731	4	0	0
6732	5	0	0
6733	7	0	0
6734	7	0	0
6735	3	0	0
6736	6	0	0
6737	5	0	0
6738	4	0	0
6739	5	0	0
6740	3	0	0
6741	7	0	0
6742	4	0	0
6743	5	0	0
6744	8	0	0
6745	8	0	0
6746	4	0	0
6747	8	0	0
6748	6	0	0
6749	3	0	0
6750	8	0	0
6751	5	0	0
6752	2	0	0
6753	6	0	0
6754	5	0	0
6755	2	0	0
6756	3	0	0
6757	4	0	0
6758	6	0	0
6759	3	0	0
6760	3	0	0
6761	1	0	0
6762	5	0	0
6763	5	0	0
6764	5	0	0
6765	3	0	0
6766	2	0	0
6767	3	0	0
6768	4	0	0
6769	2	0	0
6770	5	0	0
6771	3	0	0
6772	3	0	0
6773	4	0	0
6774	4	0	0
6775	3	0	0
6776	7	0	0
6777	5	0	0
6778	5	0	0
6779	3	0	0
6780	3	0	0
6781	6	0	0
6782	1	0	0
6783	4	0	0
6784	4	0	0
6785	4	0	0
6786	2	0	0
6787	2	0	0
6788	3	0	0
6789	4	0	0
6790	3	0	0
6791	4	0	0
6792	1	0	0
6793	2	0	0
6794	4	0	0
6795	3	0	0
6799	1	0	0
6800	1	0	0
6801	1	0	0
6802	2	1	0
6803	2	0	0
6805	1	0	0
6806	1	0	0
6807	4	0	0
6808	3	0	0
6809	1	0	0
6810	2	0	0
6811	1	0	0
6812	1	0	0
6813	3	0	0
6814	1	0	0
6815	1	0	0
6816	3	0	0
6818	2	0	0
6819	2	0	0
6820	3	0	0
6822	2	0	0
6823	2	0	0
6824	1	0	0
6825	1	0	0
6826	1	0	0
6829	1	0	0
6830	2	0	0
6831	3	0	0
6835	1	0	0
6836	2	0	0
6837	1	0	0
6838	2	0	0
6840	1	0	0
6842	1	0	0
6847	3	0	0
6848	1	0	0
6849	2	0	0
6850	2	0	0
6851	3	0	0
6853	1	0	0
6857	2	0	0
6862	1	0	0
6865	1	0	0
6871	2	0	0
6877	1	0	0
6878	1	0	0
6879	0	0	1
6886	1	0	0
6889	1	0	0
6912	0	1	0
6929	1	0	0
6938	1	0	0
6955	1	0	0
6980	0	1	0
6993	0	1	0
6994	1	0	0
7013	1	0	0
7015	2	0	0
7022	2	0	0
7030	1	0	0
7033	0	1	0
7051	1	0	0
7058	1	0	0
7059	1	0	0
7065	1	0	0
7068	2	0	0
7072	0	1	0
7087	1	0	0
7100	0	1	0
7114	0	0	1
7120	0	1	0
7136	0	1	0
7153	0	1	0
7162	0	1	0
7166	0	1	0
7167	0	1	0
7176	0	0	1
7181	0	1	0
7188	0	1	0
7192	0	1	0
7198	0	1	0
7212	0	2	0
7225	0	1	0
7242	0	1	0
7250	0	1	0
7259	0	1	0
7286	1	0	0
7333	0	0	1
7464	1	0	0
7538	0	1	0
7626	0	0	1
7639	0	0	1
7644	0	0	1
7656	0	0	1
7659	0	0	2
7676	0	0	1
7677	0	0	1
7685	0	0	1
7713	0	0	1
7837	0	0	2
7842	0	1	0
7859	0	0	1
7880	1	0	0
7889	1	0	0
7898	1	0	0
7908	1	0	0
7917	1	0	0
7919	1	0	0
7925	1	0	0
7928	1	0	0
7939	1	0	0
7945	1	0	0
7953	2	0	0
7955	1	0	0
7970	1	0	0
7978	2	0	0
7983	1	0	0
7989	1	0	0
7994	1	0	0
7995	0	0	1
7996	1	0	0
8017	1	0	0
8021	1	0	0
8049	1	0	0
8071	1	0	0
8113	0	1	0
8138	0	0	1
8174	0	0	1
8309	1	0	0
8374	0	0	1
8385	0	1	0
8440	0	1	0
8465	0	1	0
8484	1	0	0
8515	0	1	0
8516	0	1	0
8521	0	1	0
8524	0	1	0
8525	0	1	0
8529	0	1	0
8530	0	2	0
8532	0	1	0
8533	0	2	0
8543	1	0	0
8550	1	0	0
8572	0	1	0
8582	0	1	0
8601	0	1	0
8602	0	1	0
8605	0	2	0
8607	0	1	0
8610	0	1	0
8612	0	1	0
8624	0	1	0
8625	0	1	0
8647	0	1	0
8702	0	1	0
8811	0	1	0
8821	0	1	0
8829	0	1	0
8860	0	1	0
8861	0	1	0
8868	0	1	0
8871	0	1	0
8873	0	1	0
8878	0	1	0
8886	0	1	0
8895	0	1	0
8896	0	1	0
8901	0	1	0
8908	0	1	0
8915	0	1	0
8926	0	1	0
8929	0	1	0
8930	0	1	0
8940	1	1	0
8941	0	1	0
8943	0	1	0
8948	0	1	0
8952	0	1	0
8958	0	1	0
8962	1	0	0
8968	0	1	0
8970	0	1	0
8972	0	0	1
8983	0	1	0
8987	0	1	0
8988	0	1	0
8989	0	1	0
8997	1	0	1
9003	0	1	0
9013	0	1	0
9022	0	2	0
9024	0	1	0
9026	1	0	0
9029	1	0	0
9031	0	1	0
9046	0	1	0
9055	1	0	0
9057	1	0	1
9060	0	1	0
9061	0	1	0
9063	0	0	1
9079	0	1	0
9087	0	1	0
9105	0	0	1
9121	1	0	0
9122	1	0	0
9131	1	0	0
9211	0	0	1
9214	0	0	1
9215	1	0	0
9216	1	0	0
9222	1	0	0
9242	1	0	0
9267	1	0	0
9269	1	0	0
9273	0	0	1
9277	1	0	0
9280	1	0	0
9281	0	0	1
9283	1	0	0
9284	0	1	0
9291	0	0	1
9292	1	0	0
9294	2	0	0
9300	1	0	0
9302	1	0	0
9304	1	0	0
9316	1	0	0
9332	1	0	0
9343	1	0	0
9351	1	0	0
9363	1	0	0
9364	1	0	0
9369	1	0	0
9373	1	0	0
9377	1	0	0
9386	1	0	0
9393	1	0	0
9400	1	0	0
9405	1	0	0
9408	1	0	0
9429	1	0	0
9455	1	0	0
9567	0	0	1
9654	1	0	0
9657	1	0	0
9668	1	0	0
9671	1	0	0
9672	1	0	0
9675	1	0	0
9678	1	0	0
9682	1	0	1
9727	1	0	0
9743	1	0	0
9746	1	0	0
9751	2	0	0
9752	1	0	0
9754	3	0	0
9755	1	0	0
9760	1	0	0
9761	1	0	0
9763	1	0	0
9784	1	0	0
9829	0	1	0
9839	1	0	0
9885	0	1	0
9990	0	0	1
10006	0	0	1
10016	0	1	0
10029	1	0	0
10115	0	0	1
10221	0	0	1
10626	0	0	1
10908	0	0	1
11106	0	1	0
11473	0	1	0
11475	0	1	0
11480	0	1	0
11515	0	1	0
11551	0	1	0
11556	0	1	0
11611	0	1	0
11808	0	0	1
11844	0	0	1
12325	0	0	1
12355	1	0	0
12366	1	0	0
12389	0	1	0
12578	0	1	0
12636	0	1	0
12676	1	0	0
12689	1	0	0
12693	1	0	0
12703	0	1	0
12704	1	0	0
12710	1	0	0
12715	0	1	0
12801	0	0	1
12821	1	0	0
12822	1	0	0
12975	0	1	0
13029	0	1	0
13035	0	1	0
13037	0	1	0
13057	0	1	0
13058	0	1	0
13103	0	1	0
13111	0	1	0
13118	0	1	0
13368	1	0	0
13391	1	0	0
13431	1	0	0
13460	0	0	1
13513	1	0	0
13811	1	0	0
14045	1	0	0
14118	0	1	0
14232	1	0	0
14972	0	1	0
15132	0	1	0
15191	1	0	0
15367	1	0	0
15521	0	1	0
15741	0	1	0
15937	1	0	0
15986	1	0	0
16034	0	0	1
16218	1	0	0
16310	1	0	0
16322	0	0	1
16339	0	0	1
16627	0	1	0
16700	0	1	0
16928	0	1	0
17020	1	0	0
17124	1	0	0
17245	0	0	1
17383	0	1	0
17435	1	0	0
17488	1	0	0
17701	0	0	1
17752	1	0	0
17938	0	1	0
18051	0	0	1
18231	1	0	0
18295	0	0	1
18516	1	0	0
18876	0	1	0
19083	1	0	0
19187	0	0	1
19204	0	0	1
19306	0	1	0
19334	0	0	1
19756	0	1	0
19794	0	0	1
20246	0	0	1
20346	0	0	1
20557	0	0	1
20780	0	0	1
21034	0	1	0
21556	0	1	0
21749	0	0	1
21936	0	0	1
22075	0	0	1
22082	0	0	1
22278	1	0	0
22637	0	0	1
22921	0	1	0
22924	0	0	1
23074	0	0	1
23085	0	0	1
23149	0	1	0
23156	0	0	1
23294	0	0	1
23686	0	0	1
23785	0	0	1
24020	0	0	1
24071	0	0	1
24086	0	0	1
24105	0	0	1
24115	0	0	1
24156	0	0	1
24754	1	0	0
24760	0	0	1
24789	1	0	0
24839	0	1	0
24864	0	1	0
25015	0	0	1
25310	0	0	1
25489	0	0	1
25567	0	0	1
25691	0	0	1
25746	0	0	1
25776	0	0	1
25838	0	0	1
25870	0	0	1
26212	0	1	0
26305	0	0	1
26381	0	0	1
26635	0	0	1
26863	0	0	1
26961	0	1	0
27051	0	0	1
27256	0	0	1
27260	0	0	1
27269	0	0	1
27353	0	0	1
27575	0	0	1
27681	0	0	1
27775	1	0	0
27888	0	0	1
27956	0	0	1
28036	0	0	1
28079	0	0	1
28757	0	0	1
28773	0	0	1
28909	0	0	1
28957	1	0	0
29110	0	0	1
29115	0	0	1
29134	0	0	1
29185	0	0	1
29246	0	0	1
29278	0	0	1
29287	0	0	1
29397	0	1	0
29442	0	0	1
29545	0	0	1
29686	0	1	0
29710	1	0	0
30171	0	0	1
30323	0	1	0
30878	0	0	1
30906	1	0	0
30940	0	0	1
31042	0	0	1
31121	0	0	1
31185	1	0	0
31274	0	0	1
31294	1	0	0
31600	0	0	1
31863	1	0	0
32003	0	0	1
32480	0	0	1
32580	0	0	1
32775	0	0	1
32793	0	1	0
32874	0	0	1
33102	0	0	1
33266	0	1	0
33272	0	0	1
33763	0	1	0
33881	0	0	1
33995	0	0	1
34059	0	0	1
34290	0	0	1
34336	0	0	1
34372	0	0	1
34390	0	0	1
34407	0	0	2
34412	0	0	1
34427	0	0	1
34428	0	0	1
34435	0	0	1
34449	0	0	1
34474	0	0	1
34480	0	0	1
34504	0	0	1
34514	0	0	1
34528	0	0	1
34919	0	0	1
35034	0	0	1
35135	1	0	0
35159	0	1	0
35234	0	0	1
35446	0	0	1
35700	1	0	0
35736	1	0	0
35821	0	0	1
35896	0	0	1
35959	0	0	1
35998	0	0	1
36250	0	0	1
36368	0	0	1
36679	0	0	1
36869	0	0	1
36871	0	0	1
36875	0	0	1
37031	0	0	1
37182	0	0	1
37271	0	0	1
37773	0	1	0
37897	0	1	0
37913	0	0	1
37932	0	1	0
37988	0	1	0
37994	0	1	0
38009	0	1	0
38071	1	0	0
38131	1	0	0
38183	1	0	0
38243	0	1	0
38363	0	0	1
38386	0	1	1
38513	0	0	1
38694	1	0	0
38779	1	0	0
38802	1	0	0
38811	1	0	0
38814	1	0	0
38815	2	0	0
38825	1	0	0
38828	1	0	0
38844	1	0	0
38863	0	0	1
38869	0	0	1
38935	0	0	1
39171	0	0	1
39203	0	0	1
39258	1	0	0
39369	1	0	0
39499	1	0	0
39844	0	1	0
39898	0	1	0
39965	1	0	0
40020	0	0	1
40184	0	0	1
40213	0	0	1
40228	0	1	0
40375	1	0	0
40580	1	0	0
41225	0	0	1
41228	0	0	1
41236	1	0	0
41296	0	0	1
41412	0	0	1
41475	0	0	1
41512	1	0	0
41526	0	1	0
41913	1	0	0
42236	0	1	0
42268	0	0	1
42316	0	0	1
42446	0	0	1
42652	0	0	1
42654	0	0	1
42688	1	0	0
42984	0	0	1
43112	1	0	0
43351	1	0	0
43585	1	0	0
44427	0	0	1
44621	1	0	0
45023	0	1	0
45116	0	1	0
45122	0	1	0
45381	0	1	0
45409	0	1	0
45445	0	1	0
45456	0	1	0
45461	0	1	0
45483	0	1	0
45669	0	1	0
45883	0	1	0
45886	0	0	1
46022	0	0	1
46038	0	0	1
46157	1	0	0
46248	1	0	0
46332	1	0	0
46368	1	0	0
46504	1	0	0
46519	1	0	0
46527	1	0	0
46538	1	0	0
46548	1	0	0
46571	1	0	0
46576	1	0	0
46581	1	0	0
46605	1	0	0
46639	1	0	0
46726	1	0	0
46761	1	0	0
46802	0	1	0
47041	0	0	1
47099	0	0	1
47309	0	0	1
47348	0	0	1
47626	0	0	1
47929	0	0	1
47969	1	0	0
48116	0	0	1
48216	1	0	0
48273	0	1	0
48290	0	1	0
48363	0	1	0
48450	0	1	0
48541	0	1	0
48555	0	1	0
48559	0	1	0
48563	0	1	0
48585	0	1	0
48688	0	0	1
48719	1	0	0
48853	0	0	1
48983	0	1	0
49207	0	0	1
49318	1	0	0
49353	1	0	0
49474	0	0	1
49567	0	0	1
49645	0	0	1
49655	1	0	0
49659	1	0	0
49947	1	0	0
50656	0	0	1
51230	0	1	0
52500	0	0	1
52590	1	0	0
52615	0	0	1
52921	1	0	0
52928	0	1	0
53520	0	0	1
53622	0	1	0
53633	1	0	0
54335	0	0	1
55064	1	0	0
55130	0	1	0
55452	0	0	1
55660	0	12	0
55661	0	8	0
55662	0	151	0
55663	0	2	0
55668	0	1	0
55669	0	1	0
55761	1	0	0
55764	1	0	0
55765	6	0	0
55768	3	0	0
55769	2	0	0
55770	8	0	0
55771	1	0	0
55772	1	0	0
55773	1	0	0
55783	0	1	0
55802	0	0	1
55939	1	0	0
55989	1	0	0
55991	1	0	0
56009	0	0	1
56028	0	0	1
56036	0	0	1
56153	0	0	1
56241	1	0	0
56318	0	1	0
56346	1	0	0
56726	1	0	0
56787	1	0	0
56965	0	1	0
56973	0	1	0
56991	0	1	0
57004	0	1	0
57045	0	1	0
57087	0	1	0
57095	0	1	0
57103	0	1	0
57141	0	1	0
57150	0	1	0
57267	0	1	0
57401	0	1	0
57412	0	1	0
57451	0	1	0
57468	0	0	1
57506	0	0	1
57602	1	0	0
57627	0	0	1
57849	1	0	0
57875	1	0	0
57915	1	0	0
58029	1	0	0
58171	1	0	0
58201	1	0	0
58218	1	0	0
58233	1	0	0
58240	1	0	0
58257	1	0	0
58262	1	0	0
58263	1	0	0
58270	1	0	0
58274	1	0	0
58295	1	0	0
58300	1	0	0
58310	1	0	0
58317	1	0	0
58325	1	0	0
58360	1	0	0
58370	1	0	0
58474	1	0	0
59110	0	1	0
59131	0	0	1
59873	1	0	0
59974	0	0	1
60039	0	0	1
60947	0	0	1
61050	0	0	1
61944	0	0	1
62115	1	0	0
62389	1	0	0
62541	1	0	0
62726	1	0	0
62855	0	0	1
63531	0	0	1
63780	0	1	0
64491	0	0	1
64737	0	1	0
64883	0	0	1
65411	0	0	1
66173	0	1	0
66573	0	1	0
66853	1	0	0
67265	0	1	0
67391	1	0	0
67449	0	1	0
67971	0	1	0
68009	0	0	1
68891	0	0	1
68944	0	1	0
69051	0	1	0
69270	0	0	1
69551	0	0	1
70184	0	0	1
70506	0	0	1
70592	0	1	0
70609	0	1	0
70970	1	0	0
71039	0	1	0
71177	0	0	1
71644	0	0	1
71854	0	0	1
72161	0	0	1
72273	0	0	1
72767	0	0	1
73502	0	1	0
73782	1	0	0
73889	0	0	1
74229	0	0	1
74672	1	0	0
75034	0	0	1
75201	0	0	1
75603	0	1	0
76017	0	0	1
76207	0	0	1
76322	0	0	1
76553	0	0	1
76654	0	0	1
76705	0	0	1
76726	0	0	1
76924	0	0	1
77031	1	0	0
77199	0	0	1
77297	0	0	1
77334	0	0	1
77335	0	0	1
77353	0	0	1
77792	0	1	0
78115	0	0	1
78497	1	0	0
78970	0	1	0
78996	0	0	1
79096	0	0	1
79355	1	0	0
79363	1	0	0
79369	1	0	0
79906	0	0	1
80021	0	0	1
80113	0	1	0
80759	1	0	0
80975	0	0	1
81218	0	0	1
81453	1	0	0
81884	1	0	0
82211	1	0	0
82955	0	0	1
82983	0	0	1
83276	1	0	0
83660	0	1	0
83767	1	0	0
83844	0	1	0
83860	0	1	0
84085	1	0	0
84224	0	1	0
84326	0	2	0
84480	1	0	0
84531	1	0	0
84578	0	1	0
84683	0	0	1
85022	0	1	0
85380	0	1	0
85725	1	0	0
86377	0	0	1
86383	1	0	0
86482	1	0	0
86868	0	0	1
87097	0	1	0
87335	0	0	1
87351	0	0	1
87768	0	0	1
87928	0	0	1
88002	0	1	0
88179	1	0	0
88275	0	0	1
88291	0	0	1
88535	0	0	1
89695	1	0	0
89728	0	0	1
90280	0	1	0
90580	1	0	0
91618	0	0	1
91695	1	0	0
91829	0	0	1
91852	1	0	0
91880	0	0	1
91930	0	0	1
92829	1	0	0
93218	0	1	0
93317	0	1	0
93375	0	1	0
93431	0	1	0
93463	0	1	0
93483	0	1	0
93551	0	1	0
93570	0	0	1
93628	1	0	0
93849	1	0	0
93892	0	0	1
94197	1	0	0
94505	1	0	0
94523	1	0	0
94557	1	0	0
94560	1	0	0
94587	1	0	0
94588	1	0	0
94596	1	0	0
94647	1	0	0
95065	0	1	0
95101	0	0	1
95456	1	0	0
95597	0	0	1
95962	0	0	1
96083	0	0	1
96720	1	0	0
97023	0	1	0
97178	0	0	1
97492	0	0	1
97594	0	0	1
97625	0	0	1
97633	0	0	1
97689	0	1	0
98351	1	0	0
98735	0	1	0
98742	0	0	1
99149	0	1	0
99189	0	1	0
99217	0	0	1
99243	0	1	0
99316	0	1	0
99513	0	1	0
99517	0	1	0
99519	0	2	0
99528	0	1	0
99531	0	1	0
99532	0	4	0
99533	0	1	0
99536	0	1	0
99540	0	3	0
99542	0	1	0
99543	0	1	0
99544	0	3	0
99545	0	1	0
99548	0	1	0
99565	0	1	0
99578	0	1	0
99593	0	1	0
99594	0	5	0
99595	0	1	0
99597	0	3	0
99598	0	1	0
99600	0	2	0
99601	0	1	0
99602	0	4	0
99603	0	2	0
99604	0	2	0
99605	0	6	0
99607	0	1	0
99608	0	8	0
99609	0	4	0
99610	0	4	0
99611	0	1	0
99617	0	1	0
99618	0	1	0
99619	0	3	0
99620	0	3	0
99621	0	3	0
99622	0	1	0
99623	0	2	0
99624	0	11	0
99625	0	13	0
99626	0	4	0
99627	0	8	0
99628	0	16	0
99629	0	5	0
99630	0	2	0
99631	0	3	0
99632	0	1	0
99634	0	1	0
99635	0	3	0
99636	0	2	0
99637	0	4	0
99638	0	6	0
99639	0	27	0
99640	0	6	0
99641	0	16	0
99642	0	5	0
99643	0	1	0
99644	0	9	0
99645	0	1	0
99646	0	0	1
99648	0	1	0
99649	0	1	0
99657	0	1	0
99664	0	1	0
99665	0	2	1
99674	0	1	0
99973	1	0	0
99977	0	0	1
99982	1	0	0
99991	1	0	0
100007	0	0	1
100048	1	0	0
100051	1	0	0
100053	1	0	0
100055	2	0	0
100056	3	0	0
100058	4	0	0
100059	4	0	0
100060	1	0	0
100061	15	0	0
100062	6	0	0
100063	27	0	0
100064	10	0	0
100065	4	0	0
100067	1	0	0
100068	1	0	0
100070	2	0	0
100071	3	0	0
100072	2	0	0
100073	8	0	0
100074	17	0	0
100075	20	0	0
100076	5	0	0
100077	20	0	0
100078	17	0	0
100079	12	0	0
100080	2	0	0
100081	2	0	0
100082	5	0	0
100083	9	0	0
100084	2	0	0
100085	3	0	0
100086	1	0	0
100090	2	0	0
100091	1	0	0
100092	6	0	0
100093	3	0	0
100094	6	0	0
100095	2	0	0
100096	1	0	0
100097	7	0	0
100098	1	0	0
100099	1	0	0
100100	3	0	0
100101	1	0	0
100102	1	0	0
100103	2	0	0
100105	7	0	0
100106	1	0	0
100107	8	0	0
100108	4	0	0
100117	1	0	0
100118	1	0	0
100131	1	0	0
100148	1	0	0
100154	2	0	0
100156	1	0	0
100157	6	0	0
100158	7	0	0
100159	4	0	0
100161	1	0	0
100162	10	0	0
100163	3	0	0
100166	3	0	0
100167	2	0	0
100168	1	0	0
100169	6	0	0
100170	15	0	0
100171	3	0	0
100172	1	0	0
100174	1	0	0
100183	4	0	0
100185	4	0	0
100186	1	0	0
100189	2	0	0
100334	0	1	0
101039	0	0	1
101266	0	1	0
101608	1	0	0
102197	0	1	0
103004	0	0	1
103398	0	0	1
103558	1	0	0
103595	0	0	1
103610	0	0	1
103723	0	0	1
103978	0	1	0
104151	0	1	0
104185	0	0	1
104238	0	0	1
104299	0	0	1
104315	0	0	1
104325	0	0	1
104330	0	0	1
104342	0	1	0
104708	0	0	1
105193	0	1	0
105321	1	0	0
105327	0	0	1
105330	0	0	1
105352	0	0	1
105482	0	0	1
105535	0	0	1
105593	0	0	1
105668	0	0	1
105672	1	0	0
105699	0	0	1
105711	0	0	1
105721	0	0	1
105733	0	0	1
105807	0	0	1
105859	0	0	1
106057	0	0	1
106110	0	0	1
106150	0	0	1
106151	0	0	1
106307	0	0	1
106348	0	0	1
106363	0	0	1
106587	0	0	1
106594	0	0	1
106691	0	0	1
106714	0	0	1
106789	0	0	1
106801	0	0	1
106855	0	0	1
106917	0	0	1
106977	0	0	1
107074	1	0	0
107075	1	0	0
107081	0	0	1
107135	0	0	1
107166	0	0	1
107288	0	0	1
107312	0	0	1
107472	0	1	0
107528	1	0	0
107559	0	0	1
107583	0	0	1
107608	0	1	0
107762	0	1	0
107780	0	1	0
107836	0	1	0
107893	0	1	0
107903	0	1	0
107904	0	1	0
107956	0	0	1
108162	1	0	0
108172	0	0	1
108211	0	0	1
108266	0	0	1
108327	0	0	1
108393	0	0	1
108473	1	0	0
108557	0	0	1
108597	0	0	1
108725	0	0	1
108738	0	1	0
108766	0	0	1
108776	1	0	0
108789	0	0	1
108811	0	0	1
108838	0	1	0
108869	0	1	0
109014	0	0	1
109298	0	0	1
109338	0	0	1
109362	1	0	0
109375	0	0	1
109500	0	0	1
109535	0	1	0
109662	0	0	1
109908	1	0	0
110030	1	0	0
110062	1	0	0
110193	0	1	0
110245	0	1	0
110261	0	1	0
110296	0	1	0
110357	0	1	0
110362	0	0	1
110387	0	1	0
110408	0	1	0
110411	0	1	2
110427	0	1	0
110483	0	0	1
110515	0	0	1
110553	0	0	1
110572	0	1	0
110616	0	1	0
110621	0	1	0
110623	0	1	0
110624	0	1	0
110625	0	0	1
110626	0	1	0
110627	0	1	0
110636	0	1	0
110637	0	1	0
110656	0	1	0
110660	0	0	1
110662	0	1	0
110675	0	1	0
110683	0	1	0
110689	0	1	0
110690	0	1	1
110692	0	1	0
110699	0	1	0
110705	0	1	0
110726	0	1	0
110731	0	1	0
110814	0	0	1
110847	0	0	1
110874	0	0	2
110880	0	0	1
110911	0	0	1
110921	0	0	1
110947	0	0	1
110985	0	0	1
110998	0	0	1
111023	0	0	2
111096	0	0	1
111112	0	0	1
111169	1	0	0
111194	0	0	1
111472	1	0	0
111546	0	1	0
111779	0	0	1
112058	0	0	1
112082	0	0	1
112133	0	0	1
112231	0	0	1
112313	0	0	1
112346	0	0	1
113052	0	0	1
113283	0	0	1
113967	0	0	1
114027	0	0	1
114031	1	0	0
114035	0	0	1
114540	0	0	1
114541	0	0	1
114575	0	0	1
114662	1	0	0
114713	0	0	1
114755	0	0	1
114800	1	0	0
114864	0	0	1
114884	0	0	1
114923	0	0	1
114976	0	0	1
115009	0	0	1
115031	0	0	1
115043	0	0	1
115099	0	0	1
115149	0	0	1
115178	0	0	1
115270	0	0	1
115391	0	0	1
115505	0	0	1
115540	0	0	1
115545	0	0	1
115937	0	0	1
116343	0	1	0
116392	0	0	1
116412	1	0	0
116707	1	0	0
117006	0	0	1
117053	0	0	1
117262	0	0	1
117273	0	0	1
117360	0	0	1
117365	0	0	1
117728	0	0	1
117765	0	0	1
117893	0	0	1
117912	0	0	1
118023	0	0	1
118046	0	0	1
118050	0	0	1
118171	0	0	1
118331	1	0	0
118520	0	0	1
118819	0	0	1
118837	0	0	1
119073	0	1	0
119095	0	1	0
119142	1	0	0
119178	0	0	1
119736	1	0	0
120173	1	0	0
120221	0	0	1
120262	0	0	1
120479	0	0	1
120647	0	0	1
120725	0	0	1
120745	1	0	0
120810	0	0	1
120828	0	0	1
120914	0	0	1
121404	1	0	0
121405	0	0	1
121436	1	0	0
121717	0	0	1
121794	0	1	0
121940	0	0	1
122109	0	0	1
122456	0	1	0
122884	0	1	0
123162	1	0	0
123297	0	1	0
124045	0	1	0
124144	0	1	0
124179	1	0	0
124187	1	0	0
124669	0	0	1
124971	1	0	0
125867	1	0	0
126813	0	0	1
127112	1	0	0
127413	1	0	0
128122	0	1	0
128441	1	0	0
128692	1	0	0
128739	0	0	1
128961	2	0	0
128962	3	0	0
128963	4	0	0
128964	1	0	0
128965	1	0	0
128968	3	0	0
128969	2	0	0
128970	1	0	0
128985	1	0	0
128986	1	0	0
128988	5	0	0
129021	1	0	0
129024	4	0	0
129025	2	0	0
129250	1	0	0
129258	1	0	0
129259	1	0	0
129261	1	0	0
129338	0	1	0
129455	0	0	1
129732	1	0	0
130352	0	1	0
131363	0	0	1
132021	0	1	0
132264	0	1	0
132406	0	0	1
132498	1	0	0
133230	0	0	1
133251	0	1	0
133396	0	0	1
133425	0	0	1
133426	0	0	1
133959	0	1	0
134185	0	0	1
134505	0	1	0
134509	0	1	0
134774	0	1	0
134839	0	1	0
134842	0	1	0
134879	0	1	0
134894	0	1	0
134897	0	1	0
135090	0	0	1
135145	0	1	0
135153	0	0	1
135725	1	0	0
135744	0	0	1
135760	0	0	1
135934	0	1	0
135998	0	1	0
136148	1	0	0
136253	1	0	0
136277	0	0	1
136580	0	1	0
136735	0	0	1
136768	0	1	0
137279	0	0	1
139437	1	0	0
139474	0	0	1
139483	0	1	0
140471	0	1	0
140693	1	0	0
140751	0	0	1
140825	0	1	0
140859	0	0	1
141006	1	0	0
141019	1	0	0
141034	1	0	0
141295	0	0	1
141730	0	1	0
142024	0	0	1
142072	1	0	0
142428	0	0	1
143139	0	1	0
144571	0	1	0
144901	0	0	1
145075	1	0	0
145227	0	1	0
145305	0	1	0
145535	1	0	0
145752	0	0	1
145959	0	0	1
146085	0	0	1
147613	0	1	0
147809	0	0	1
148004	1	0	0
148725	0	1	0
149018	0	0	1
149203	0	0	1
150455	0	0	1
150492	0	0	1
151371	1	0	0
152201	0	0	1
153115	0	0	1
153254	1	0	0
153581	0	0	1
153684	0	1	0
153687	1	0	0
154508	0	0	1
154518	0	0	1
154997	1	0	0
155321	0	0	1
155953	0	0	1
155979	0	0	1
156167	0	0	1
156457	0	0	1
156727	0	1	0
157367	0	1	0
157538	0	0	1
157560	0	0	1
157898	0	0	1
157931	0	0	1
157971	0	0	1
158248	0	0	1
158534	0	0	1
158745	0	0	1
158855	0	0	1
159261	0	1	0
159366	0	0	1
159433	0	1	0
159636	0	0	1
159981	0	1	0
159990	0	0	1
159998	1	0	0
160186	0	0	1
160483	0	0	1
160601	0	0	1
160909	0	0	1
161096	0	0	1
161224	1	0	0
161235	0	0	1
161255	0	0	1
161339	1	0	0
161444	0	0	1
161681	0	0	1
161688	0	0	1
161842	0	0	1
161892	1	0	0
162079	0	0	1
162080	0	0	1
162101	0	0	1
162145	0	0	1
162533	0	0	1
162569	0	0	1
162669	0	1	0
162909	0	1	0
162967	0	0	1
162993	0	0	1
163305	0	0	1
163809	0	0	1
163828	0	0	1
164027	1	0	0
164042	0	0	1
164584	0	0	1
165359	0	0	1
165688	0	0	1
165831	0	0	1
165877	0	1	0
166285	1	0	0
166307	1	0	0
166316	0	0	1
166321	0	0	1
167991	0	0	1
168463	0	0	1
168857	0	0	1
168925	0	0	1
169306	1	0	0
169398	1	0	0
169474	0	0	1
169712	0	0	1
169728	0	0	1
169946	0	0	1
170135	0	0	1
170359	0	0	1
170425	0	0	1
170485	0	0	1
170585	1	0	0
170891	0	0	1
171020	0	0	1
171408	1	0	0
171699	0	0	1
171909	0	0	1
171982	0	0	1
172134	1	0	0
172220	0	0	1
172432	0	0	1
172477	0	0	1
172607	0	1	0
172913	0	0	1
172920	1	0	0
172951	0	0	1
172972	0	0	1
172989	1	0	0
173276	1	0	0
173329	1	0	0
173382	1	0	0
173408	0	0	1
174027	0	0	1
174112	0	0	1
174344	0	0	1
174494	0	0	1
174544	0	0	1
174554	0	0	1
174589	0	0	1
174621	0	0	1
174637	0	0	1
174646	0	0	1
174685	0	0	1
174689	0	0	1
174873	0	0	1
174891	0	0	1
174950	0	0	2
175008	0	0	1
175097	0	0	1
175111	1	0	0
175210	0	0	1
175239	0	0	1
175299	0	0	1
175506	0	1	0
175601	0	0	1
175695	0	0	1
175714	0	0	1
175753	0	0	1
175765	0	0	1
175809	0	0	1
175839	0	0	1
175894	0	0	1
175909	0	0	1
175917	0	0	1
175929	0	1	0
175947	0	0	1
176015	0	0	1
176028	0	0	1
176038	0	0	1
176115	0	0	1
176217	0	0	1
176226	0	0	1
176491	0	0	1
176578	0	0	1
176664	0	0	1
176680	0	0	1
176818	0	0	1
176820	0	0	1
176863	0	0	1
176906	0	0	1
177038	0	0	1
177155	0	0	1
177208	0	0	1
177209	0	0	2
177250	0	0	1
177297	0	0	1
177336	0	0	1
177348	0	0	2
177378	0	0	1
177385	0	0	1
177399	0	0	1
177467	0	0	1
177470	0	1	0
177549	1	0	0
177550	1	0	0
177604	0	0	1
177654	0	0	1
177659	0	0	1
177661	0	0	1
177743	0	0	1
177765	0	0	1
177789	0	0	1
177883	0	0	1
177893	0	0	1
177926	0	0	1
177970	0	0	1
178096	0	0	1
178192	0	0	1
178200	0	0	1
178201	0	0	1
178202	0	0	1
178209	0	0	1
178245	0	0	1
178279	0	0	1
178302	0	0	1
178338	0	0	1
178434	0	0	1
178788	0	0	1
178826	0	0	1
178973	0	0	1
179012	0	0	1
179263	0	0	1
179266	0	0	1
179285	0	0	1
179373	0	1	0
179376	0	0	1
179414	0	0	1
179436	0	0	1
179449	0	0	1
179586	0	0	1
179601	0	0	1
179719	0	0	1
179874	0	1	0
179928	0	0	1
180207	1	0	0
180255	0	0	1
180359	0	0	1
180374	0	0	1
180375	0	0	1
180376	0	0	1
180388	0	0	1
180389	0	0	1
180396	0	0	1
180405	0	0	1
180406	0	0	1
180408	0	0	1
180409	0	0	1
180421	0	0	1
180439	0	0	1
180458	0	0	1
180500	0	0	1
181180	0	1	0
181239	0	1	0
181438	0	1	0
181910	0	1	0
183075	1	0	0
183364	0	0	1
183562	0	0	1
183596	0	0	1
183600	0	0	1
183602	0	0	1
183780	0	0	1
183878	0	1	0
183985	1	0	0
184358	0	0	1
184496	0	0	1
184582	0	0	1
184612	0	0	1
184681	1	0	0
184685	1	0	0
184711	1	0	0
184773	0	0	1
185282	0	0	1
185458	1	0	0
185478	0	0	1
185485	0	0	1
185711	0	0	1
185772	0	0	1
186102	0	1	0
186158	0	0	1
186501	0	0	1
186580	0	0	1
186614	0	1	0
186677	0	1	0
186760	0	0	1
186769	1	0	0
186852	0	0	1
186863	0	0	1
186935	0	1	0
186990	0	1	0
187151	0	0	1
187242	0	0	1
187308	1	0	0
187310	0	0	1
187387	1	0	0
187459	0	0	1
187474	0	0	1
187475	0	0	1
187478	0	0	1
187557	0	0	1
187583	0	0	1
187606	0	0	1
187613	0	0	1
187619	0	0	1
187805	1	0	0
187878	0	0	1
187957	0	0	1
187982	0	0	1
188349	0	0	1
188597	0	0	1
188743	0	0	1
188799	0	1	0
188821	0	0	1
189820	0	0	1
189848	0	0	1
189894	0	0	1
189901	0	0	1
189986	0	0	1
190354	0	0	1
190586	0	0	1
190600	1	0	0
190900	0	0	1
190940	0	0	1
190957	0	0	1
191061	0	0	1
191144	1	0	0
191349	0	0	1
191454	0	0	1
191485	1	0	0
191665	1	0	0
191832	0	0	1
191854	1	0	0
191912	1	0	0
192037	0	0	1
192083	1	0	0
192302	1	0	0
192340	1	0	0
192460	0	0	1
193482	0	0	1
194359	0	0	1
194465	1	0	0
195154	0	1	0
195272	0	1	0
195942	1	0	0
195982	1	0	0
196609	0	0	1
196626	0	1	0
196974	1	0	0
197734	0	0	1
198171	0	0	1
198547	0	0	1
198589	1	0	0
198626	0	0	1
198670	1	0	0
198797	0	1	0
198806	0	1	0
199119	0	1	0
199780	0	1	0
199823	1	0	0
199851	1	0	0
199857	1	0	0
200408	1	0	0
200530	1	0	0
200580	0	0	1
200688	0	0	1
201553	0	0	1
202471	0	0	1
202485	0	0	1
203064	0	0	1
203815	0	0	1
204167	0	0	1
204931	0	0	1
204983	0	1	0
204987	0	1	0
205204	0	1	0
205924	1	0	0
206270	0	0	1
206500	0	1	0
207196	0	1	0
207763	0	0	1
207984	0	1	0
208096	0	0	1
208273	0	1	0
208322	0	0	1
209680	0	0	1
209832	1	0	0
209953	0	0	1
209974	1	0	0
210145	0	1	0
210202	0	0	1
211794	0	0	1
212411	0	0	1
212825	0	0	1
212932	0	0	1
212962	0	0	1
213103	0	0	1
213160	0	0	1
213190	0	0	1
213192	0	0	1
213237	0	0	1
213248	0	0	1
213301	0	1	0
213344	0	0	1
213345	0	0	1
213363	0	0	1
213379	0	0	1
213516	0	0	1
213530	0	0	1
213532	0	0	1
213665	0	0	1
213698	0	0	1
213728	0	0	1
213739	0	1	0
213764	0	0	1
213799	0	0	1
213841	0	0	1
214141	1	0	0
214176	0	0	1
214423	0	0	1
214442	0	0	1
214480	0	0	1
214563	0	0	1
214569	0	0	1
214610	0	0	1
214612	0	0	1
214675	1	0	0
214772	0	0	2
214833	0	0	1
214836	0	0	2
214838	0	0	1
214841	0	0	1
214848	0	0	1
214850	0	0	1
214853	0	0	2
214866	0	0	1
214867	0	0	1
214876	0	0	1
214891	0	0	1
214898	0	0	1
214953	1	0	0
215140	1	0	0
215165	0	0	1
215223	0	0	1
215264	0	0	1
215294	0	0	1
215312	0	0	1
215422	0	0	1
215500	0	0	1
215526	0	0	1
215545	0	0	1
215599	0	0	1
215681	0	0	1
215683	0	0	1
215685	0	0	1
215699	0	0	1
215707	0	0	1
215720	0	0	1
215742	0	0	1
215744	0	0	1
215752	0	0	1
215757	0	0	2
215792	0	0	1
215801	0	0	1
215837	0	0	1
215838	0	0	1
215891	0	0	1
215893	0	0	1
215977	0	0	1
215992	0	0	1
216000	0	0	1
216001	0	0	1
216023	0	0	1
216073	0	0	1
216088	0	0	1
216111	0	0	1
216136	0	1	0
216143	0	0	1
216146	0	1	0
216168	0	0	1
216182	0	0	1
216211	0	1	0
216243	0	1	0
216405	0	0	1
216449	1	0	0
216548	0	1	0
216556	0	0	1
216712	0	0	1
216901	0	0	1
216957	0	0	1
217058	0	0	1
217135	0	0	1
217192	0	0	1
217527	0	0	1
217528	0	0	1
217599	0	0	1
217642	0	0	1
217652	0	0	1
217662	0	0	1
217674	0	0	1
217716	0	0	1
217934	0	0	1
218061	0	1	0
218097	0	1	0
218327	0	0	1
218352	0	0	1
218357	0	0	1
218537	0	0	1
218722	0	0	1
218851	0	0	1
219041	0	0	1
219358	0	0	1
219466	0	0	1
219635	0	0	1
219783	0	0	1
219918	0	0	1
219998	0	0	1
220388	0	0	1
220448	0	0	1
220562	0	0	1
220564	1	0	0
220625	0	0	1
220639	0	0	1
220698	0	0	1
220715	0	0	1
220726	0	0	1
220747	0	1	0
220793	0	0	1
220864	0	0	1
220869	0	0	1
220877	0	1	0
220941	0	0	1
221042	0	0	1
221043	0	0	1
221044	0	0	1
221055	0	0	1
221173	1	0	0
221185	0	0	1
221583	0	0	1
221621	0	0	1
221680	0	0	1
221756	0	0	1
221837	1	0	0
221850	1	0	0
221927	0	0	1
221928	0	0	1
221934	0	0	1
221937	0	0	1
221956	0	0	1
222056	0	0	1
222085	0	0	1
222149	0	0	1
222179	0	0	1
222199	0	0	1
222427	0	0	1
222701	0	0	1
222714	0	0	1
222746	0	0	1
222750	0	0	1
222766	0	0	1
222784	0	0	1
222785	0	0	1
222806	0	0	1
222823	0	0	1
222835	0	0	1
222841	0	0	1
222926	0	0	1
222952	0	0	1
222959	0	1	0
223032	0	0	1
223085	0	0	1
223273	0	0	1
223304	0	0	1
223397	0	0	1
223483	0	0	1
223546	1	0	0
223715	0	0	1
223738	0	1	0
223771	0	0	1
223774	0	0	1
223834	0	0	1
223838	0	0	1
223882	0	0	1
224111	1	0	0
224129	1	0	0
224130	1	0	0
224143	1	0	0
224148	2	0	0
224150	2	0	0
224156	1	0	0
224159	1	0	0
224160	1	0	0
224161	1	0	0
224162	2	0	0
224164	2	0	0
224168	1	0	0
224169	1	0	0
224179	2	0	0
224180	1	0	0
224199	1	0	0
224220	0	0	1
224474	0	0	1
224905	1	0	0
225300	0	0	1
225372	0	0	1
225393	0	0	1
225434	0	1	0
225476	1	0	0
225604	1	0	0
225606	1	0	0
225937	0	1	0
225974	0	0	1
226209	0	0	1
226364	1	0	0
226540	0	0	1
226719	1	0	0
226755	0	0	1
226760	0	0	1
226774	0	0	1
226799	0	0	1
226902	0	1	0
226911	0	0	1
226937	0	0	1
227209	1	0	0
227754	1	0	0
227766	1	0	0
228538	0	0	1
229150	1	0	0
229312	0	1	0
229774	0	1	0
229924	1	0	0
229976	0	0	1
230070	0	1	0
230472	0	0	1
230563	0	0	1
230717	0	0	1
230742	0	0	1
231005	0	0	1
231077	0	0	1
231296	1	0	0
231320	0	0	1
232107	0	0	1
232184	0	1	0
232585	0	1	0
232602	0	1	0
232642	0	1	0
232705	0	0	1
232734	0	0	1
232964	1	0	0
233267	0	0	1
233277	0	1	0
236072	1	0	0
236408	1	0	0
236681	0	0	1
236846	1	0	0
238074	0	0	1
238874	0	0	1
239481	0	0	1
239624	0	0	1
239760	0	1	0
239789	0	0	1
240330	0	0	1
240527	0	0	1
240723	0	0	1
240754	0	0	1
240813	1	0	0
240883	0	0	2
241060	0	0	1
242836	1	0	0
243296	0	0	1
243520	0	0	1
243639	0	0	1
243643	0	0	1
243767	0	0	1
243897	0	0	1
244090	0	0	1
244105	0	0	1
244167	0	0	1
244185	0	0	1
244256	0	0	1
244468	1	0	0
244645	0	0	1
244844	0	0	1
245031	0	0	1
245094	0	0	1
245122	0	0	1
245543	0	0	1
245847	0	0	1
246123	0	1	0
246239	0	0	1
246271	0	0	1
246364	0	0	1
246377	0	0	1
246407	0	0	1
246462	0	0	2
246533	0	0	1
246672	0	0	1
247355	1	0	0
247368	0	0	1
247843	0	0	1
247852	0	0	1
247878	0	0	1
248114	0	0	1
249576	0	0	1
249989	0	1	0
250026	0	0	1
250518	0	0	1
251158	1	0	0
251166	0	1	0
251424	0	1	0
252013	0	0	1
252198	0	1	0
252430	1	0	0
252843	1	0	0
252906	0	0	1
253347	1	0	0
253579	0	1	0
253717	0	0	1
253740	1	0	0
253964	0	0	1
254015	0	0	1
254288	0	0	1
254349	0	0	1
254381	0	0	1
254405	0	1	0
254479	0	0	1
254594	1	0	0
254985	0	0	1
255267	0	1	0
255281	0	0	1
255362	0	1	0
255411	0	0	1
255449	0	0	1
255699	0	0	1
256029	0	1	0
256146	1	0	0
256437	0	1	0
256468	0	0	1
256556	1	0	0
256755	0	1	0
256798	0	1	0
256972	1	0	0
257305	0	1	0
257525	0	0	1
257585	0	1	0
257762	1	0	0
258390	1	0	0
258478	0	1	0
258634	0	1	0
258864	0	1	0
258959	1	0	0
259120	1	0	0
259268	0	1	0
259418	0	1	0
259739	0	1	0
259879	1	0	0
259883	0	0	1
260032	1	0	0
260241	0	1	0
260259	0	1	0
260384	0	1	0
260559	0	1	0
260616	0	1	0
260725	0	1	0
260756	0	0	1
261004	0	0	1
261030	1	0	0
261065	1	0	0
261124	1	0	0
261192	1	0	0
261242	1	0	0
261427	0	0	1
261501	1	0	0
261506	1	0	0
261571	1	0	0
261619	1	0	0
261671	1	0	0
261714	0	0	1
261846	0	0	1
262048	0	0	2
262100	0	1	0
262123	0	1	0
262210	1	0	0
262404	1	0	0
262414	1	0	0
262617	0	0	1
262678	0	0	1
262819	0	1	0
262912	1	0	0
263542	0	0	1
263976	1	0	0
264466	0	0	1
264499	0	1	0
264566	0	0	1
264731	0	0	1
264919	0	0	1
265029	0	0	1
265718	0	0	1
265910	1	0	0
266195	0	0	1
266579	0	0	1
266723	0	1	0
266780	0	0	1
266977	0	0	1
267265	0	0	1
267417	0	0	1
267429	0	0	1
267651	0	0	1
267863	0	0	1
267870	0	0	1
268144	0	0	1
268243	0	0	1
268437	0	0	1
269096	1	0	0
269136	0	0	1
269205	0	0	1
269378	1	0	0
269488	0	0	1
269666	0	0	1
269747	0	0	1
270631	0	1	0
270666	1	0	0
270808	0	0	1
270859	0	0	1
271104	1	0	0
271251	0	0	1
271302	0	0	1
272161	0	0	1
272444	1	0	0
272451	0	0	1
273237	0	0	1
273240	1	0	0
273318	0	1	0
273359	0	1	0
273399	1	0	0
273989	0	0	1
274596	1	0	0
274926	0	1	0
275495	0	0	1
275842	0	0	1
276522	1	0	0
276672	0	0	1
276718	0	0	1
276814	0	0	1
276925	0	0	1
276969	0	0	1
277029	0	0	1
277130	0	0	1
277310	0	0	1
277445	0	0	1
277486	0	1	0
277587	0	0	1
277610	0	0	1
277689	1	0	0
278060	0	0	1
278418	0	0	1
278479	0	1	0
278489	0	0	1
278610	0	0	1
278859	0	0	1
279040	0	0	1
279116	1	0	0
279333	0	0	1
279395	0	0	1
279687	0	0	1
279897	1	0	0
280336	0	1	0
280391	0	0	1
280536	0	1	0
280540	1	0	0
280647	0	1	0
280741	1	0	0
281018	0	1	0
281084	0	0	1
281110	1	0	0
281287	0	0	1
281419	0	0	1
281451	0	0	1
281500	0	0	1
281535	0	0	1
281752	0	0	1
281788	0	0	1
282533	0	1	0
282858	0	0	1
282876	0	0	1
282898	0	0	1
283070	0	1	0
283073	0	0	1
283133	0	0	1
283379	0	0	1
283792	0	0	1
284356	0	0	1
284385	0	0	1
284636	1	0	0
284865	0	0	2
285060	0	0	1
285095	0	0	1
285115	0	0	1
285261	0	0	1
285276	0	0	1
285492	0	0	1
285514	0	0	1
286052	0	0	1
286735	0	0	1
286832	0	0	1
287169	0	0	1
287932	0	0	1
288074	0	0	1
288635	1	0	0
289566	1	0	0
289822	0	0	1
290120	0	1	0
290126	0	1	0
290644	1	0	0
290655	1	0	0
290987	1	0	0
291003	1	0	0
291058	1	0	0
291140	1	0	0
291222	1	0	0
291252	0	1	0
291415	1	0	0
291507	1	0	0
293060	0	0	1
293282	0	0	1
293474	0	0	1
294733	1	0	0
294867	1	0	0
294952	0	0	1
295423	0	1	0
295529	1	0	0
295549	1	0	0
295655	1	0	0
295763	1	0	0
295768	0	1	0
296132	0	0	1
296679	0	1	0
296692	0	1	0
296922	0	0	1
297095	0	1	0
297143	1	0	0
297287	1	0	0
297453	1	0	0
297579	1	0	0
297639	0	1	0
297818	1	0	0
297863	0	1	0
298298	1	0	0
298310	0	0	1
298666	0	1	0
298938	0	1	0
299726	0	1	0
299902	0	1	0
300037	0	1	0
300263	1	0	0
300601	0	1	0
301349	0	1	0
301366	0	0	1
301388	0	0	1
301412	0	1	0
301858	0	0	1
302919	0	0	1
302998	0	0	1
303424	1	0	0
303495	0	0	1
303562	0	0	1
303566	0	0	2
303580	0	0	1
304083	0	0	1
304305	0	0	1
305971	0	1	0
306245	0	0	1
306292	0	0	1
306357	0	0	1
306883	0	0	1
307712	0	1	0
307782	0	0	1
307902	0	0	1
308060	0	0	1
308170	0	1	0
309248	0	0	1
309726	0	0	1
310010	1	0	0
310029	0	1	0
310077	0	0	1
310447	0	1	0
310548	0	0	1
310562	0	0	1
310679	0	1	0
311011	0	1	0
311297	1	0	0
311786	0	1	0
311794	0	0	1
312378	0	0	1
313025	0	0	1
313646	0	1	0
313822	0	0	1
315064	1	0	0
315456	1	0	0
316310	0	0	1
317487	1	0	0
317547	0	0	1
318729	0	0	1
320264	0	0	1
320407	1	0	0
320921	0	0	1
321376	0	0	1
321734	0	1	0
321892	0	1	0
321989	0	0	1
323426	0	0	1
323453	0	0	1
323613	0	0	1
323898	0	1	0
323900	0	1	0
324080	0	0	1
324107	0	0	1
324120	1	0	0
324241	0	0	1
324255	0	0	1
324402	0	0	1
324427	0	0	1
324539	0	0	1
324593	1	0	0
324596	0	0	1
324613	1	0	0
324619	0	0	1
324645	0	0	1
324914	0	0	1
325168	0	0	1
325184	0	0	1
325395	0	0	1
325456	0	0	1
325545	0	0	1
325582	0	0	1
325591	0	0	1
325677	0	0	1
325773	0	0	1
325774	0	0	1
325839	0	1	0
325863	0	0	1
326009	0	0	1
326031	0	0	1
326034	0	0	1
326055	0	1	0
326094	0	0	1
326111	0	0	1
326507	0	0	1
326753	0	0	1
326817	0	0	1
327271	0	0	1
327331	0	0	1
327395	0	0	1
327637	0	1	0
327672	0	0	1
327712	0	1	0
327827	0	1	0
327977	1	0	0
328153	0	0	1
328494	0	0	1
328648	0	0	1
328983	0	1	0
329094	0	0	1
329103	0	0	1
329169	0	1	0
329256	0	0	1
329279	0	0	1
329317	0	0	1
329511	0	0	1
329610	0	0	1
329664	0	0	1
329697	0	0	1
329716	0	0	1
329738	0	0	1
329800	1	0	0
329897	0	0	1
329898	0	0	1
330015	0	0	1
330095	0	0	1
330269	0	0	1
330282	0	0	1
330678	0	0	1
330753	0	0	1
331266	0	0	1
331344	0	0	1
331547	0	0	1
331630	0	0	1
332285	0	0	1
332396	0	0	1
332400	0	0	1
332488	1	0	0
332618	0	0	1
332672	0	0	1
332792	0	0	1
332812	0	0	1
332946	0	0	1
333180	0	0	1
333220	0	0	1
333228	0	0	1
333267	0	0	1
333309	0	0	1
333897	0	0	1
333910	0	1	0
334188	0	1	0
334233	0	1	0
334285	0	1	0
334299	0	1	0
334328	0	1	0
334339	0	0	1
334662	0	0	1
335407	1	0	0
335887	1	0	0
336392	1	0	0
336585	0	0	1
337074	0	0	1
337262	0	1	0
337474	1	0	0
337551	0	0	1
338266	0	0	1
338345	0	0	1
339241	0	0	1
340117	0	1	0
340519	0	1	0
340673	0	1	0
340934	0	0	1
341244	1	0	0
341380	0	0	1
341389	0	0	1
341453	0	1	0
341807	1	0	0
341928	1	0	0
342016	1	0	0
342188	0	0	1
342821	1	0	0
342870	0	1	0
343026	0	0	1
343522	0	0	1
344018	0	0	1
344318	1	0	0
344428	0	0	1
344629	0	0	1
344757	0	0	1
345225	0	0	1
345381	1	0	0
345560	0	0	1
345857	0	1	0
346127	0	0	1
346970	0	0	1
347213	0	0	1
347401	0	1	0
347423	0	1	0
347466	0	1	0
347933	0	0	1
349344	0	0	1
349381	0	1	0
349442	0	1	0
349494	0	1	0
350032	1	0	0
350203	1	0	0
350693	0	0	1
350733	0	0	1
351274	1	0	0
351392	1	0	0
351563	1	0	0
351786	0	0	1
352633	0	0	1
353305	1	0	0
353576	0	0	1
353890	0	0	1
354329	1	0	0
354343	0	0	1
354572	0	1	0
354588	0	0	1
354615	0	1	0
354749	1	0	0
354780	1	0	0
355306	0	1	0
355623	0	1	0
355762	0	0	1
355784	0	0	1
355787	0	1	0
355970	0	0	1
356289	0	1	0
356573	0	0	1
357017	0	0	1
357045	0	1	0
357071	0	0	1
357078	0	1	0
357081	0	0	1
357135	0	1	0
357136	0	1	0
357145	0	0	1
357154	0	2	0
357466	0	0	1
357497	0	1	0
357598	0	0	1
358280	0	1	0
358474	0	0	1
359021	0	0	1
359048	0	0	1
359173	0	1	0
359479	1	0	0
359618	0	0	1
360155	0	0	1
360561	1	0	0
360776	0	0	1
360940	1	0	0
360990	0	0	1
361111	0	1	0
361347	0	1	0
361738	0	0	1
361830	0	1	0
361851	0	1	0
362467	0	1	0
362618	1	0	0
362644	0	1	0
362912	0	0	1
363152	0	0	1
363155	0	0	1
363778	0	0	1
363824	0	1	0
364134	0	1	0
364436	0	1	0
364563	0	0	1
364698	0	0	1
364796	1	0	0
364929	0	1	0
365596	0	0	1
367643	1	0	0
368202	1	0	0
368489	0	0	1
368492	0	0	1
368746	0	1	0
368970	0	0	1
370509	1	0	0
370589	0	0	1
370878	1	0	0
370988	0	1	0
371503	1	0	0
372074	1	0	0
372206	0	0	1
372321	0	1	0
372515	0	0	1
373194	0	0	1
373231	0	0	1
373698	0	0	1
374368	0	1	0
374461	0	0	1
374462	0	0	1
374791	0	0	1
374854	0	0	1
374994	0	0	1
375008	0	0	1
375010	0	0	1
375297	0	0	1
375599	0	2	0
375748	0	0	1
375754	0	0	1
376045	0	0	1
376280	0	0	1
376377	0	0	1
376681	0	0	1
376841	0	0	1
377379	0	0	1
377504	0	0	1
377668	0	0	1
377772	0	0	1
378678	0	0	1
378855	0	0	1
380421	0	0	1
380464	0	0	1
380620	0	1	0
380736	0	1	0
380892	0	0	1
380953	0	0	1
381500	1	0	0
381544	1	0	0
381553	0	0	1
384724	0	0	1
385567	0	0	1
385578	0	0	1
385945	0	1	0
386196	0	1	0
386237	1	0	0
386280	1	0	0
387216	0	0	1
387690	0	0	1
388126	1	0	0
388580	0	0	1
389189	0	1	0
389224	1	0	0
389519	0	0	1
389731	1	0	0
390103	0	0	1
390151	0	0	1
390961	0	0	1
391492	0	0	1
391874	0	0	1
392185	0	0	1
394402	1	0	0
394726	1	0	0
395448	0	0	1
396044	0	0	1
396713	1	0	0
397183	0	0	1
397885	0	0	1
398022	1	0	0
398036	0	0	1
398163	0	0	1
398487	0	0	1
398728	0	0	1
399193	0	0	1
400158	1	0	0
400160	0	0	1
400471	0	0	1
400876	0	0	1
400888	0	0	1
402099	0	1	0
402104	1	0	0
402275	0	1	0
402364	0	1	0
403215	0	1	0
403356	0	0	1
403435	0	0	1
403533	0	0	1
403899	0	1	0
404241	0	0	1
404656	1	0	0
405082	0	1	0
405238	1	0	0
405919	0	0	1
406391	1	0	0
407167	1	0	0
408128	1	0	0
410157	1	0	0
410411	0	1	0
410634	0	0	1
411121	0	1	0
411591	0	1	0
411881	0	0	1
412922	0	0	1
413259	0	0	1
414221	0	1	0
414580	0	0	1
416405	0	0	1
417263	1	0	0
417311	0	1	0
417424	0	0	1
417658	0	0	1
418376	0	0	1
418632	1	0	0
419990	0	0	1
420149	0	0	1
420473	0	0	1
420526	0	0	1
420594	0	0	1
420719	0	0	1
420860	0	0	1
420957	0	0	1
421166	0	0	1
421991	1	0	0
422093	0	0	1
422103	0	0	1
422136	0	0	1
422236	1	0	0
422476	0	0	1
422724	0	0	1
423181	1	0	0
423542	0	1	0
424346	0	0	1
424350	0	0	1
424435	1	0	0
424855	0	0	1
424874	0	0	1
424942	0	1	0
425372	0	1	0
425560	1	0	0
425644	0	0	1
427504	0	0	1
429881	1	0	0
431880	0	0	1
432018	0	0	1
432036	0	0	1
432086	0	0	1
432133	0	0	1
432153	0	0	1
432165	0	0	1
432313	0	1	0
432389	0	0	1
432412	0	0	1
432417	0	0	1
432461	0	0	1
432797	0	0	1
432850	0	0	1
432855	0	0	1
433365	0	0	1
433410	0	0	1
433656	0	0	1
433840	1	0	0
433846	0	0	1
433865	0	0	1
434055	0	0	1
434098	0	0	1
434710	0	1	0
434798	0	0	1
434970	0	0	1
435395	0	0	1
435487	0	0	1
436029	0	1	0
436723	0	0	1
437181	0	1	0
437445	0	0	1
437751	1	0	0
438127	0	0	1
438201	1	0	0
438864	0	0	1
438997	0	1	0
441225	0	1	0
441550	0	0	1
442104	1	0	0
442153	1	0	0
442451	0	0	1
442919	1	0	0
443543	0	0	1
444126	0	0	1
444855	0	0	1
444967	1	0	0
445211	0	0	1
445466	0	0	1
445479	0	0	1
445862	0	0	1
445962	0	1	0
446308	0	0	1
446486	0	0	1
446920	0	0	1
447319	0	0	1
447402	0	1	0
447542	0	0	1
447549	0	0	1
447585	0	0	1
447682	0	0	1
447686	0	0	1
448024	0	0	1
448776	0	1	0
448788	0	0	1
449091	0	0	1
449429	0	0	1
450194	0	0	1
450386	0	0	1
450765	0	0	1
450804	0	0	1
450815	0	0	2
450848	0	0	1
450973	0	0	1
451088	0	0	1
451120	0	0	1
451170	0	0	1
451197	0	0	1
451208	0	0	1
451231	0	0	1
451281	0	0	1
451314	0	0	1
451324	0	0	1
451325	0	0	1
451326	0	0	1
451333	0	0	1
451426	0	0	1
451463	0	0	1
451478	0	0	1
451559	0	0	1
451572	0	0	1
451616	0	0	1
451766	0	0	1
451906	0	0	1
451947	0	0	1
452021	0	0	1
452028	0	0	1
452037	0	0	1
452039	0	0	1
452184	1	0	0
453572	0	0	1
453619	0	0	1
453817	0	0	1
453852	1	0	0
454079	1	0	0
454221	0	0	1
454585	0	0	1
454599	0	0	1
454619	0	0	1
454621	0	0	1
454632	0	0	1
454633	0	0	1
454701	0	0	1
454708	0	0	1
454746	0	0	1
454757	1	0	0
455607	0	0	1
456405	1	0	0
457308	0	0	1
457762	0	0	1
457999	0	0	1
458548	0	0	1
459309	1	0	0
459867	1	0	0
460635	0	0	1
462646	0	1	0
463652	1	0	0
463663	1	0	0
464163	1	0	0
464235	0	0	1
464758	0	1	0
465282	0	0	1
466422	0	0	1
466559	1	0	0
466679	1	0	0
467755	0	0	1
468004	0	0	1
468534	0	0	1
468788	0	0	1
468985	0	0	1
469959	0	1	0
470301	0	0	1
471065	0	0	1
471144	0	0	1
471151	0	0	1
471195	0	0	1
472161	0	0	1
472267	0	0	1
472415	0	0	1
472520	0	0	1
472872	0	0	1
472999	0	0	1
473271	1	0	0
473568	1	0	0
473605	1	0	0
473693	1	0	0
473773	1	0	0
473900	1	0	0
473960	0	1	0
474138	0	0	1
475445	0	0	1
476101	1	0	0
476298	0	1	0
476351	0	1	0
476425	0	1	0
476437	0	1	0
476565	0	1	0
476570	0	1	0
476595	0	1	0
476848	0	1	0
476879	0	1	0
477137	1	0	0
477246	1	0	0
477272	1	0	0
477286	0	0	1
477300	1	0	0
477343	1	0	0
477419	1	0	0
477434	1	0	0
477663	1	0	0
477697	1	0	0
477869	1	0	0
477946	1	0	0
477977	1	0	0
478080	0	0	1
478332	1	0	0
479464	1	0	0
479583	0	0	1
480004	0	1	0
482011	0	1	0
482072	0	1	0
482684	0	1	0
482998	1	0	0
483311	0	0	1
483848	0	0	1
484020	0	1	0
486775	0	0	1
487269	1	0	0
488002	0	1	0
488199	0	0	1
489073	0	1	0
489465	0	0	1
490246	1	0	0
491187	1	0	0
492029	0	0	1
492300	0	1	0
492439	0	1	0
495338	1	0	0
496263	1	0	0
497690	0	0	1
500080	1	0	0
501166	0	0	1
501213	0	0	1
502134	0	0	1
502870	0	1	0
503283	0	0	1
503514	0	0	1
503550	0	1	0
504169	0	1	0
506887	0	1	0
510194	1	0	0
511279	0	1	0
512333	0	0	1
512515	0	0	1
513464	0	0	1
514220	0	1	0
514634	0	1	0
514827	1	0	0
517138	0	1	0
518023	0	1	0
518130	0	1	0
518696	1	0	0
518757	0	0	1
519105	0	1	0
520003	0	1	0
520570	0	0	1
520578	0	1	0
520902	1	0	0
523892	0	1	0
524773	0	1	0
525440	1	0	0
525722	0	1	0
525940	1	0	0
526573	1	0	0
528714	0	0	1
529744	1	0	0
530112	0	0	1
531368	0	1	0
532300	0	0	1
533566	0	1	0
535747	0	0	1
537022	1	0	0
537207	0	0	1
537643	0	0	1
538466	0	0	1
540115	0	1	0
542274	0	0	1
545418	0	0	1
546128	0	0	1
546561	0	1	0
546850	0	1	0
547428	1	0	0
549049	0	1	0
549050	1	0	0
550779	0	1	0
551239	1	0	0
552827	0	0	1
552988	0	0	1
553025	1	0	0
554916	0	1	0
556316	0	0	1
556337	0	0	1
556343	0	0	1
556345	0	0	1
556379	0	0	1
556384	0	0	1
556393	0	0	1
556426	0	0	1
556442	0	0	1
556492	0	0	1
556493	0	0	1
556501	0	0	1
556508	0	0	1
556534	0	0	1
556543	0	0	1
556546	0	0	1
556583	0	0	1
556676	0	0	1
556703	0	0	1
557213	0	0	1
557264	0	0	1
557298	0	0	1
557370	0	0	1
557435	1	0	0
557555	0	0	1
557566	0	0	1
557626	0	0	1
557843	0	0	1
558111	0	0	1
558156	0	0	1
558264	0	0	1
558392	0	0	1
558698	0	0	1
558827	0	0	1
558878	0	1	0
559253	0	0	1
559418	1	0	0
559429	0	1	0
559629	0	0	1
559702	0	1	0
560056	0	1	0
560310	0	0	1
560401	0	0	1
560427	1	0	0
560669	0	0	1
560704	0	0	1
561150	0	0	1
561295	0	1	0
561379	0	0	1
561613	0	0	1
561747	0	1	0
561993	0	1	0
562487	0	0	1
562870	0	0	1
562877	0	0	1
563174	0	0	1
563282	0	0	1
563902	0	0	1
563905	0	0	1
563906	0	0	1
564037	0	0	1
564497	0	0	1
564507	0	0	1
564523	0	0	1
564854	0	0	1
564933	0	0	1
564939	0	0	1
565012	0	0	1
565074	0	0	1
565111	0	0	1
565263	0	0	1
565609	0	0	1
565667	0	0	1
565819	0	0	1
565829	0	0	1
566177	0	0	1
566535	1	0	0
567204	0	1	0
567642	0	0	1
569777	0	0	1
571358	0	0	1
572003	0	0	1
573370	0	0	1
574966	0	0	1
575334	0	1	0
575433	0	0	1
575693	1	0	0
575830	0	0	1
576109	0	1	0
579063	0	1	0
579179	0	0	1
579710	0	0	1
579968	0	0	1
581123	1	0	0
581654	0	1	0
582436	0	0	1
583047	0	0	1
583546	0	0	1
585613	1	0	0
586128	1	0	0
586366	0	0	1
586380	0	0	1
586397	0	0	1
586399	0	0	1
586412	0	0	1
586429	0	0	2
586439	0	0	1
586475	0	0	1
586478	0	0	1
586487	0	0	1
586496	0	0	1
586503	0	0	1
586516	0	0	1
586523	0	0	1
586530	0	0	1
586533	0	0	1
586600	0	0	1
586617	0	0	1
586992	0	0	1
587045	0	0	1
587333	1	0	0
587356	0	0	1
589286	1	0	0
590515	0	0	1
590555	0	0	1
590593	0	0	1
591037	1	0	0
591525	0	0	1
594624	0	1	0
597086	0	0	1
597450	0	1	0
598575	0	1	0
600558	0	1	0
600998	0	0	1
602357	1	0	0
603061	0	1	0
603927	0	1	0
604031	0	0	1
604794	1	0	0
604974	0	0	1
605232	1	0	0
605480	0	1	0
605775	0	1	0
607283	1	0	0
607815	1	0	0
607931	1	0	0
608565	0	1	0
609186	1	0	0
610155	0	0	1
619183	0	0	1
624469	0	0	1
627866	0	1	0
628244	0	1	0
628754	0	1	0
629068	0	0	1
631327	0	1	0
632614	0	0	1
632709	0	0	1
634608	0	1	0
635365	0	1	0
635471	0	0	1
636166	0	0	1
637802	0	0	1
637882	0	0	1
638035	0	1	0
641347	0	0	1
643786	1	0	0
644780	1	0	0
644903	0	0	1
646271	0	1	0
646424	0	0	1
648233	0	1	0
653578	0	1	0
656967	0	1	0
659331	0	1	0
660031	1	0	0
662234	0	1	1
662458	0	0	1
662753	0	1	0
663698	0	1	0
664056	0	0	1
664527	0	1	0
670252	0	0	1
670431	0	1	0
670575	0	0	1
672885	0	0	1
673650	0	0	1
674475	0	1	0
677339	1	0	0
677493	0	1	0
682639	0	1	0
683669	1	0	0
689110	0	1	0
690447	0	0	1
691140	0	1	0
691192	1	0	0
691884	1	0	0
692948	0	0	1
693804	0	0	1
696108	0	1	0
696683	0	0	1
696774	0	0	1
696871	0	0	1
697427	0	0	1
697459	0	0	1
700254	0	1	0
700651	0	1	0
703388	0	1	0
705016	0	1	0
706612	0	1	0
710813	0	0	1
715147	1	0	0
715898	1	0	0
717060	1	0	0
723692	0	0	1
724293	1	0	0
729431	1	0	0
729773	0	1	0
730501	0	0	1
730597	0	0	1
730663	0	0	1
731885	0	0	1
733579	0	1	0
734508	1	0	0
734793	0	0	1
740051	0	0	1
743643	0	0	1
744028	0	0	1
744048	0	0	1
744188	0	0	1
744556	0	0	1
744655	0	0	1
744800	0	0	1
745085	0	1	0
746312	1	0	0
747354	0	1	0
747742	0	0	1
747858	0	0	1
748010	0	0	1
748076	1	0	0
749629	0	0	1
749632	0	0	1
749655	0	0	1
750089	0	0	1
750123	0	0	1
750127	0	0	1
750198	0	0	1
750435	0	0	1
750585	0	0	1
750932	0	0	1
751214	0	0	1
751442	0	0	1
751614	0	0	1
751642	0	0	1
751668	0	0	1
751720	1	0	0
751743	0	0	1
751849	0	0	1
751855	0	0	1
751885	1	0	0
751898	0	0	1
751951	0	0	1
751977	0	0	1
752271	0	0	1
752297	0	0	1
753002	0	0	1
753012	0	0	1
753032	0	0	1
753211	0	0	1
753415	0	0	1
754670	0	1	0
757742	0	0	1
760882	0	1	0
760896	1	0	0
760911	1	0	0
760939	1	0	0
760956	1	0	0
760961	2	0	0
760979	1	0	0
761000	1	0	0
761002	1	0	0
761050	1	0	0
762456	1	0	0
764079	0	0	1
764526	0	0	1
765023	0	0	1
765174	0	1	0
765331	0	0	1
766883	0	1	0
767036	0	1	0
770756	1	0	0
772338	0	0	1
778963	1	0	0
779171	0	1	0
780888	0	0	1
784731	0	1	0
784915	0	0	1
786764	1	0	0
787173	0	1	0
787196	0	1	0
787204	0	1	0
787235	0	0	1
787244	0	1	0
787253	0	1	0
787256	0	1	0
787347	0	1	0
787395	0	1	0
787402	0	1	0
787449	0	2	0
787730	0	1	0
787733	0	1	0
787734	1	0	0
787745	0	0	1
787755	0	1	0
787759	0	1	0
787766	0	1	0
787776	0	1	0
787810	0	1	0
787814	0	1	0
787824	0	1	0
787857	0	0	1
787880	0	1	0
788011	0	1	0
788014	0	0	1
788024	1	0	0
788094	2	0	0
788101	1	0	0
788118	1	0	0
788211	1	0	0
788478	1	0	0
788486	2	0	0
788504	1	0	0
788508	1	0	0
788535	1	0	0
788601	1	0	0
788613	1	0	0
788630	1	0	0
788706	1	0	0
788755	1	0	0
788871	0	1	0
789636	0	0	1
790050	0	0	1
790109	0	0	1
790161	0	0	1
790413	0	0	1
790419	0	0	1
790544	0	0	1
790545	0	0	1
790576	0	0	1
790577	0	0	1
790738	0	0	1
790863	0	0	1
791321	1	0	0
791671	0	0	1
792420	0	0	1
793072	0	0	1
793307	0	0	1
793473	0	0	1
795054	0	0	1
795588	0	0	1
795820	0	0	1
795987	0	0	1
796016	0	0	1
796059	0	0	1
796064	0	0	1
796074	0	0	1
796104	0	0	1
796421	0	0	2
797022	0	0	1
797271	0	0	1
797684	0	0	1
797720	0	0	1
798086	0	0	1
798101	0	0	1
798125	0	0	1
798157	0	0	1
798276	0	0	1
798293	0	0	1
798357	0	0	1
798434	0	0	1
798450	0	0	1
798715	0	0	1
798751	0	0	1
799265	0	0	1
799684	0	0	1
802420	1	0	0
802769	0	0	1
804999	0	0	1
805786	0	0	1
807758	1	0	0
809447	1	0	0
809483	1	0	0
809897	1	0	0
810159	0	0	1
811660	0	0	1
816691	0	0	1
817100	0	1	0
817308	0	0	1
818632	1	0	0
819590	0	0	1
820525	1	0	0
821362	0	1	0
832069	0	0	1
833603	0	0	1
834296	0	0	1
835808	1	0	0
840915	0	1	0
841014	0	0	1
847068	0	0	1
849457	0	0	1
852518	0	0	1
854777	1	0	0
855634	0	1	0
857259	1	0	0
858915	0	0	1
860306	0	0	1
862643	0	0	1
868093	1	0	0
873137	1	0	0
876783	0	0	1
881718	0	0	1
881755	0	1	0
882239	0	0	1
886536	0	1	0
890016	0	0	1
892315	1	0	0
895155	0	1	0
899575	0	0	1
903658	1	0	0
909230	0	0	1
917755	0	0	1
937602	0	0	1
941920	0	0	1
942318	0	0	1
944267	0	0	1
946574	0	0	1
948002	0	1	0
961860	1	0	0
963633	1	0	0
966259	0	0	1
971412	0	0	1
979789	0	0	1
983438	0	1	0
988119	0	0	1
990946	1	0	0
993908	0	0	1
1000998	1	0	0
1014363	0	0	1
1015237	1	0	0
1019371	1	0	0
1019808	0	0	1
1034259	1	0	0
1034262	1	0	0
1034560	0	0	1
1038230	1	0	0
1050967	0	0	1
1062130	0	0	1
1063345	0	0	1
1065018	0	1	0
1065038	0	0	1
1067759	0	0	1
1067761	0	0	2
1067832	0	0	1
1069871	0	1	0
1070799	0	0	1
1071790	0	0	1
1076485	0	0	1
1078947	0	0	1
1089755	0	0	1
1111611	0	0	1
1118838	1	0	0
1140545	0	0	1
1185012	1	0	0
1188250	0	0	1
1228784	1	0	0
1250371	0	0	1
1257107	0	1	0
1274780	0	1	0
1311965	0	0	1
1325303	1	0	0
1335472	0	1	0
1339745	0	0	1
1376575	1	0	0

