## htsjdk.samtools.metrics.StringHeader
# CollectInsertSizeMetrics --Histogram_FILE /u/home/s/samdemar/project-guillom/upf1_rrp6/7_INSERT_HISTOGRAMS/RRP6_1YP_1.fq.gz_hist.pdf --DEVIATIONS 1.0E7 --MINIMUM_PCT 0.0 --INPUT /u/home/s/samdemar/project-guillom/upf1_rrp6/4_REMOVE_PCR/RRP6_1YP_1.fq.gz.bam --OUTPUT /u/home/s/samdemar/project-guillom/upf1_rrp6/7_INSERT_HISTOGRAMS/RRP6_1YP_1.fq.gz_output.txt --METRIC_ACCUMULATION_LEVEL ALL_READS --INCLUDE_DUPLICATES false --ASSUME_SORTED true --STOP_AFTER 0 --VERBOSITY INFO --QUIET false --VALIDATION_STRINGENCY STRICT --COMPRESSION_LEVEL 5 --MAX_RECORDS_IN_RAM 500000 --CREATE_INDEX false --CREATE_MD5_FILE false --GA4GH_CLIENT_SECRETS client_secrets.json --help false --version false --showHidden false --USE_JDK_DEFLATER false --USE_JDK_INFLATER false
## htsjdk.samtools.metrics.StringHeader
# Started on: Mon Nov 15 17:25:07 PST 2021

## METRICS CLASS	picard.analysis.InsertSizeMetrics
MEDIAN_INSERT_SIZE	MODE_INSERT_SIZE	MEDIAN_ABSOLUTE_DEVIATION	MIN_INSERT_SIZE	MAX_INSERT_SIZE	MEAN_INSERT_SIZE	STANDARD_DEVIATION	READ_PAIRS	PAIR_ORIENTATION	WIDTH_OF_10_PERCENT	WIDTH_OF_20_PERCENT	WIDTH_OF_30_PERCENT	WIDTH_OF_40_PERCENT	WIDTH_OF_50_PERCENT	WIDTH_OF_60_PERCENT	WIDTH_OF_70_PERCENT	WIDTH_OF_80_PERCENT	WIDTH_OF_90_PERCENT	WIDTH_OF_95_PERCENT	WIDTH_OF_99_PERCENT	SAMPLE	LIBRARY	READ_GROUP
257	247	39	2	1448343	276.559205	2421.006278	17587823	FR	15	29	45	61	79	99	123	155	205	257	463			
188	55662	169	2	1357552	45578.635051	131336.358727	4017	RF	89	169	251	305	339	369	1139	110949	211149	602637	1518061			
193	120	83	2	1444424	83341.508287	185592.061903	6697	TANDEM	31	61	95	129	167	219	325	278637	649659	1023841	1595869			

## HISTOGRAM	java.lang.Integer
insert_size	All_Reads.fr_count	All_Reads.rf_count	All_Reads.tandem_count
2	22	19	3
3	21	20	0
4	26	17	1
5	20	18	1
6	23	22	0
7	31	26	0
8	34	18	0
9	29	19	0
10	30	23	0
11	29	21	1
12	30	28	1
13	25	30	1
14	25	30	2
15	20	23	1
16	24	17	1
17	31	37	1
18	44	30	0
19	266	28	0
20	65	19	1
21	64	25	1
22	770	26	1
23	61	18	2
24	59	24	1
25	90	23	4
26	109	30	3
27	72	31	4
28	250	24	2
29	68	22	4
30	396	23	2
31	64	15	5
32	312	22	3
33	109	18	7
34	75	17	5
35	334	26	6
36	79	18	12
37	55	17	4
38	85	24	10
39	88	12	8
40	78	14	6
41	104	12	9
42	398	18	7
43	159	17	9
44	110	12	5
45	131	13	10
46	152	13	10
47	141	9	7
48	153	11	6
49	177	11	10
50	132	11	5
51	1600	17	9
52	228	12	15
53	144	16	2
54	642	12	15
55	232	13	12
56	209	13	5
57	181	11	11
58	531	18	8
59	203	10	12
60	205	6	10
61	228	9	19
62	257	6	6
63	340	9	9
64	299	5	11
65	309	8	9
66	357	6	7
67	302	4	11
68	297	8	13
69	288	8	4
70	376	4	12
71	404	13	11
72	482	14	13
73	530	7	11
74	522	9	24
75	593	10	19
76	581	9	11
77	656	8	17
78	661	9	16
79	681	10	17
80	797	7	13
81	863	6	15
82	886	9	19
83	803	9	16
84	879	6	18
85	1092	8	11
86	1150	12	20
87	1185	10	13
88	1287	7	12
89	1308	4	27
90	1373	7	17
91	1512	9	14
92	1568	8	22
93	1599	9	21
94	1791	12	19
95	2473	11	21
96	1925	5	23
97	2064	5	25
98	2300	11	20
99	2340	7	23
100	2400	9	27
101	2579	6	24
102	2735	6	23
103	2840	6	16
104	2970	8	21
105	3224	12	15
106	3336	2	21
107	3750	12	22
108	3804	7	28
109	3948	4	34
110	4066	4	21
111	4318	5	27
112	4473	5	25
113	4798	7	25
114	4910	11	24
115	5139	10	26
116	5360	6	18
117	5568	7	37
118	5934	7	27
119	6186	6	25
120	6297	11	40
121	6688	5	29
122	7027	4	27
123	7186	5	28
124	7467	7	33
125	7544	6	21
126	8030	5	28
127	8374	7	33
128	8829	5	26
129	9152	10	33
130	9522	4	28
131	9802	6	23
132	10289	5	34
133	10560	8	28
134	10846	9	30
135	11074	11	29
136	11730	8	29
137	12221	10	31
138	12700	11	24
139	13321	7	34
140	13824	9	16
141	14235	13	18
142	14928	7	33
143	15324	11	27
144	15658	8	30
145	16260	5	33
146	16981	2	27
147	17654	5	31
148	18033	7	23
149	18833	7	25
150	19217	10	28
151	19975	7	28
152	20696	9	30
153	21236	6	23
154	21936	10	21
155	22641	5	29
156	23384	4	27
157	24473	8	27
158	25020	5	23
159	25553	9	19
160	26951	4	33
161	27741	4	30
162	28167	5	31
163	29085	4	21
164	30072	4	36
165	30905	3	26
166	32028	4	30
167	32976	6	30
168	33578	4	25
169	34316	5	21
170	35871	5	35
171	36561	4	30
172	37939	1	19
173	39027	5	21
174	40198	1	28
175	41933	12	21
176	42947	2	20
177	43843	6	35
178	44726	1	29
179	45673	5	21
180	47279	8	24
181	48450	7	23
182	49587	5	27
183	50651	6	30
184	52826	2	20
185	53225	7	27
186	54738	6	23
187	55681	1	20
188	56961	5	25
189	58456	4	31
190	59780	4	30
191	60795	4	18
192	62882	4	24
193	64209	3	22
194	65353	6	28
195	66681	5	22
196	68720	5	18
197	70270	1	19
198	70787	3	26
199	72518	1	16
200	74427	4	23
201	75074	7	15
202	77306	4	17
203	78572	2	26
204	80427	4	17
205	81445	4	21
206	83524	3	16
207	84026	3	27
208	86002	5	17
209	87377	1	18
210	88155	2	17
211	90685	5	19
212	91876	1	19
213	93105	4	20
214	94407	6	17
215	96051	5	18
216	97623	3	20
217	98841	5	9
218	100608	2	10
219	101234	8	16
220	102982	5	20
221	104097	4	15
222	105405	5	13
223	107164	8	17
224	108227	5	18
225	108802	6	11
226	109543	4	16
227	111274	4	21
228	112162	1	17
229	113133	1	12
230	114080	5	18
231	114740	3	15
232	115935	6	15
233	116633	3	15
234	117279	3	7
235	118629	4	4
236	118829	1	17
237	119536	6	10
238	120540	4	12
239	120935	1	14
240	121742	2	9
241	121612	2	15
242	122551	2	14
243	123250	2	9
244	123865	1	10
245	124144	0	8
246	124199	1	8
247	125173	2	8
248	124867	5	12
249	123999	0	12
250	124170	4	6
251	124605	1	9
252	124595	1	9
253	123851	0	10
254	124676	2	13
255	123556	3	9
256	123578	5	17
257	123051	2	9
258	122321	1	5
259	122849	4	9
260	122361	1	7
261	121164	3	3
262	121259	3	11
263	120448	6	13
264	119467	2	3
265	119487	2	13
266	118663	1	12
267	118151	1	8
268	118202	3	8
269	117167	2	7
270	115612	3	6
271	115476	4	10
272	115178	2	8
273	113399	0	7
274	113023	1	5
275	112309	2	7
276	110141	4	7
277	110186	3	5
278	109328	2	8
279	108199	4	7
280	107437	1	3
281	106208	2	7
282	104964	3	8
283	104206	1	7
284	102891	1	7
285	102379	2	8
286	100788	1	6
287	100306	0	3
288	99192	0	4
289	97753	1	2
290	95987	4	6
291	94539	1	4
292	93726	3	4
293	91969	1	4
294	90261	3	5
295	90088	2	3
296	88923	2	2
297	87209	3	4
298	86762	0	7
299	85300	1	3
300	83587	0	4
301	82422	2	1
302	81561	2	7
303	79091	5	7
304	78846	1	3
305	77194	0	3
306	76243	1	9
307	75035	1	2
308	74208	3	5
309	72354	2	2
310	71703	0	1
311	70286	2	5
312	68958	4	5
313	68009	0	1
314	67031	2	4
315	65174	2	2
316	64831	2	2
317	63489	0	5
318	62306	1	1
319	60827	3	1
320	60107	2	6
321	58463	4	3
322	57401	3	0
323	56172	1	0
324	55168	4	1
325	54431	2	2
326	53614	3	2
327	51776	0	4
328	51405	1	2
329	49830	2	3
330	48760	1	2
331	47847	1	2
332	47010	1	0
333	45979	2	1
334	45288	2	0
335	44464	3	5
336	43031	1	0
337	42499	2	4
338	41823	2	0
339	40459	3	1
340	39876	0	1
341	39201	0	0
342	37706	1	1
343	36691	1	1
344	36217	1	1
345	35306	2	6
346	34400	1	2
347	33715	3	0
348	32792	3	3
349	32597	2	1
350	31782	0	0
351	30774	0	4
352	30245	4	1
353	29436	2	0
354	28920	1	1
355	28267	2	1
356	27626	3	0
357	27191	0	1
358	26384	3	0
359	25934	1	0
360	25095	2	0
361	24176	2	1
362	23871	2	0
363	23106	1	2
364	22577	1	0
365	21754	2	0
366	21136	3	3
367	20992	3	2
368	20345	3	1
369	19603	3	1
370	19662	1	1
371	19106	0	1
372	18407	0	1
373	17980	2	3
374	17619	1	2
375	17094	1	3
376	16892	2	2
377	16379	2	0
378	15836	2	0
379	15518	0	0
380	15173	0	0
381	14900	2	1
382	14475	6	1
383	14166	0	1
384	13603	4	0
385	13383	6	1
386	13183	2	0
387	12634	1	0
388	12374	0	0
389	11911	0	0
390	11763	1	0
391	11384	0	3
392	11354	2	1
393	10845	0	0
394	10500	2	0
395	10401	2	0
396	10078	1	2
397	9876	1	1
398	9747	1	0
399	9349	1	0
400	9281	1	0
401	8891	2	0
402	8740	3	1
403	8500	2	1
404	8447	0	0
405	7976	0	0
406	8097	1	0
407	7717	2	0
408	7557	1	2
409	7491	1	1
410	7006	3	0
411	6929	3	0
412	6889	2	1
413	6676	1	0
414	6499	1	0
415	6140	1	0
416	6090	3	1
417	6052	2	0
418	5891	2	0
419	5784	2	1
420	5543	2	0
421	5507	0	0
422	5267	0	0
423	5237	3	1
424	5150	2	1
425	4844	1	1
426	4754	0	0
427	4609	1	0
428	4448	2	0
429	4372	1	0
430	4409	0	0
431	4386	1	0
432	4143	0	1
433	4119	1	1
434	3982	1	0
435	3857	1	0
436	3894	1	1
437	3630	5	0
438	3612	4	0
439	3537	1	0
440	3401	0	0
441	3286	1	0
442	3237	2	0
443	3316	1	1
444	3131	3	0
445	3010	2	0
446	2941	1	0
447	2871	1	0
448	2926	2	1
449	2811	1	0
450	2746	0	0
451	2625	0	0
452	2669	0	0
453	2483	1	0
454	2468	1	0
455	2454	1	2
456	2376	0	0
457	2341	0	0
458	2230	2	0
459	2186	1	0
460	2200	4	0
461	2125	1	0
462	2034	0	1
463	2003	1	0
464	2010	3	0
465	1935	0	0
466	1928	1	0
467	1930	0	0
468	1872	0	0
469	1795	3	0
470	1866	2	0
471	1686	2	1
472	1716	0	0
473	1712	1	2
474	1579	2	1
475	1571	1	0
476	1569	1	0
477	1598	0	0
478	1544	3	0
479	1560	0	0
480	1537	0	0
481	1424	3	0
482	1473	1	0
483	1364	0	0
484	1406	0	1
485	1324	1	1
486	1248	0	0
487	1283	0	1
488	1233	1	0
489	1263	0	0
490	1235	1	0
491	1166	1	1
492	1186	0	0
493	1200	1	1
494	1156	0	0
495	1127	1	0
496	1061	1	1
497	1121	0	0
498	1076	0	0
499	1116	0	0
500	1071	0	0
501	1034	0	1
502	1056	0	0
503	1043	1	1
504	935	1	1
505	939	0	0
506	978	2	0
507	909	1	0
508	860	0	0
509	830	2	0
510	780	1	0
511	786	3	0
512	811	0	0
513	751	0	1
514	780	0	0
515	768	0	0
516	791	0	0
517	789	0	0
518	761	0	0
519	725	0	0
520	763	0	0
521	732	1	0
522	743	2	1
523	691	0	0
524	731	1	0
525	741	2	0
526	717	1	3
527	689	0	1
528	684	0	0
529	694	2	0
530	679	0	0
531	628	3	2
532	629	2	0
533	638	1	0
534	659	1	0
535	649	1	0
536	634	0	1
537	590	0	0
538	652	0	0
539	635	1	0
540	634	2	1
541	641	1	1
542	631	0	0
543	574	0	0
544	663	0	0
545	629	1	1
546	624	0	0
547	648	0	0
548	591	1	0
549	554	0	0
550	617	0	0
551	567	2	0
552	588	2	0
553	596	0	0
554	556	3	0
555	539	0	0
556	571	1	1
557	590	1	1
558	584	2	1
559	614	0	2
560	569	1	0
561	584	1	0
562	585	1	0
563	538	1	0
564	589	1	0
565	564	1	0
566	556	0	0
567	526	0	0
568	542	1	0
569	576	1	0
570	545	0	0
571	518	0	0
572	545	2	0
573	535	1	0
574	520	2	0
575	534	1	0
576	557	0	0
577	570	0	0
578	556	0	0
579	565	0	0
580	543	1	0
581	569	0	0
582	484	1	0
583	518	0	0
584	502	0	0
585	542	2	1
586	549	1	0
587	550	3	0
588	488	0	0
589	549	2	1
590	534	1	0
591	543	3	0
592	573	0	0
593	487	2	1
594	520	1	0
595	510	2	0
596	523	1	1
597	520	0	0
598	536	3	0
599	537	0	0
600	550	2	0
601	527	1	0
602	558	1	1
603	551	0	0
604	486	3	0
605	501	0	1
606	573	2	0
607	550	4	1
608	540	1	0
609	545	2	1
610	550	1	1
611	543	2	0
612	550	0	0
613	586	2	0
614	570	0	0
615	554	2	1
616	569	1	0
617	510	1	0
618	573	1	0
619	572	1	0
620	553	0	1
621	567	0	0
622	563	0	0
623	546	0	0
624	503	1	0
625	517	1	0
626	471	0	0
627	519	1	1
628	524	0	0
629	525	1	0
630	524	0	0
631	534	0	0
632	536	4	1
633	530	1	0
634	495	0	0
635	495	0	0
636	500	0	1
637	514	0	0
638	489	2	0
639	496	0	0
640	501	1	0
641	493	1	0
642	468	0	0
643	486	1	0
644	479	2	0
645	487	0	0
646	417	2	0
647	488	2	0
648	463	0	0
649	446	1	0
650	469	0	0
651	499	0	0
652	480	0	1
653	439	0	0
654	472	1	1
655	472	0	0
656	458	3	0
657	459	0	0
658	466	0	0
659	475	1	0
660	421	1	0
661	456	0	0
662	452	1	0
663	487	0	0
664	419	2	0
665	425	1	0
666	466	1	0
667	441	0	0
668	468	1	1
669	453	1	0
670	437	1	0
671	412	0	0
672	424	1	0
673	448	0	0
674	396	1	0
675	398	0	0
676	438	0	0
677	402	0	0
678	380	0	0
679	408	2	0
680	385	0	0
681	352	1	0
682	420	0	0
683	407	0	0
684	405	1	0
685	408	0	0
686	347	0	0
687	356	2	0
688	411	0	0
689	415	2	1
690	383	0	0
691	397	1	0
692	415	1	0
693	382	2	0
694	347	0	0
695	367	0	0
696	371	2	0
697	332	0	0
698	354	2	0
699	368	3	0
700	381	2	0
701	340	1	1
702	345	0	0
703	362	4	1
704	336	0	0
705	343	1	0
706	347	0	0
707	340	0	0
708	371	0	0
709	360	0	0
710	347	0	0
711	333	0	0
712	319	2	0
713	329	1	0
714	303	1	0
715	302	0	0
716	318	1	0
717	344	0	0
718	309	1	0
719	327	0	0
720	363	0	0
721	353	0	0
722	335	0	0
723	367	0	0
724	360	1	1
725	313	0	0
726	331	0	1
727	327	1	0
728	338	1	0
729	323	0	0
730	326	0	0
731	316	0	0
732	286	1	0
733	314	0	0
734	276	2	0
735	323	1	0
736	314	1	0
737	341	1	0
738	303	0	0
739	331	1	0
740	295	1	0
741	295	0	0
742	325	0	0
743	337	1	0
744	323	1	0
745	318	1	0
746	326	0	0
747	320	0	1
748	315	0	0
749	300	1	0
750	291	0	0
751	310	1	0
752	275	0	0
753	309	0	0
754	283	0	0
755	290	1	0
756	301	1	0
757	263	3	0
758	270	0	0
759	250	1	0
760	283	0	0
761	251	1	0
762	248	0	0
763	252	0	0
764	230	0	0
765	241	0	0
766	261	0	0
767	230	1	0
768	240	1	0
769	228	0	0
770	227	0	0
771	246	0	0
772	227	1	0
773	218	0	0
774	212	1	0
775	226	0	0
776	215	0	0
777	229	0	0
778	224	0	0
779	211	0	0
780	208	0	0
781	180	1	0
782	201	0	0
783	211	0	0
784	180	1	0
785	220	0	1
786	197	1	0
787	200	1	0
788	180	0	0
789	161	1	0
790	152	1	0
791	171	1	0
792	177	0	0
793	169	2	0
794	184	0	0
795	151	1	0
796	153	0	0
797	164	1	1
798	161	1	0
799	163	0	0
800	147	1	0
801	150	1	0
802	137	0	0
803	146	0	0
804	145	1	0
805	138	1	0
806	158	1	0
807	146	0	0
808	132	1	0
809	117	1	0
810	133	1	0
811	122	1	0
812	123	1	0
813	118	2	0
814	118	1	0
815	115	1	0
816	123	0	0
817	151	1	0
818	117	0	0
819	116	0	0
820	135	1	0
821	112	0	0
822	123	0	0
823	139	1	0
824	115	1	0
825	111	0	0
826	96	1	0
827	109	0	0
828	95	0	0
829	107	0	0
830	99	1	0
831	106	0	0
832	86	1	0
833	94	4	0
834	99	0	0
835	93	2	0
836	124	1	0
837	107	1	0
838	102	0	0
839	108	1	0
840	93	0	0
841	71	1	0
842	100	1	0
843	78	0	0
844	85	0	0
845	90	0	0
846	84	0	0
847	88	0	0
848	82	0	0
849	77	1	0
850	78	1	0
851	78	0	0
852	77	0	0
853	71	0	0
854	65	0	0
855	77	0	0
856	91	0	0
857	86	0	0
858	82	0	0
859	83	0	0
860	76	0	0
861	63	2	0
862	75	1	0
863	63	1	0
864	71	0	0
865	76	0	0
866	59	0	0
867	74	0	0
868	71	0	0
869	65	1	0
870	63	1	0
871	49	0	0
872	69	0	0
873	64	0	0
874	64	0	0
875	44	1	0
876	55	0	0
877	46	0	0
878	48	0	0
879	54	0	0
880	50	0	0
881	55	0	0
882	52	0	0
883	50	0	0
884	58	0	0
885	59	0	0
886	40	0	0
887	46	0	0
888	48	0	0
889	46	0	0
890	46	0	0
891	48	0	0
892	52	0	0
893	42	0	0
894	43	1	0
895	42	0	0
896	39	0	0
897	42	0	0
898	41	0	0
899	43	0	0
900	45	0	0
901	39	0	0
902	43	0	0
903	44	0	0
904	38	1	0
905	39	1	0
906	39	1	0
907	40	1	0
908	46	1	0
909	37	0	0
910	38	0	0
911	36	0	0
912	46	0	0
913	25	0	0
914	37	0	0
915	32	0	0
916	47	0	0
917	42	0	0
918	29	1	0
919	44	1	0
920	37	0	0
921	41	0	0
922	42	1	0
923	36	0	0
924	42	0	0
925	34	0	0
926	33	0	0
927	36	0	0
928	33	0	0
929	26	0	0
930	32	1	0
931	28	0	0
932	39	0	0
933	27	0	0
934	46	0	0
935	25	0	0
936	30	0	0
937	41	0	1
938	27	0	0
939	28	0	0
940	15	0	0
941	26	0	0
942	24	0	0
943	28	0	0
944	28	1	0
945	23	1	0
946	37	0	0
947	18	0	0
948	20	2	0
949	26	0	0
950	19	0	0
951	24	0	0
952	21	1	1
953	26	0	0
954	25	0	0
955	27	0	0
956	27	0	0
957	24	0	0
958	22	3	0
959	13	1	0
960	21	0	0
961	23	0	0
962	22	0	0
963	22	0	0
964	16	0	0
965	13	0	0
966	16	0	0
967	22	0	0
968	33	0	0
969	20	0	0
970	18	0	0
971	16	1	0
972	19	0	0
973	18	0	0
974	15	0	0
975	25	0	0
976	15	0	0
977	18	0	0
978	22	0	0
979	18	0	0
980	14	2	0
981	19	0	0
982	21	0	0
983	18	0	0
984	16	0	0
985	19	0	0
986	15	0	0
987	12	0	0
988	14	0	0
989	19	0	0
990	9	0	0
991	15	0	0
992	15	0	0
993	14	1	0
994	13	0	0
995	20	0	0
996	18	0	0
997	15	2	0
998	16	0	0
999	7	0	0
1000	11	0	1
1001	19	0	0
1002	14	0	0
1003	18	0	0
1004	10	0	0
1005	14	0	0
1006	14	0	0
1007	10	0	0
1008	12	1	0
1009	7	1	0
1010	13	1	0
1011	13	0	0
1012	12	0	0
1013	9	0	0
1014	12	0	0
1015	7	0	0
1016	17	0	0
1017	14	0	0
1018	15	0	0
1019	8	0	0
1020	12	0	0
1021	16	1	0
1022	10	0	0
1023	12	0	0
1024	12	0	0
1025	17	0	0
1026	14	0	0
1027	20	0	0
1028	11	0	0
1029	7	0	0
1030	15	0	0
1031	6	0	0
1032	13	1	0
1033	12	0	0
1034	9	0	0
1035	13	0	0
1036	9	0	0
1037	12	0	0
1038	12	0	0
1039	14	0	0
1040	11	1	0
1041	9	0	0
1042	9	0	0
1043	13	0	0
1044	11	0	0
1045	11	0	0
1046	17	0	0
1047	17	0	0
1048	9	0	0
1049	8	0	0
1050	16	1	0
1051	9	0	0
1052	6	0	0
1053	12	2	0
1054	11	0	0
1055	15	0	0
1056	11	1	0
1057	11	0	0
1058	10	0	0
1059	11	0	0
1060	6	0	0
1061	12	0	0
1062	18	0	0
1063	10	0	0
1064	8	0	0
1065	11	0	0
1066	14	0	0
1067	9	0	0
1068	9	0	0
1069	13	0	0
1070	13	0	0
1071	10	0	0
1072	11	0	0
1073	7	0	0
1074	10	0	0
1075	12	0	1
1076	12	0	0
1077	6	0	0
1078	6	0	0
1079	8	0	0
1080	11	0	0
1081	8	0	0
1082	14	0	0
1083	6	0	0
1084	12	0	0
1085	11	0	0
1086	7	2	0
1087	13	0	0
1088	9	0	0
1089	4	0	1
1090	5	0	0
1091	10	0	0
1092	7	0	0
1093	7	0	0
1094	9	0	0
1095	11	0	0
1096	6	0	0
1097	7	0	0
1098	9	0	0
1099	6	1	0
1100	3	0	0
1101	9	0	0
1102	5	0	0
1103	3	1	0
1104	6	0	0
1105	5	0	0
1106	4	0	0
1107	7	0	0
1108	9	0	0
1109	7	1	0
1110	7	0	0
1111	5	0	0
1112	4	0	0
1113	2	0	0
1114	4	0	0
1115	10	0	0
1116	7	0	0
1117	4	0	0
1118	4	0	0
1119	11	1	0
1120	12	0	0
1121	8	0	0
1122	8	0	0
1123	6	0	0
1124	7	1	0
1125	9	0	0
1126	1	0	0
1127	3	0	0
1128	8	0	0
1129	6	0	0
1130	9	0	0
1131	6	0	0
1132	6	1	0
1133	5	0	0
1134	4	0	0
1135	7	0	0
1136	5	0	1
1137	2	1	0
1138	5	0	0
1139	5	0	0
1140	4	0	0
1141	5	0	0
1142	5	0	0
1143	2	0	0
1144	2	0	0
1145	6	0	0
1146	3	0	0
1147	5	0	0
1148	6	1	0
1149	4	0	0
1150	2	0	0
1151	2	0	0
1152	3	0	0
1153	4	0	0
1154	4	0	0
1155	4	0	0
1156	2	0	0
1157	6	0	1
1158	3	1	0
1159	4	0	0
1160	4	0	0
1161	4	0	0
1162	3	0	0
1163	4	0	0
1164	4	0	0
1165	2	0	0
1166	4	0	0
1167	5	0	0
1168	3	0	0
1169	6	0	0
1170	4	0	0
1171	7	0	0
1172	4	0	0
1173	2	0	0
1174	3	0	0
1175	1	1	0
1176	4	0	0
1177	2	0	0
1178	4	0	0
1179	2	0	0
1180	2	0	0
1181	1	1	0
1182	2	0	0
1183	3	0	0
1184	1	0	0
1185	1	0	0
1186	1	0	0
1187	1	0	0
1188	2	0	0
1189	1	0	0
1190	2	0	0
1191	4	0	0
1192	3	0	0
1193	1	0	0
1194	1	0	0
1195	2	0	0
1196	3	0	0
1197	3	0	0
1198	4	0	0
1199	3	1	0
1200	2	0	0
1201	2	0	0
1202	1	0	0
1203	1	0	0
1204	3	2	0
1206	2	0	0
1207	4	0	0
1208	2	0	0
1209	2	0	0
1210	3	0	0
1212	4	1	0
1213	3	0	0
1214	8	0	0
1215	6	0	0
1216	3	0	0
1217	3	0	0
1218	4	0	0
1219	5	0	0
1220	7	1	0
1221	3	0	0
1222	3	0	1
1223	5	0	0
1224	5	0	0
1225	2	0	0
1227	8	0	0
1228	2	0	0
1229	3	0	0
1230	6	0	0
1231	5	0	0
1232	6	0	0
1233	9	0	0
1234	5	0	0
1235	2	0	0
1236	3	0	0
1237	1	0	0
1238	5	1	0
1239	4	0	0
1240	4	0	0
1241	4	0	0
1242	4	0	0
1243	1	0	0
1244	4	0	0
1246	1	0	0
1247	3	0	0
1248	4	0	0
1249	3	0	0
1250	1	0	0
1251	4	0	0
1252	1	0	0
1253	5	0	0
1254	10	0	0
1255	3	0	0
1256	8	0	0
1257	6	0	0
1258	3	0	0
1259	2	0	0
1260	3	0	0
1261	4	0	0
1262	4	0	0
1263	3	0	0
1264	4	0	0
1266	7	0	0
1267	3	0	0
1268	2	0	0
1269	5	1	0
1270	5	0	0
1271	5	0	0
1272	7	0	0
1273	6	0	0
1274	4	0	1
1275	3	0	0
1276	5	0	0
1277	3	0	0
1278	7	0	0
1279	5	0	0
1280	5	0	0
1281	6	0	0
1282	6	0	0
1283	5	0	0
1284	5	0	1
1285	4	0	0
1286	3	0	0
1287	3	0	0
1288	6	0	0
1289	5	0	0
1290	5	0	0
1291	4	0	0
1292	2	0	0
1293	4	0	0
1294	2	0	0
1295	8	0	0
1296	4	0	0
1297	7	0	0
1298	6	0	0
1299	6	0	0
1300	9	0	0
1301	2	0	0
1302	6	0	0
1303	7	1	0
1304	8	0	0
1305	10	0	0
1306	5	0	0
1307	5	0	0
1308	7	0	0
1309	7	0	0
1310	5	0	0
1311	3	0	0
1312	4	0	0
1313	4	0	0
1314	6	0	1
1315	4	0	1
1316	4	0	0
1317	6	0	0
1318	5	0	0
1319	2	0	0
1320	3	0	0
1321	3	0	0
1322	6	0	0
1323	2	0	0
1324	3	0	0
1325	8	0	0
1326	8	0	0
1327	2	0	0
1328	4	1	0
1329	7	0	0
1330	3	0	0
1331	4	0	0
1332	3	0	0
1333	8	0	0
1334	5	0	0
1335	1	0	0
1336	3	0	0
1337	1	0	0
1338	5	0	0
1339	4	0	0
1340	6	0	0
1341	6	0	0
1342	5	0	0
1343	5	0	0
1344	6	0	0
1345	12	0	0
1346	10	0	0
1347	11	0	0
1348	5	0	0
1349	7	0	0
1350	10	0	0
1351	11	0	0
1352	16	0	0
1353	6	0	0
1354	6	0	0
1355	7	1	0
1356	9	0	0
1357	10	0	0
1358	6	0	0
1359	9	0	1
1360	16	0	0
1361	5	0	0
1362	9	0	0
1363	16	0	0
1364	11	0	0
1365	15	0	0
1366	9	0	0
1367	12	1	0
1368	9	0	0
1369	14	0	0
1370	14	0	0
1371	13	0	0
1372	20	0	0
1373	11	0	0
1374	15	0	0
1375	11	0	0
1376	14	0	0
1377	14	0	0
1378	10	0	0
1379	14	0	0
1380	15	0	0
1381	14	0	0
1382	10	0	0
1383	16	0	0
1384	15	0	0
1385	9	0	0
1386	10	0	0
1387	13	0	0
1388	14	0	0
1389	13	0	0
1390	12	0	0
1391	12	0	0
1392	17	0	0
1393	14	0	0
1394	15	0	0
1395	19	0	0
1396	18	0	0
1397	18	0	0
1398	25	0	0
1399	22	1	0
1400	19	0	0
1401	18	0	0
1402	11	0	0
1403	14	0	0
1404	22	0	0
1405	14	0	0
1406	17	0	0
1407	13	0	0
1408	15	0	0
1409	17	0	0
1410	19	0	0
1411	23	1	0
1412	11	0	0
1413	12	0	0
1414	16	0	0
1415	18	0	0
1416	11	0	0
1417	19	0	0
1418	13	0	0
1419	22	0	0
1420	16	0	0
1421	17	0	0
1422	18	0	0
1423	21	0	0
1424	24	0	0
1425	19	0	0
1426	17	0	0
1427	16	0	0
1428	19	0	1
1429	16	0	0
1430	24	0	0
1431	19	0	0
1432	23	0	0
1433	14	0	0
1434	24	1	0
1435	23	0	0
1436	20	0	0
1437	26	0	0
1438	21	0	0
1439	27	0	0
1440	27	0	0
1441	32	0	0
1442	22	0	0
1443	21	0	0
1444	21	0	0
1445	18	0	0
1446	25	0	0
1447	28	0	0
1448	19	0	0
1449	22	0	0
1450	27	0	0
1451	27	0	0
1452	25	0	0
1453	25	0	0
1454	21	0	0
1455	29	0	0
1456	27	0	0
1457	28	0	0
1458	28	0	0
1459	23	0	0
1460	28	0	0
1461	20	0	1
1462	27	0	0
1463	28	0	1
1464	29	0	1
1465	22	0	0
1466	25	0	0
1467	27	0	0
1468	32	0	0
1469	24	0	0
1470	21	0	0
1471	20	0	0
1472	18	0	1
1473	21	0	0
1474	17	0	0
1475	16	0	0
1476	14	0	0
1477	16	0	0
1478	22	0	0
1479	24	0	0
1480	16	0	0
1481	18	1	0
1482	22	0	0
1483	18	0	0
1484	18	0	0
1485	17	0	0
1486	22	0	0
1487	10	0	0
1488	21	0	0
1489	13	1	0
1490	16	0	0
1491	9	0	0
1492	12	0	0
1493	9	0	0
1494	18	0	0
1495	13	0	0
1496	16	0	0
1497	12	1	0
1498	13	0	0
1499	15	0	0
1500	11	0	0
1501	14	0	1
1502	6	0	0
1503	6	0	0
1504	6	0	0
1505	8	0	0
1506	7	0	0
1507	8	0	0
1508	10	0	0
1509	10	0	0
1510	9	0	0
1511	7	0	0
1512	10	0	0
1513	14	0	0
1514	8	1	0
1515	9	0	0
1516	15	0	1
1517	10	0	0
1518	15	0	0
1519	8	0	0
1520	7	0	0
1521	7	1	0
1522	10	0	0
1523	10	0	0
1524	9	0	0
1525	9	0	0
1526	10	0	0
1527	6	0	0
1528	5	0	0
1529	10	0	0
1530	9	0	0
1531	11	0	0
1532	12	0	0
1533	9	0	0
1534	13	0	0
1535	11	0	0
1536	12	0	0
1537	9	0	0
1538	8	0	0
1539	9	0	0
1540	10	0	0
1541	9	0	0
1542	6	0	0
1543	10	0	0
1544	7	0	0
1545	5	0	0
1546	3	0	0
1547	5	0	0
1548	3	0	0
1549	7	0	0
1550	4	0	0
1551	3	1	0
1552	7	0	0
1553	10	1	0
1554	12	0	0
1555	4	0	0
1556	7	0	0
1557	5	0	0
1558	5	1	0
1559	6	0	0
1560	5	0	0
1561	3	0	0
1562	2	0	0
1563	6	0	0
1564	4	0	0
1565	4	0	0
1566	5	0	0
1567	4	0	0
1568	5	0	0
1569	9	0	0
1570	9	0	0
1571	7	0	0
1572	5	0	0
1573	2	0	0
1574	12	0	0
1575	9	0	0
1576	7	0	0
1577	10	0	0
1578	8	0	0
1579	9	0	0
1580	14	0	0
1581	7	0	0
1582	3	0	0
1583	5	0	0
1584	6	0	0
1585	6	0	0
1586	8	0	0
1587	10	0	0
1588	7	0	0
1589	8	1	0
1590	9	0	0
1591	13	0	1
1592	6	0	0
1593	9	0	0
1594	10	0	0
1595	6	0	0
1596	4	0	0
1597	6	0	0
1598	11	0	0
1599	5	0	0
1600	2	0	1
1601	8	0	0
1602	9	0	0
1603	6	0	0
1604	8	0	0
1605	9	0	0
1606	11	0	0
1607	4	0	0
1608	13	0	0
1609	9	0	0
1610	11	0	0
1611	7	0	0
1612	5	0	0
1613	8	0	0
1614	6	0	0
1615	10	0	0
1616	6	0	0
1617	4	0	0
1618	5	0	0
1619	2	1	0
1620	6	1	0
1621	4	0	0
1622	5	0	0
1623	5	0	0
1624	8	0	0
1625	6	1	0
1626	8	0	0
1627	5	0	0
1628	5	0	0
1629	5	0	0
1630	8	0	0
1631	7	0	0
1632	7	0	0
1633	9	0	0
1634	6	0	0
1635	9	0	0
1636	9	0	0
1637	5	0	0
1638	11	0	0
1639	9	0	0
1640	6	0	0
1641	7	0	0
1642	5	0	0
1643	5	0	0
1644	5	0	0
1645	5	0	0
1646	4	0	0
1647	2	0	0
1648	6	0	0
1649	3	0	0
1650	5	0	0
1651	6	0	0
1652	7	0	0
1653	5	0	0
1654	3	0	0
1655	8	1	0
1656	8	0	0
1657	7	0	0
1658	9	0	0
1659	7	0	0
1660	3	0	0
1661	4	0	0
1662	6	0	0
1663	6	0	0
1664	5	0	0
1665	4	0	0
1666	6	0	0
1667	4	0	0
1668	3	0	0
1669	5	0	0
1671	1	0	0
1672	1	0	0
1673	3	0	0
1674	1	0	0
1675	1	1	0
1676	3	0	0
1677	3	0	0
1678	4	0	0
1679	2	0	0
1680	2	0	0
1681	1	0	0
1682	6	0	0
1683	2	0	0
1684	10	0	0
1685	5	0	0
1686	2	0	0
1687	6	0	0
1688	2	0	0
1689	3	0	0
1690	6	0	0
1691	6	0	0
1692	6	0	0
1693	2	0	0
1694	7	0	0
1695	5	0	0
1696	9	0	0
1697	5	1	0
1698	4	0	0
1699	8	0	0
1700	3	0	0
1701	3	0	0
1702	2	0	0
1703	3	0	0
1704	4	0	0
1705	3	0	0
1706	2	0	1
1707	3	0	0
1708	2	0	0
1709	4	0	0
1710	1	0	0
1711	3	0	0
1712	1	0	0
1713	2	0	0
1714	4	0	0
1715	3	0	0
1716	1	0	0
1717	2	0	0
1718	3	0	0
1719	2	0	0
1720	2	0	0
1721	2	0	0
1722	4	0	0
1724	3	0	0
1726	3	0	0
1727	3	0	0
1728	4	0	0
1729	2	0	0
1730	5	0	0
1731	4	0	0
1732	5	0	0
1733	6	0	0
1734	3	0	0
1735	3	0	0
1736	2	0	0
1737	6	0	0
1738	4	0	0
1739	4	0	0
1740	3	0	0
1741	5	0	0
1742	3	0	0
1743	2	0	0
1744	1	0	0
1745	4	0	0
1746	3	0	0
1747	1	0	0
1748	1	0	0
1749	4	0	0
1750	5	0	0
1751	3	0	0
1752	4	0	0
1753	6	0	0
1754	4	0	0
1755	2	0	0
1756	6	0	0
1757	9	0	0
1758	7	0	0
1759	3	0	0
1760	5	0	0
1761	5	0	0
1762	5	0	0
1763	3	0	0
1764	10	0	0
1765	5	0	0
1766	10	0	0
1767	7	0	0
1768	6	0	0
1769	4	0	0
1770	7	0	0
1771	7	0	0
1772	10	0	0
1773	11	0	0
1774	3	0	0
1775	7	1	0
1776	6	0	0
1777	7	0	0
1778	12	0	0
1779	10	0	0
1780	9	0	0
1781	8	0	0
1782	12	0	0
1783	7	0	0
1784	7	0	0
1785	10	0	0
1786	9	0	0
1787	11	0	0
1788	8	0	0
1789	9	0	0
1790	10	0	0
1791	8	0	0
1792	5	0	0
1793	14	0	0
1794	9	0	0
1795	8	0	0
1796	5	0	0
1797	6	0	0
1798	12	0	0
1799	9	0	0
1800	6	0	0
1801	4	0	0
1802	8	0	0
1803	5	0	0
1804	8	0	0
1805	5	0	0
1806	5	0	0
1807	7	0	0
1808	11	0	0
1809	14	0	0
1810	9	0	0
1811	10	0	0
1812	5	0	0
1813	4	0	0
1814	10	0	0
1815	6	0	0
1816	8	0	0
1817	7	0	0
1818	13	0	0
1819	11	0	0
1820	7	0	0
1821	4	0	0
1822	13	0	0
1823	7	0	0
1824	7	0	0
1825	9	0	0
1826	8	0	0
1827	4	0	0
1828	7	0	0
1829	4	0	1
1830	4	0	0
1831	2	0	0
1832	11	0	0
1833	4	0	0
1834	31	0	0
1835	14	1	0
1836	21	0	0
1837	25	0	0
1838	8	1	0
1839	2	0	0
1840	2	0	0
1841	3	0	0
1842	4	0	0
1843	4	0	0
1844	6	1	0
1845	6	0	0
1846	5	0	0
1847	5	0	0
1848	6	0	0
1849	5	0	0
1851	5	0	0
1852	8	0	0
1853	3	0	0
1854	30	0	0
1855	17	0	0
1856	34	0	0
1857	16	0	0
1858	25	0	0
1859	5	0	0
1860	6	0	0
1861	3	0	0
1862	2	0	0
1863	5	0	0
1864	2	0	0
1865	4	0	0
1866	3	0	0
1867	5	0	0
1868	6	0	0
1869	5	0	0
1870	1	0	0
1871	4	0	0
1873	3	0	0
1874	3	0	0
1875	3	0	0
1876	3	0	0
1877	2	0	0
1878	2	0	0
1879	2	0	0
1880	4	0	0
1881	2	0	0
1882	3	0	0
1883	1	0	0
1884	1	1	0
1885	5	0	0
1886	1	0	0
1887	1	0	0
1888	1	0	0
1889	5	0	1
1890	2	0	0
1891	4	0	0
1892	1	0	0
1893	2	0	0
1894	5	0	0
1895	2	0	0
1896	1	0	0
1899	2	1	0
1900	2	0	0
1901	1	0	0
1902	2	0	0
1903	1	0	0
1904	0	1	0
1905	1	0	0
1906	2	0	0
1907	3	0	0
1908	1	0	0
1910	3	0	0
1912	3	0	0
1914	1	0	0
1915	2	0	0
1916	2	0	0
1918	2	0	0
1920	1	0	0
1921	2	0	0
1922	1	0	0
1923	1	0	0
1924	3	0	0
1925	2	0	0
1927	1	0	0
1928	3	0	0
1929	2	0	0
1930	3	1	0
1931	3	0	0
1932	1	0	0
1933	4	0	0
1934	2	0	0
1935	2	0	0
1936	3	0	0
1937	2	0	0
1938	1	0	0
1939	1	0	0
1940	1	0	0
1941	2	0	0
1944	4	0	0
1946	1	0	0
1947	4	0	0
1948	2	0	0
1949	4	0	1
1951	2	1	0
1952	63	0	0
1953	4	0	0
1954	1	0	0
1955	1	0	0
1956	2	0	0
1958	2	0	0
1961	2	0	0
1962	2	0	0
1963	1	1	0
1964	1	0	0
1966	3	0	0
1968	1	0	0
1969	3	0	0
1971	2	0	0
1973	1	0	0
1975	1	0	0
1976	1	0	0
1979	1	0	0
1980	1	0	0
1982	1	0	0
1985	1	0	0
1988	1	0	0
1990	1	0	0
1991	1	0	0
1992	1	0	0
1995	1	0	0
1997	1	0	0
1999	0	1	0
2000	1	0	0
2003	1	0	0
2009	1	0	0
2013	1	0	0
2014	1	0	0
2033	4	0	0
2036	2	0	0
2038	0	0	1
2041	1	0	0
2042	0	0	1
2045	1	0	0
2047	1	0	0
2050	0	1	0
2051	1	0	0
2061	1	0	0
2066	1	0	0
2067	1	0	0
2074	2	0	0
2083	0	1	0
2087	1	0	0
2089	1	0	0
2094	1	0	0
2095	1	0	0
2102	1	0	0
2105	1	0	0
2109	0	0	1
2110	1	0	0
2111	0	1	0
2121	1	0	0
2132	1	0	0
2143	0	0	1
2146	1	0	0
2149	1	0	0
2150	1	0	0
2169	1	0	0
2173	1	0	0
2174	0	0	1
2184	1	0	0
2195	1	0	0
2204	1	0	0
2207	1	0	0
2221	1	0	0
2237	1	0	0
2252	1	0	0
2253	1	0	0
2265	2	0	0
2266	1	0	0
2271	1	0	0
2279	1	0	0
2296	1	0	0
2319	1	0	0
2328	1	0	0
2329	1	0	0
2331	1	0	0
2333	2	0	0
2334	2	0	0
2336	2	0	0
2337	2	0	0
2339	1	0	0
2340	4	0	0
2341	2	0	0
2343	1	0	0
2345	1	0	0
2346	1	0	0
2348	2	0	0
2349	5	0	1
2350	4	0	0
2351	3	0	0
2352	4	0	0
2353	6	0	0
2354	3	0	0
2355	1	0	1
2356	1	0	0
2357	1	0	0
2358	3	0	0
2359	1	0	0
2360	6	0	0
2361	2	0	0
2362	3	0	0
2363	6	0	0
2364	1	0	0
2365	1	0	0
2368	3	0	0
2369	4	0	0
2370	2	0	0
2371	1	0	0
2372	3	0	0
2373	2	0	0
2374	7	0	0
2376	4	0	0
2377	3	0	0
2378	5	0	0
2379	2	0	0
2380	6	0	0
2381	6	0	0
2382	2	0	0
2386	2	0	0
2387	3	0	0
2388	3	0	0
2389	1	0	0
2390	2	0	0
2391	2	0	0
2392	1	0	0
2393	3	0	0
2394	2	0	0
2395	3	0	0
2396	4	0	0
2397	1	0	0
2398	3	0	0
2399	1	0	0
2400	4	0	0
2401	1	0	0
2402	5	0	0
2403	5	0	0
2404	4	0	0
2405	6	0	0
2406	2	0	0
2407	1	1	0
2408	1	0	0
2409	2	0	0
2410	3	0	0
2411	4	0	0
2412	2	0	0
2413	4	0	0
2415	5	0	0
2416	4	0	0
2417	1	0	0
2418	2	0	0
2420	1	0	0
2421	2	0	0
2422	3	0	0
2423	4	0	0
2424	2	0	0
2425	1	0	0
2426	2	0	0
2427	1	0	0
2428	1	1	0
2429	4	0	0
2430	2	0	0
2431	3	0	0
2432	2	0	0
2433	3	0	0
2435	1	0	0
2437	3	0	0
2438	1	0	0
2439	1	0	0
2440	1	0	0
2442	3	0	0
2445	1	0	0
2446	3	0	0
2448	2	0	0
2449	3	0	0
2450	3	0	0
2451	1	0	0
2452	1	0	0
2453	1	0	0
2455	3	0	0
2456	2	0	0
2457	1	0	0
2458	1	0	0
2459	3	0	0
2460	1	0	0
2461	3	0	0
2462	3	0	0
2463	2	0	0
2464	3	0	0
2465	2	0	0
2467	1	0	0
2468	3	0	0
2469	2	0	0
2470	2	0	0
2471	4	0	0
2472	3	0	0
2473	4	0	0
2474	1	0	0
2475	1	0	0
2476	2	0	0
2477	1	0	0
2478	1	0	0
2479	3	0	0
2480	1	0	0
2481	3	0	0
2482	3	0	0
2483	1	0	0
2484	2	0	0
2486	3	1	0
2487	1	0	0
2488	1	0	0
2489	2	0	0
2490	1	0	0
2491	1	0	0
2492	1	0	0
2493	1	0	0
2495	2	0	0
2496	1	0	0
2497	1	0	0
2498	2	0	0
2499	4	0	0
2501	1	0	0
2502	2	0	0
2503	2	0	0
2504	1	0	0
2505	5	0	0
2506	1	0	0
2507	1	0	0
2509	1	0	0
2510	2	0	0
2511	3	0	0
2513	1	0	0
2514	2	0	0
2515	2	0	0
2518	1	0	0
2519	1	0	0
2520	2	0	0
2521	1	0	0
2522	2	0	0
2523	2	0	0
2524	1	0	0
2525	2	0	0
2526	3	0	0
2530	1	0	0
2531	1	0	0
2532	1	0	0
2534	2	0	0
2536	2	0	0
2537	1	0	0
2538	2	0	0
2541	1	0	0
2543	1	0	0
2544	2	0	0
2547	2	0	0
2548	3	0	0
2551	2	0	0
2553	2	0	0
2556	1	0	0
2557	2	0	0
2558	1	0	0
2560	1	0	0
2561	1	0	0
2563	1	0	0
2567	2	0	0
2572	1	0	0
2577	1	0	0
2582	1	0	0
2586	1	0	0
2588	1	0	0
2590	1	0	0
2591	1	0	0
2592	0	0	1
2601	0	0	1
2603	1	0	0
2609	1	0	0
2612	1	0	0
2614	1	0	0
2627	1	0	0
2648	1	0	0
2649	1	0	0
2650	1	0	0
2653	1	0	0
2654	1	0	0
2655	1	0	0
2656	1	1	0
2658	1	0	0
2663	1	0	0
2665	2	0	0
2666	1	0	0
2669	1	0	0
2672	1	0	0
2674	1	0	0
2675	4	0	0
2677	1	0	0
2678	2	0	0
2679	1	0	0
2682	2	0	0
2683	1	0	0
2684	1	0	0
2685	1	0	0
2686	4	0	0
2687	2	0	0
2688	3	0	0
2689	3	0	0
2690	2	0	0
2691	5	0	0
2692	2	0	0
2693	2	0	0
2694	4	0	0
2695	3	0	0
2696	1	0	0
2697	3	0	0
2698	2	0	0
2699	2	0	0
2700	5	0	0
2701	2	0	0
2702	6	0	0
2703	1	0	0
2704	3	0	0
2705	3	0	0
2706	2	0	0
2707	3	0	0
2708	3	0	0
2709	3	0	0
2710	2	0	0
2711	4	0	0
2712	2	0	0
2713	5	0	0
2714	6	0	0
2715	11	0	0
2716	5	0	0
2717	4	0	0
2718	6	0	0
2719	4	0	0
2720	8	0	0
2721	4	0	0
2722	5	0	0
2723	5	0	0
2724	6	0	0
2725	2	0	0
2726	5	0	0
2727	4	0	0
2728	1	0	0
2729	4	0	0
2730	4	0	0
2731	4	0	0
2732	4	0	0
2733	3	0	0
2734	7	0	0
2735	3	0	0
2736	2	0	0
2737	3	0	0
2738	7	0	0
2739	4	0	0
2740	6	0	0
2741	9	0	0
2742	2	0	0
2743	5	0	0
2744	8	0	0
2745	5	0	0
2746	4	0	0
2747	12	0	0
2748	14	0	0
2749	5	0	0
2750	6	0	0
2751	3	0	0
2752	5	0	0
2753	5	0	0
2754	5	0	0
2755	4	0	0
2756	5	0	1
2757	2	0	0
2758	3	0	0
2759	2	0	0
2760	2	0	0
2761	2	0	0
2762	2	0	0
2763	1	0	0
2764	5	0	0
2765	4	1	0
2766	5	0	0
2767	3	0	0
2768	3	0	0
2769	16	0	0
2770	1	0	0
2771	11	0	0
2772	1	0	0
2773	3	0	0
2774	1	0	0
2775	4	0	0
2778	3	0	0
2779	2	0	0
2780	1	0	0
2782	5	0	0
2784	1	0	0
2785	3	0	0
2786	1	0	0
2787	1	0	0
2788	2	0	0
2790	1	0	0
2792	1	0	0
2793	2	0	0
2794	1	0	0
2795	2	0	0
2796	1	0	0
2799	2	0	0
2800	2	0	0
2801	2	0	0
2802	2	0	0
2803	1	0	0
2804	3	0	0
2805	1	0	0
2806	1	0	0
2807	1	0	0
2809	2	0	0
2810	1	0	0
2811	2	0	0
2813	2	0	0
2814	2	0	0
2815	4	0	0
2817	1	0	0
2818	2	0	0
2819	2	0	0
2820	2	0	0
2821	1	0	0
2822	2	0	0
2823	2	0	0
2829	1	0	0
2830	1	0	0
2831	1	0	0
2832	2	0	0
2833	1	0	0
2834	2	0	0
2836	1	0	0
2838	1	0	0
2839	2	0	0
2842	1	0	0
2844	1	0	0
2846	1	0	0
2848	1	0	0
2849	1	0	0
2858	1	0	0
2864	2	0	0
2866	1	0	0
2867	2	0	0
2868	1	0	0
2881	1	0	0
2907	1	0	0
2911	1	0	0
2912	1	0	0
2929	1	0	0
2932	1	0	0
2936	1	0	0
2941	1	0	0
2958	1	0	0
2960	1	0	0
2966	1	0	0
2967	1	0	0
2969	1	0	0
2973	0	1	0
2986	1	0	0
3006	2	0	0
3026	1	0	0
3034	1	0	0
3037	1	0	0
3039	0	1	0
3046	1	0	0
3047	0	0	1
3048	1	0	0
3049	1	0	0
3061	0	1	0
3064	0	1	0
3071	0	1	0
3077	1	0	0
3081	1	0	0
3146	1	0	0
3152	1	0	0
3163	0	1	0
3170	0	1	0
3181	1	0	0
3226	0	1	0
3252	0	1	0
3263	1	0	0
3283	0	0	1
3296	1	0	0
3297	1	0	0
3309	0	1	0
3321	0	1	0
3328	0	1	0
3329	0	1	0
3334	1	0	0
3341	0	1	0
3344	1	0	0
3347	1	0	0
3355	0	1	0
3360	0	1	0
3365	0	1	0
3369	0	1	0
3374	0	1	0
3375	0	1	0
3518	0	1	0
3520	1	0	0
3556	0	0	1
3576	1	0	0
3588	0	1	0
3625	1	0	0
3634	0	0	1
3645	0	1	0
3671	0	0	1
3695	0	1	0
3697	0	1	0
3700	0	1	0
3703	0	1	0
3727	0	1	0
3740	0	1	0
3749	0	1	0
3816	0	1	0
3837	1	0	0
3855	1	0	0
3885	1	0	0
3897	1	0	0
3916	1	0	0
3930	1	0	0
3934	1	0	0
3937	1	0	0
3942	1	0	0
3993	1	0	0
4009	1	0	0
4024	1	0	0
4029	1	0	0
4030	2	0	0
4036	1	1	0
4040	1	0	0
4041	1	0	0
4044	1	0	0
4045	2	0	0
4050	1	0	0
4053	1	0	0
4055	2	0	0
4057	1	0	0
4059	1	0	0
4060	3	0	0
4069	2	0	0
4070	2	0	0
4073	1	0	0
4075	1	0	0
4076	1	0	0
4077	1	0	0
4078	1	0	0
4079	1	0	0
4080	2	0	0
4083	1	0	0
4084	3	0	0
4086	2	0	0
4087	1	0	0
4088	1	0	0
4089	4	0	0
4090	1	0	0
4091	1	0	0
4093	3	0	0
4094	1	0	0
4095	4	0	0
4096	1	0	0
4097	5	0	0
4098	6	0	0
4099	2	0	0
4100	4	0	0
4101	1	0	0
4102	4	0	0
4103	2	0	0
4104	4	0	0
4105	1	0	0
4106	1	0	0
4108	4	0	0
4109	1	0	0
4110	3	0	0
4111	5	0	0
4112	2	0	0
4114	3	0	0
4115	1	0	0
4116	4	0	0
4117	4	0	0
4118	4	0	0
4119	6	0	0
4120	3	0	0
4121	3	0	0
4122	4	0	0
4123	3	0	0
4124	2	0	0
4125	1	0	0
4126	1	0	0
4127	3	0	0
4128	4	0	0
4129	1	0	0
4130	1	0	0
4131	2	0	0
4132	2	0	0
4133	4	0	0
4135	1	0	0
4136	1	0	0
4137	3	0	0
4138	1	0	1
4139	3	0	0
4140	1	0	0
4141	1	0	0
4142	2	0	0
4143	2	0	0
4144	1	0	0
4147	1	1	0
4148	1	0	0
4151	3	0	0
4152	2	0	0
4153	3	0	0
4154	2	0	0
4156	1	0	0
4157	1	0	0
4158	1	0	0
4159	2	0	0
4161	2	0	0
4162	1	0	0
4163	1	0	0
4164	2	0	0
4165	3	0	0
4167	1	0	0
4168	2	0	0
4170	1	0	0
4172	1	0	0
4173	1	0	0
4174	1	0	0
4176	2	0	0
4177	3	0	0
4178	1	0	0
4179	1	0	0
4183	1	0	0
4188	1	0	0
4191	3	0	0
4192	2	0	0
4193	2	0	0
4194	1	0	0
4196	1	0	0
4197	1	0	0
4199	2	0	0
4200	1	0	0
4201	2	0	0
4202	2	0	0
4203	3	0	0
4206	1	0	0
4210	1	0	0
4211	1	0	0
4212	2	0	0
4213	1	0	0
4215	3	0	0
4216	1	0	0
4218	1	0	0
4219	2	0	0
4220	5	0	0
4221	2	0	0
4223	1	0	0
4224	2	0	0
4227	2	0	0
4228	3	0	0
4230	3	0	0
4231	1	0	0
4232	1	0	0
4234	1	0	0
4235	1	0	0
4236	1	0	0
4237	3	0	0
4239	2	0	0
4240	1	0	0
4241	2	0	0
4242	2	0	0
4244	1	0	0
4245	3	0	0
4246	2	0	0
4247	2	0	0
4248	3	0	0
4249	2	0	0
4251	4	0	0
4252	2	0	0
4253	1	0	0
4254	1	0	0
4256	2	0	0
4257	1	0	0
4259	2	0	0
4260	2	0	0
4262	3	0	0
4263	2	0	0
4264	2	0	0
4265	3	0	0
4266	3	0	0
4267	3	0	0
4268	1	0	0
4269	1	0	0
4270	4	0	0
4271	5	0	0
4272	1	0	0
4274	1	0	0
4275	2	0	0
4276	1	0	0
4277	1	0	0
4278	1	0	0
4279	3	0	0
4280	1	0	0
4281	4	0	0
4282	2	0	0
4283	2	0	0
4284	1	0	0
4286	2	0	0
4287	1	0	0
4290	2	0	0
4291	2	0	0
4292	1	0	0
4293	1	0	0
4294	2	0	0
4295	2	0	0
4296	1	0	0
4301	5	0	0
4302	2	0	0
4303	1	0	0
4304	2	0	0
4305	1	0	0
4306	3	0	0
4307	1	0	0
4308	1	0	0
4309	2	0	0
4310	1	0	0
4311	1	0	0
4313	3	0	0
4314	4	0	0
4315	4	0	0
4316	2	0	0
4317	4	0	0
4320	6	0	0
4322	3	0	0
4323	5	0	0
4325	4	0	0
4326	3	0	0
4327	2	0	0
4328	2	0	0
4329	1	0	0
4330	1	0	0
4331	1	0	0
4335	1	0	0
4336	1	0	0
4338	1	0	0
4339	2	0	0
4340	2	0	0
4341	2	0	0
4344	2	0	0
4349	1	0	0
4351	1	0	0
4352	1	0	0
4353	1	0	0
4356	1	0	0
4357	2	0	0
4362	1	0	0
4363	3	0	0
4364	1	0	0
4365	1	0	0
4367	1	0	0
4368	1	0	0
4369	2	0	0
4371	2	0	0
4374	2	0	0
4375	1	0	0
4378	1	0	0
4380	1	0	0
4381	1	0	0
4388	1	0	0
4389	1	0	0
4393	2	0	0
4394	1	0	0
4397	1	0	0
4402	2	0	0
4403	1	0	0
4406	1	0	0
4407	1	0	0
4409	1	0	0
4411	1	0	0
4416	3	0	0
4418	2	0	0
4419	1	0	0
4421	1	0	0
4422	2	0	0
4427	1	0	0
4428	2	0	0
4429	1	0	0
4430	1	0	0
4434	1	0	0
4436	1	0	0
4442	1	0	0
4449	1	0	0
4456	1	0	0
4463	1	0	0
4466	0	0	1
4469	1	0	0
4472	1	0	0
4479	1	0	0
4480	1	0	0
4484	1	0	0
4485	1	0	0
4488	1	0	0
4490	1	0	0
4492	2	0	0
4507	0	0	1
4510	1	0	0
4518	1	0	0
4525	1	0	0
4526	1	0	0
4531	1	0	0
4545	1	0	0
4554	1	0	0
4558	1	0	0
4573	1	0	0
4575	1	0	0
4584	0	1	0
4585	1	0	0
4603	1	0	0
4609	1	0	0
4623	0	1	0
4630	1	0	0
4634	0	1	0
4647	0	1	0
4650	0	1	0
4651	1	0	0
4660	0	2	0
4666	1	0	0
4679	0	1	0
4680	0	1	0
4684	0	1	0
4691	1	0	0
4692	0	1	0
4701	1	0	0
4703	0	0	1
4707	0	1	0
4738	1	0	0
4857	0	0	1
4893	1	0	0
4950	1	0	0
4966	0	1	0
4988	0	1	0
4996	0	1	0
5034	1	0	0
5047	0	1	0
5056	0	1	0
5062	0	1	0
5065	0	1	0
5070	0	0	1
5088	0	1	0
5107	0	0	1
5108	0	1	0
5109	0	1	0
5117	1	0	0
5136	1	0	0
5137	1	0	0
5149	1	0	0
5157	1	0	0
5161	1	0	0
5162	1	0	0
5163	1	0	0
5164	1	0	0
5167	1	0	0
5171	1	0	0
5172	2	0	0
5174	1	0	0
5176	1	0	0
5177	1	1	0
5178	1	0	0
5179	1	0	0
5180	3	0	0
5181	1	0	0
5182	1	0	0
5183	1	0	0
5184	1	0	0
5186	1	0	0
5194	1	0	0
5197	1	0	0
5198	1	0	0
5201	1	0	0
5205	1	0	0
5207	2	0	0
5208	1	0	0
5210	1	0	0
5221	1	0	0
5224	1	0	0
5227	1	0	0
5228	2	0	0
5230	1	0	0
5237	1	0	0
5241	1	0	0
5243	1	0	0
5246	1	0	0
5249	1	0	0
5250	1	0	0
5254	1	0	0
5255	1	0	0
5264	1	0	0
5269	1	0	0
5271	2	0	0
5272	1	0	0
5275	1	0	0
5329	0	1	0
5344	0	1	0
5346	1	1	0
5349	0	1	0
5350	0	0	1
5362	0	1	0
5366	0	1	0
5369	0	1	0
5373	0	0	1
5376	0	0	1
5392	1	0	0
5396	0	1	0
5449	0	1	0
5453	0	0	1
5463	1	0	0
5557	1	0	0
5568	0	1	0
5577	0	0	1
5585	0	1	0
5589	1	0	0
5724	0	0	1
5758	1	0	0
5774	1	0	0
5778	2	0	0
5787	1	0	0
5795	1	0	0
5838	1	0	0
5899	1	0	0
6006	1	0	0
6030	1	0	0
6034	1	0	0
6051	1	0	0
6063	0	0	1
6082	0	0	1
6090	1	0	0
6092	1	0	0
6100	1	0	0
6138	1	0	0
6194	1	0	0
6219	1	0	0
6235	0	1	0
6241	1	0	0
6289	1	0	0
6307	1	0	0
6353	1	0	0
6422	1	0	0
6480	1	0	0
6516	1	0	0
6576	1	0	0
6580	1	0	0
6581	0	0	1
6678	1	0	0
6681	1	0	0
6683	1	0	0
6685	3	0	0
6686	1	0	0
6687	1	0	0
6688	2	0	0
6689	4	0	0
6690	1	0	0
6691	1	0	0
6692	1	0	0
6693	1	0	0
6694	1	0	0
6695	1	0	0
6696	3	0	0
6697	2	0	0
6698	2	0	0
6699	2	0	0
6700	2	0	0
6702	2	0	0
6703	1	0	0
6704	2	0	0
6705	2	0	0
6706	2	0	0
6707	3	0	0
6708	3	0	0
6709	2	0	0
6710	3	0	0
6711	4	0	0
6712	4	0	0
6713	4	0	0
6714	4	0	0
6715	3	0	0
6716	4	0	0
6717	2	0	0
6718	2	0	0
6719	3	0	0
6720	1	0	0
6721	3	0	0
6722	3	0	0
6723	3	0	0
6724	3	0	0
6725	2	0	0
6727	3	0	0
6728	5	0	0
6729	1	0	0
6730	4	0	0
6731	5	0	0
6732	5	0	0
6733	4	0	0
6734	4	0	0
6735	6	0	0
6736	9	0	0
6737	4	0	0
6738	9	0	0
6739	4	0	0
6740	8	0	0
6741	4	0	0
6742	7	0	0
6743	5	0	0
6744	8	0	0
6745	6	0	0
6746	6	0	0
6747	6	0	0
6748	7	0	0
6749	4	0	0
6750	5	0	0
6751	7	0	0
6752	4	0	0
6753	6	0	0
6754	5	0	0
6755	5	0	0
6756	1	0	0
6757	5	0	0
6758	2	0	0
6759	4	0	0
6760	5	0	0
6761	6	0	0
6762	6	0	0
6763	4	0	0
6764	5	0	0
6765	2	0	0
6766	2	0	0
6767	3	0	0
6768	4	0	0
6769	2	0	0
6770	4	0	0
6771	4	0	0
6772	6	0	0
6773	6	0	0
6774	4	0	0
6775	2	0	0
6776	3	0	0
6777	4	0	0
6778	3	0	0
6779	8	0	0
6780	6	0	0
6781	4	0	1
6782	1	0	0
6783	2	0	0
6784	1	0	0
6785	1	0	0
6786	5	0	0
6787	3	0	0
6788	1	0	0
6789	4	0	0
6790	2	0	0
6791	5	0	0
6792	5	0	0
6793	1	0	0
6794	3	0	0
6795	1	0	0
6796	3	0	0
6797	3	0	0
6798	1	0	0
6799	1	0	0
6800	1	0	0
6801	1	0	0
6803	1	0	0
6804	1	0	0
6806	2	0	0
6807	1	0	0
6808	3	0	0
6809	1	0	0
6810	2	0	0
6811	2	0	0
6812	2	0	0
6813	4	0	0
6814	2	0	0
6815	3	0	0
6816	4	0	0
6817	2	0	0
6818	4	0	0
6819	2	0	0
6820	2	0	0
6821	1	0	0
6822	3	0	0
6823	1	0	0
6824	1	0	0
6825	1	0	0
6827	1	0	0
6828	1	0	0
6829	2	0	0
6830	1	0	0
6831	2	0	0
6832	2	0	0
6833	1	0	0
6834	1	0	0
6835	1	0	0
6836	0	0	1
6837	1	0	0
6838	1	0	0
6841	2	0	0
6843	1	0	0
6844	2	0	0
6846	1	0	0
6847	2	0	0
6848	1	0	0
6849	2	0	0
6850	2	0	0
6852	1	0	0
6853	1	0	0
6854	1	0	0
6855	2	0	0
6856	1	0	0
6857	1	0	0
6862	1	0	0
6864	1	0	0
6865	1	0	0
6866	1	0	0
6869	1	0	0
6871	1	0	0
6873	1	0	0
6875	1	0	0
6876	1	0	0
6879	1	0	0
6883	1	0	0
6900	1	0	0
6901	1	0	0
6910	1	0	0
6915	1	0	0
6926	1	1	0
6933	1	0	0
6937	1	0	0
6950	1	0	0
6953	1	0	0
6966	1	0	0
6975	1	0	0
6977	1	0	0
6979	1	0	0
6980	1	0	0
6984	1	0	0
6995	1	0	0
7018	1	0	0
7028	1	0	0
7036	1	0	0
7050	1	0	0
7052	1	0	0
7061	0	1	0
7062	0	1	0
7074	1	0	0
7089	1	0	0
7124	0	1	0
7127	1	0	0
7139	1	1	0
7173	1	0	0
7177	0	1	0
7184	0	0	1
7202	0	1	0
7215	0	1	0
7216	0	1	0
7221	1	0	0
7222	0	1	0
7240	0	1	0
7255	1	0	0
7257	0	0	1
7409	0	1	0
7420	1	0	0
7526	0	0	1
7559	0	1	0
7565	0	1	0
7587	0	1	0
7600	0	0	1
7641	0	0	1
7644	0	0	1
7648	0	0	1
7656	0	0	1
7664	0	0	1
7694	0	0	1
7815	0	1	0
7876	1	0	0
7892	1	0	0
7909	1	0	0
7920	1	0	0
7922	1	0	0
7924	1	0	0
7935	1	0	0
7941	1	0	0
7945	1	0	0
7963	1	0	0
7969	1	0	0
7991	0	0	1
7993	2	0	0
7994	1	0	0
7996	1	0	0
7999	1	0	0
8012	1	0	0
8109	1	0	0
8269	0	1	0
8287	0	0	1
8296	1	0	0
8303	0	0	1
8328	1	0	0
8356	1	0	0
8365	1	0	0
8403	1	0	0
8407	1	0	0
8525	0	1	0
8530	0	1	0
8531	0	1	0
8533	0	2	0
8534	0	1	0
8538	0	1	0
8546	0	1	0
8559	0	1	0
8579	0	0	1
8594	0	1	0
8597	0	1	0
8599	0	2	0
8600	0	1	0
8602	0	1	0
8616	0	1	0
8618	0	1	0
8679	0	1	0
8722	0	1	0
8816	0	1	0
8860	0	1	0
8871	0	1	0
8876	0	1	0
8878	0	1	0
8880	0	1	0
8893	0	1	0
8894	0	1	0
8896	0	1	0
8901	0	1	0
8905	0	1	0
8907	0	1	0
8910	0	1	0
8918	0	1	0
8920	0	1	0
8928	0	1	0
8935	0	1	0
8936	0	1	0
8947	0	2	0
8956	0	1	0
8958	0	1	0
8961	0	0	1
8964	0	1	0
8966	0	1	0
8969	1	0	0
8973	0	1	0
8981	1	0	0
8985	1	0	0
9000	0	1	0
9005	0	0	1
9008	1	0	0
9010	0	1	0
9013	0	1	0
9020	0	1	0
9023	1	0	0
9026	0	0	1
9048	0	1	0
9054	0	0	1
9058	0	0	1
9064	0	1	0
9070	0	0	1
9073	0	1	0
9082	0	1	0
9083	0	1	0
9107	0	1	0
9108	0	1	0
9112	1	0	0
9114	1	0	0
9158	0	0	1
9164	0	0	1
9188	1	0	0
9190	0	1	1
9203	0	0	1
9213	1	0	0
9216	2	0	0
9217	1	0	0
9218	0	0	1
9247	2	0	0
9263	1	0	0
9271	1	0	0
9283	1	0	0
9300	1	0	0
9304	1	0	0
9307	1	0	0
9309	2	0	0
9315	0	0	1
9316	1	0	0
9318	2	0	0
9330	1	0	0
9332	1	0	0
9339	1	0	0
9340	1	0	0
9341	1	0	0
9343	1	0	0
9346	1	0	0
9347	1	0	0
9356	1	0	0
9358	1	0	0
9360	1	0	0
9361	1	0	0
9363	2	0	0
9364	1	0	0
9367	1	0	0
9369	1	0	0
9375	1	0	0
9389	1	0	1
9394	1	0	0
9403	1	0	0
9410	1	0	0
9412	1	0	0
9422	1	0	0
9425	1	0	0
9429	1	0	0
9461	0	0	1
9577	0	0	1
9653	1	0	0
9654	1	0	0
9667	1	0	0
9669	1	0	0
9682	1	0	0
9702	0	0	1
9742	1	0	0
9743	1	0	0
9746	1	0	0
9762	1	0	0
9835	0	1	0
9855	1	0	0
9994	0	0	1
10023	0	0	1
10035	0	0	1
10234	0	0	1
10352	0	0	1
10497	0	0	1
10569	0	0	1
10586	1	0	0
10940	0	0	1
11407	0	1	0
11447	0	1	0
11499	0	1	0
11501	0	1	0
11509	0	1	0
11615	0	1	0
11639	0	1	0
11952	0	1	0
11979	0	1	0
12007	0	1	0
12369	0	0	1
12394	0	0	1
12578	0	1	0
12584	1	0	0
12585	0	1	0
12664	0	1	0
12680	1	0	0
12684	0	1	0
12688	1	0	0
12756	1	0	0
12820	1	0	0
12832	1	0	0
12924	1	0	0
12953	0	0	1
12956	0	1	0
12979	0	1	0
13014	0	1	0
13047	0	1	0
13060	0	0	1
13095	0	1	0
13130	0	0	1
13136	0	0	1
13151	1	0	0
13282	1	0	0
13301	0	0	1
13327	0	0	1
13337	1	0	0
13386	1	0	0
13421	1	0	0
13432	1	0	0
13433	0	0	1
13438	1	0	0
13452	1	0	0
13464	1	0	0
13480	0	0	1
13500	1	0	0
13740	1	0	0
13754	1	0	0
13983	1	0	0
14070	0	0	1
14183	0	0	1
14845	1	0	0
14934	0	0	1
15026	0	1	0
15047	1	0	0
15095	0	1	0
15179	0	0	1
15187	0	1	0
15523	0	0	1
15569	0	0	1
15598	0	1	0
15600	0	1	0
15699	1	0	0
15861	0	0	1
16078	0	0	1
16099	0	0	1
16222	1	0	0
16276	0	1	0
16315	0	1	0
16348	1	0	0
16680	0	1	0
16846	0	1	0
16982	0	0	1
17299	0	0	1
17508	1	0	0
17568	0	0	1
17713	0	0	1
17715	0	0	1
18231	1	0	0
18754	0	0	1
18934	0	0	1
19421	0	0	1
19594	0	0	1
19697	0	0	1
19799	0	0	1
19879	0	0	1
20154	0	0	1
20292	0	0	1
21027	1	0	0
21739	0	0	1
22087	0	1	0
22739	0	0	1
22862	1	0	0
22998	0	0	1
23203	0	0	1
23264	0	0	1
23946	0	0	1
24029	0	0	1
24148	0	0	1
24219	0	0	1
24256	0	0	1
24397	0	0	1
24469	1	0	0
24504	0	0	1
24877	0	1	0
25020	0	0	1
25099	0	1	0
25541	0	0	1
25579	1	0	0
25586	0	0	1
25588	0	0	1
25661	0	0	1
25754	0	0	1
25809	0	0	1
25815	0	0	1
25922	0	0	1
25992	0	0	1
25999	0	0	1
26020	1	0	0
26052	0	1	0
26134	0	0	1
26238	0	0	1
26241	0	0	1
26266	0	1	0
26593	0	0	1
26810	0	0	1
26867	1	0	0
27253	0	0	1
27257	0	0	1
27259	0	0	1
27260	0	0	2
27262	0	0	1
27269	0	0	1
27285	0	0	1
27287	0	0	1
27288	0	0	1
27315	0	0	1
27317	1	0	0
27551	1	0	0
27811	0	0	1
27882	0	0	1
27934	0	0	1
28600	0	1	0
28609	0	1	0
28692	0	1	0
28719	0	1	0
28813	0	0	1
28832	0	0	1
28966	0	0	1
29010	1	0	0
29251	0	0	1
29304	0	0	1
29545	0	0	1
29687	0	0	1
29743	0	1	0
29835	0	0	1
30063	0	0	1
30632	0	0	1
30638	0	0	1
30813	0	0	1
30947	0	0	1
31589	1	0	0
32003	0	0	1
32053	0	0	1
32509	0	0	1
32696	0	1	0
32825	1	0	0
33093	0	1	0
33352	0	0	1
33578	0	0	1
33583	0	0	1
34113	0	0	1
34119	0	0	1
34362	0	0	1
34391	0	0	1
34393	0	0	1
34399	0	0	1
34407	0	0	1
34412	0	0	1
34417	0	0	1
34427	0	0	1
34456	0	0	1
34523	0	0	1
34809	1	0	0
34891	0	0	1
34986	1	0	0
35016	0	0	1
35086	0	0	1
35250	1	0	0
35455	0	0	1
36022	1	0	0
36075	0	0	1
36187	0	0	1
36285	0	0	1
36354	0	0	1
36583	0	0	1
36670	0	0	1
37269	0	0	1
37527	0	0	1
37581	0	0	1
37587	0	0	1
37803	0	0	1
37807	0	1	0
37903	0	1	0
37962	0	1	0
37986	0	0	1
38158	1	0	0
38292	0	1	0
38784	1	0	0
38798	1	0	0
38814	1	0	0
38827	1	0	0
38832	1	0	0
38839	1	0	0
38916	0	0	1
38918	0	0	1
39050	1	0	0
39077	1	0	0
39082	1	0	0
39138	1	0	0
39176	1	0	0
39511	1	0	0
39529	0	0	1
40055	0	1	0
40075	1	0	0
40105	0	0	1
40270	0	1	0
40800	1	0	0
41159	1	0	0
41293	0	0	1
41456	0	0	1
41520	0	1	0
41543	0	0	1
41614	0	0	1
41820	0	0	1
42079	0	0	1
42234	0	0	1
42306	0	0	1
42375	1	0	0
42493	0	1	0
42513	1	0	0
42608	0	0	1
42725	0	0	1
42931	0	0	1
43166	0	1	0
43266	1	0	0
43521	0	0	1
44019	0	0	1
44271	0	1	0
44435	0	0	1
44556	1	0	0
44706	0	0	1
44750	1	0	0
44770	1	0	0
44975	0	0	1
45105	0	1	0
45177	0	1	0
45209	0	1	0
45412	0	1	0
45441	0	1	0
45485	0	1	0
45539	1	0	0
45635	1	0	0
45710	0	0	1
45738	0	0	1
45820	0	0	1
45831	0	0	1
45852	0	0	1
45939	0	0	1
46071	1	0	0
46128	0	0	1
46130	0	0	1
46194	1	0	0
46318	1	0	0
46455	0	0	1
46515	1	0	0
46632	0	0	1
46710	1	0	0
46738	1	0	0
46741	0	0	1
46783	1	0	0
47095	0	1	0
48033	0	0	1
48548	0	1	0
48565	0	1	0
48578	0	1	0
48587	0	1	0
48839	0	1	0
49053	0	0	1
49246	0	0	1
49337	1	0	0
49379	1	0	0
49427	1	0	0
49545	0	0	1
49673	1	0	0
49695	1	0	0
49760	0	0	1
49796	1	0	0
50190	1	0	0
50327	0	1	0
50398	0	0	1
50502	0	1	0
51146	1	0	0
51401	0	0	1
51692	0	0	1
51720	0	0	1
51819	0	1	0
53321	0	0	1
53683	0	1	0
53734	1	0	0
53742	0	0	1
53759	0	0	1
53953	0	0	1
54012	0	1	0
54442	0	0	1
55659	0	2	0
55660	0	19	0
55661	0	6	0
55662	0	112	0
55663	0	3	0
55665	0	1	0
55669	0	6	0
55670	0	1	0
55715	0	1	0
55750	1	0	0
55765	6	0	0
55767	1	0	0
55768	5	0	0
55769	2	0	0
55770	9	0	0
55771	1	0	0
55772	1	0	0
55985	0	0	1
56078	0	0	2
56138	0	0	1
56320	0	0	1
56353	0	0	1
56358	0	0	1
56475	0	0	1
56556	1	0	0
56862	0	1	0
57000	0	1	0
57069	0	1	0
57102	0	1	0
57109	0	1	0
57114	0	1	0
57123	0	1	0
57131	0	1	0
57140	0	1	0
57365	0	1	0
57389	0	1	0
57390	0	2	0
57408	0	1	0
57414	0	0	1
57420	0	1	0
57484	0	0	1
57670	0	0	1
57835	0	0	1
57929	1	0	0
57949	1	0	0
58064	1	0	0
58088	1	0	0
58194	1	0	0
58195	1	0	0
58200	1	0	0
58210	1	0	0
58217	1	0	0
58222	1	0	0
58223	1	0	0
58225	1	0	0
58232	1	0	0
58235	1	0	0
58264	1	0	0
58300	2	0	0
58321	1	0	0
58337	1	0	0
58357	1	0	0
58462	0	1	0
58479	0	1	0
58495	1	0	0
58522	1	0	0
58608	0	0	1
58849	0	0	1
58996	1	0	0
59048	1	0	0
59226	0	0	1
60877	0	1	0
61028	0	1	0
61035	0	0	1
61206	0	1	0
61475	1	0	0
61478	0	0	1
61535	0	0	1
61929	0	0	1
62044	0	0	1
63252	0	1	0
63378	0	0	1
63396	0	0	1
63445	0	1	0
63817	0	1	0
64219	0	0	1
64711	0	1	0
65432	1	0	0
65564	0	1	0
66505	1	0	0
66728	1	0	0
66947	0	1	0
67122	0	1	0
67313	1	0	0
67320	1	0	0
67330	0	0	1
67983	0	0	1
68001	0	0	1
68316	1	0	0
68345	0	0	1
68385	0	0	1
68470	0	0	1
68477	0	0	1
68626	1	0	0
68684	0	1	0
68986	0	0	1
69005	1	0	0
69078	0	0	1
69298	0	1	0
69799	1	0	0
69873	0	0	1
69952	1	0	0
70020	1	0	0
70373	0	0	2
70553	1	0	0
70843	1	0	0
70961	0	1	0
71293	0	1	0
71460	0	0	1
72309	0	1	0
72622	0	1	0
73251	1	0	0
73292	1	0	0
73348	0	0	1
73626	0	0	1
73631	0	0	1
74001	1	0	0
74267	0	0	1
74851	0	1	0
74861	0	1	0
75591	0	1	0
75701	0	0	1
76254	0	0	1
76341	0	0	1
77296	0	0	1
77846	0	0	1
78112	0	0	1
78229	0	1	0
78506	0	0	1
78838	0	1	0
78860	0	0	1
79150	0	0	1
79340	1	0	0
79923	0	1	0
80183	0	1	0
80257	0	1	0
80290	0	1	0
80430	0	1	0
80942	0	1	0
81101	0	0	1
81183	0	0	1
81796	0	0	1
81896	0	1	0
81971	0	0	1
82151	0	0	1
82312	1	0	0
82396	0	1	0
82569	0	0	1
82793	1	0	0
84424	0	0	1
84518	0	0	1
85112	1	0	0
85893	1	0	0
86292	0	0	1
86639	0	0	1
87629	0	0	1
87739	0	0	1
87860	0	0	1
88496	0	1	0
88913	0	1	0
89012	1	0	0
89027	0	1	0
89161	1	0	0
91127	0	0	1
91278	0	0	1
91448	0	1	0
92209	0	0	1
93329	0	1	0
93358	0	0	1
93402	0	1	0
93423	0	1	0
93484	0	1	0
93485	0	1	0
93487	0	1	0
93489	0	1	0
93561	0	0	1
93736	0	1	0
93799	1	0	0
94239	0	0	1
94507	1	0	0
94512	1	0	0
94520	1	0	0
94576	1	0	0
94583	1	0	0
94584	1	0	0
94591	1	0	0
94592	1	0	0
95277	1	0	0
95737	1	0	0
95746	0	0	2
95851	0	0	1
96075	0	1	0
96495	0	0	1
96541	0	0	1
97373	0	1	0
97676	0	0	1
98000	1	0	0
98072	0	0	1
98214	0	0	1
98304	0	0	1
98491	1	0	0
98607	0	0	1
98776	1	0	0
99158	0	1	0
99309	0	1	0
99347	0	1	0
99460	0	1	0
99503	0	1	0
99517	0	1	0
99521	0	1	0
99532	0	3	0
99533	0	3	0
99537	0	1	0
99540	0	3	0
99543	0	2	0
99544	0	2	0
99545	0	3	0
99579	0	0	1
99582	0	2	0
99587	0	1	0
99594	0	5	0
99595	0	4	0
99596	0	1	0
99597	0	4	0
99602	0	3	0
99603	0	1	0
99604	0	2	0
99605	0	2	0
99606	0	1	0
99607	0	3	0
99608	0	4	0
99609	0	2	0
99610	0	6	0
99612	0	3	0
99617	0	8	0
99618	0	1	0
99619	0	6	0
99620	0	5	0
99621	0	2	0
99623	0	3	0
99624	0	9	0
99625	0	18	0
99626	0	1	0
99627	0	11	0
99628	0	10	0
99629	0	4	0
99630	0	3	0
99631	0	3	0
99632	0	1	0
99635	0	1	0
99637	0	3	0
99638	0	9	0
99639	0	20	0
99640	0	11	0
99641	0	13	0
99642	0	3	0
99644	0	3	0
99646	0	1	0
99647	0	1	0
99649	0	1	0
99651	0	1	0
99655	0	1	0
99660	0	1	0
99670	0	1	0
99692	0	0	1
99708	0	1	0
99719	0	1	0
99745	0	0	1
99889	1	0	0
99939	1	0	0
100029	1	0	0
100055	2	0	0
100056	1	0	0
100058	5	0	0
100059	2	0	0
100060	7	0	0
100061	15	0	0
100062	9	0	0
100063	20	0	0
100064	10	0	0
100065	3	0	0
100066	1	0	0
100067	2	0	0
100068	1	0	0
100070	1	0	0
100071	2	0	0
100072	1	0	0
100073	7	0	0
100074	14	0	0
100075	13	0	0
100076	5	0	0
100077	22	0	0
100078	19	0	0
100079	10	0	0
100080	3	0	0
100081	1	0	0
100082	9	0	0
100083	17	0	0
100084	2	0	0
100085	7	0	0
100086	1	0	0
100088	1	0	0
100092	8	0	0
100093	5	0	0
100094	7	0	0
100095	6	0	0
100097	4	0	0
100099	1	0	0
100100	3	0	0
100101	1	0	0
100102	1	0	0
100103	2	0	0
100104	2	0	0
100105	4	0	0
100106	1	0	0
100107	6	0	0
100108	5	0	0
100117	1	0	0
100137	1	0	0
100143	1	0	0
100145	1	0	0
100146	1	0	0
100151	1	0	0
100152	3	0	0
100154	1	0	0
100157	2	0	0
100158	7	0	0
100159	2	0	0
100160	1	0	0
100161	1	0	0
100162	7	0	0
100165	1	0	0
100169	3	0	0
100170	11	0	0
100171	4	0	0
100174	1	0	0
100179	1	0	0
100182	1	0	0
100183	5	0	0
100185	1	0	0
100186	3	0	0
100212	1	0	0
100498	0	0	1
100933	0	0	1
101468	0	0	1
101545	0	0	1
101705	0	0	1
101965	0	0	1
102632	1	0	0
103421	0	0	1
103474	0	1	0
103847	1	0	0
104012	0	1	0
104075	1	0	0
104112	0	0	1
104217	0	0	1
104245	0	0	1
104484	0	0	1
104727	0	1	0
104780	0	0	1
105033	0	0	1
105171	0	0	1
105195	0	0	1
105343	0	0	1
105518	0	0	1
105554	0	0	1
105589	0	0	1
105609	0	0	1
105693	0	0	1
105742	0	0	1
105762	0	1	0
105763	0	1	0
105775	0	0	1
105778	0	0	1
105805	0	0	1
105844	0	0	1
105884	0	0	1
106005	0	0	1
106124	0	0	1
106140	0	0	1
106144	0	0	1
106167	0	0	1
106194	0	0	1
106247	0	0	1
106282	0	0	1
106340	0	0	1
106404	0	0	1
106425	0	0	1
106467	0	0	1
106468	0	0	1
106542	0	0	1
106568	0	0	1
106576	0	0	2
106595	0	0	2
106730	0	1	0
106769	0	0	1
106970	0	0	1
106982	0	0	1
107078	0	0	1
107192	0	0	1
107230	0	0	1
107317	0	0	1
107574	0	0	1
107587	0	0	1
107649	1	0	0
107780	0	0	1
107794	0	0	1
107817	0	1	0
107870	0	1	0
108080	0	0	1
108138	0	0	1
108240	0	0	1
108267	0	0	1
108327	1	0	0
108439	0	1	0
108552	0	1	0
108595	1	0	0
108630	0	1	0
108668	0	0	1
108674	0	0	1
108678	1	0	0
108764	0	1	0
108841	0	0	1
108855	1	0	0
108912	0	0	1
108937	1	0	0
109064	1	0	0
109128	0	0	1
109227	0	1	0
109388	0	0	1
109413	0	0	1
109469	0	0	1
109489	0	0	1
109532	0	0	1
109570	1	0	0
109605	1	0	0
109622	0	1	0
109704	0	0	1
109776	0	0	1
109855	1	0	0
110015	0	1	0
110026	0	1	0
110137	0	1	0
110169	0	1	0
110197	0	1	0
110252	0	1	0
110342	0	1	0
110387	0	0	1
110470	0	0	1
110556	0	1	0
110562	0	1	0
110566	0	1	0
110574	0	1	0
110575	1	0	0
110581	0	0	1
110592	0	1	0
110601	0	1	0
110619	0	1	0
110621	0	1	0
110626	0	1	0
110631	0	2	0
110634	0	1	0
110637	0	1	0
110638	0	3	0
110645	0	1	0
110657	0	1	0
110659	0	1	0
110663	0	1	0
110664	0	1	0
110666	0	1	0
110681	0	0	1
110687	0	1	0
110694	0	1	1
110700	0	0	1
110702	0	1	0
110706	0	1	0
110707	0	0	1
110710	0	0	1
110768	0	0	1
110810	0	0	1
110813	0	0	1
110820	0	0	1
110852	0	0	1
110863	0	0	1
110878	0	0	1
110879	0	0	1
110903	0	0	1
110919	0	0	1
111077	0	0	1
111120	0	0	1
111142	0	0	1
111185	1	0	0
111210	0	1	0
111367	0	0	1
111479	1	0	0
111716	0	1	0
112002	1	0	0
112152	0	1	0
112177	0	0	1
112476	0	1	0
112572	0	0	1
112591	0	0	1
112960	0	0	1
113087	0	0	1
113130	0	0	1
113393	0	0	1
114517	0	0	1
114527	0	0	1
114586	0	0	1
114677	0	0	1
114769	0	0	1
114851	0	0	1
115087	0	0	1
115211	0	0	1
115230	1	0	0
115324	0	0	1
115440	0	0	1
115555	0	0	1
116136	0	0	1
116454	0	0	1
116769	0	0	1
116775	1	0	0
117405	0	0	1
117515	0	0	1
117519	0	0	1
117705	0	0	1
117800	0	0	1
118141	0	1	0
118239	0	1	0
118436	0	0	1
118571	0	0	1
119209	0	1	0
119211	0	1	0
119334	0	0	1
119394	0	0	1
119603	0	0	1
119628	0	1	0
119991	0	1	0
120035	0	1	0
120295	1	0	0
120579	0	0	1
120711	0	0	1
120792	0	0	1
120848	0	0	1
120862	0	0	1
120865	0	0	1
120961	0	1	0
122023	0	0	1
122224	0	0	1
122244	0	0	1
122488	0	0	1
122537	0	0	1
122599	1	0	0
122723	1	0	0
123238	0	1	0
123285	0	1	0
123490	2	0	0
123617	0	0	1
123699	0	0	1
123824	0	0	1
123908	0	1	0
124032	0	1	0
124092	1	0	0
124096	0	0	1
124097	0	0	1
124114	0	1	0
124181	0	0	1
124221	0	0	1
124231	0	0	1
124362	0	1	0
124695	0	0	1
124702	0	0	1
125435	1	0	0
125788	0	0	1
125821	0	0	1
126278	0	0	1
126407	0	0	1
126791	0	0	1
126973	1	0	0
127499	0	0	1
127567	1	0	0
127589	1	0	0
128331	0	1	0
128365	1	0	0
128733	0	0	1
128738	0	0	1
128745	0	0	1
128865	1	0	0
128964	4	0	0
128965	1	0	0
128966	1	0	0
128967	1	0	0
128968	3	0	0
128969	4	0	0
128970	2	0	0
128987	1	0	0
128988	4	0	0
129021	1	0	0
129024	1	0	0
129025	3	0	0
129027	1	0	0
129056	1	0	0
129115	1	0	0
129258	3	0	0
129259	1	0	0
129883	0	0	1
130378	0	0	1
131459	0	0	1
131489	0	0	1
131686	0	0	1
131932	1	0	0
131966	1	0	0
132014	1	0	0
132015	0	0	1
132027	0	0	2
132327	0	1	0
132881	1	0	0
133318	0	0	1
133397	0	0	1
133940	1	0	0
134453	0	1	0
134507	0	1	0
134508	0	1	0
134512	0	1	0
134683	0	1	0
134766	0	0	1
134820	0	1	0
134839	0	1	0
134880	0	1	0
134887	0	1	0
134920	0	1	0
135034	0	0	1
135036	0	1	0
135127	0	0	1
135153	1	0	0
135827	0	1	0
136154	0	0	1
136156	0	1	0
136220	1	0	0
136327	0	1	0
136481	1	0	0
136597	1	0	0
137182	1	0	0
137487	1	0	0
137592	0	1	0
137790	0	0	1
137903	0	0	1
138567	0	1	0
139340	0	0	1
139388	1	0	0
139511	0	0	1
139532	1	0	0
139668	0	0	1
139681	0	0	1
140341	1	0	0
140400	1	0	0
140565	0	0	1
140753	0	0	1
140925	0	0	1
141388	0	1	0
141412	1	0	0
141971	0	1	0
142384	0	1	0
142395	0	0	1
142480	0	1	0
142673	0	0	1
143017	0	0	1
143128	0	1	0
143168	0	0	1
143928	1	0	0
144145	0	0	1
144515	0	0	1
146143	0	0	1
146826	0	1	0
146960	1	0	0
147235	1	0	0
147372	1	0	0
148012	1	0	0
148146	0	1	0
148329	0	1	0
148596	1	0	0
148619	1	0	0
149221	0	0	1
150256	0	0	1
150532	0	1	0
150799	0	1	0
150849	0	0	1
150888	0	0	1
150991	0	0	1
151936	1	0	0
152465	1	0	0
152654	0	0	1
153842	0	0	1
154154	0	0	1
154301	1	0	0
154490	0	0	1
154697	0	0	1
154705	0	0	1
155145	0	0	1
155685	1	0	0
155856	0	1	0
155963	0	0	1
155965	0	0	1
156023	0	1	0
156106	0	1	0
156199	0	0	1
156550	0	0	1
156716	0	0	1
156914	0	1	0
157090	0	1	0
157388	0	0	1
157617	0	0	1
158128	0	0	1
158325	0	0	1
158474	1	0	0
158483	1	0	0
158547	0	1	0
158682	1	0	0
159071	0	0	1
159221	1	0	0
159485	0	0	1
160015	1	0	0
160036	0	1	0
160189	0	0	1
160463	0	0	1
160670	0	0	1
160690	0	0	1
160873	0	1	0
160951	0	0	1
161012	0	0	1
161046	0	0	1
161053	0	1	0
161116	0	0	1
161152	0	0	1
161226	1	0	0
161303	0	1	0
161487	0	0	1
161587	0	0	1
161641	0	0	1
161719	0	0	1
161735	0	1	0
161809	0	0	1
162109	0	0	1
162268	0	0	1
162301	1	0	0
162302	1	0	0
162371	1	0	0
162442	0	0	1
162465	0	0	1
162508	0	0	1
162509	0	0	1
162529	0	0	1
162532	0	0	1
162560	0	0	1
162561	0	0	1
162822	0	0	1
162909	0	1	0
163163	0	0	1
163761	0	0	1
163853	0	0	1
164147	0	0	1
164971	0	1	0
165766	0	0	1
166100	0	0	1
166703	0	0	1
166850	0	0	1
167186	1	0	0
167199	0	0	1
167428	0	0	1
168803	0	0	1
168830	1	0	0
169320	1	0	0
169787	0	0	1
169913	0	0	1
169947	0	0	1
169964	0	0	1
169986	0	0	1
170007	0	0	1
170008	0	0	1
170061	0	1	0
170123	0	0	1
170170	1	0	0
170235	1	0	0
170588	0	0	1
170631	0	0	1
170812	0	0	1
171038	0	0	1
171084	0	0	1
171117	0	0	1
171179	0	0	1
171264	0	0	1
171340	0	0	1
171477	0	0	1
171688	0	0	1
171723	0	0	1
171821	0	0	1
172021	0	0	1
172064	1	0	0
172139	1	0	0
172629	0	0	1
172645	0	0	1
172778	0	0	1
172833	0	0	1
172903	0	0	1
172965	0	0	1
173085	1	0	0
173094	0	0	1
173883	0	0	1
174076	0	1	0
174096	0	0	1
174235	0	0	1
174326	0	0	1
174379	0	0	1
174432	0	0	1
174570	0	0	1
174607	0	0	1
174672	0	1	0
174769	0	0	1
174800	0	0	1
174811	0	0	1
174884	0	0	1
174904	0	0	1
174929	1	0	0
175011	0	0	1
175090	0	0	1
175333	0	0	1
175505	0	0	1
175681	0	0	1
175700	0	0	1
175765	0	0	1
175783	0	0	1
175801	0	0	1
175807	0	0	1
175808	0	0	1
175825	0	0	1
175948	0	0	1
175983	0	0	1
175992	0	0	1
176028	0	0	1
176046	0	0	1
176077	0	0	1
176093	0	0	1
176196	0	0	1
176200	0	0	1
176205	0	0	1
176237	0	0	1
176257	0	0	1
176278	0	0	1
176290	0	0	1
176316	0	0	1
176352	0	0	1
176469	0	0	1
176580	0	1	0
176673	0	0	1
176819	0	0	1
176910	0	0	1
176967	0	0	1
177024	1	0	0
177224	0	0	1
177273	0	0	1
177280	0	0	1
177293	0	0	1
177303	0	0	2
177317	0	0	3
177348	0	0	1
177573	0	0	1
177678	0	0	1
177693	0	0	1
177701	0	0	1
177769	0	0	1
177796	1	0	0
177814	0	0	1
177850	0	0	1
177856	1	0	0
177863	0	0	1
177873	0	0	1
177971	0	0	1
178059	0	0	1
178102	0	0	1
178175	0	0	1
178188	0	0	1
178198	0	0	1
178307	0	0	1
178338	0	0	1
178359	0	0	1
178607	0	0	1
178769	1	0	0
178803	0	0	1
178812	0	1	0
178826	0	1	0
178839	0	0	1
178947	0	0	1
179166	0	0	1
179208	1	0	0
179326	0	0	1
179395	0	0	1
179460	0	0	1
179636	0	0	1
179639	0	0	1
179694	0	0	1
180245	0	0	1
180316	0	0	1
180349	0	0	1
180357	0	0	1
180361	0	0	1
180376	0	0	1
180383	0	0	1
180393	0	0	1
180398	0	0	1
180420	0	0	1
180437	0	0	1
180461	0	0	1
180462	0	0	1
180475	0	0	1
180606	0	0	1
180824	0	1	0
181782	0	0	1
182505	0	0	1
182516	0	1	0
183139	0	1	0
183195	0	0	1
183559	0	0	1
183563	0	0	1
183575	0	0	1
183649	0	0	1
183656	0	0	1
183696	0	0	1
183830	0	0	1
184130	0	0	1
184668	1	0	0
184782	0	0	1
184829	0	0	1
185030	0	0	1
185038	0	0	1
185043	0	0	1
185427	1	0	0
185443	0	0	1
185623	0	0	1
185756	0	0	1
186530	0	0	1
186866	1	0	0
186896	0	0	1
187106	0	0	1
187162	0	0	1
187175	0	0	1
187203	0	0	1
187250	0	0	1
187259	0	0	1
187295	0	0	1
187339	0	0	1
187511	0	0	1
187534	0	0	1
187555	0	0	1
187567	0	0	1
187862	0	0	1
187881	0	0	1
188314	0	0	1
188326	0	1	0
188366	0	0	1
188397	0	0	1
189000	0	0	1
189289	0	0	1
189650	0	0	1
189745	0	0	1
189810	0	0	2
189821	0	0	1
189855	1	0	0
190037	0	0	1
190183	0	0	1
190606	0	0	1
190897	0	0	1
190905	0	0	1
190919	0	0	1
191196	0	1	0
191519	0	0	1
191527	1	0	0
191749	0	0	1
191794	0	0	1
191900	0	1	0
192240	1	0	0
192621	0	0	1
192632	0	0	1
193100	0	1	0
193321	0	0	1
193459	0	0	1
195390	0	1	0
196072	0	1	0
196096	0	1	0
197444	0	0	1
197653	0	0	1
198181	1	0	0
199048	1	0	0
199188	0	0	1
199281	0	0	1
199620	0	1	0
199801	0	0	1
199915	0	1	0
200195	0	0	1
202032	0	0	1
203028	0	0	1
204075	0	1	0
204324	0	1	0
204553	1	0	0
204613	1	0	0
205755	0	0	1
206158	1	0	0
206604	0	1	0
206764	0	0	1
207131	0	0	1
207169	0	0	1
207231	0	1	0
207361	0	0	1
208061	1	0	0
208909	0	0	1
209423	0	1	0
210266	0	0	1
211073	1	0	0
211362	0	0	1
212058	1	0	0
212383	1	0	0
212389	0	1	0
212629	0	1	0
212688	0	0	1
212823	0	0	1
213008	0	0	1
213205	0	0	1
213221	0	0	1
213323	0	0	1
213347	0	0	1
213378	0	0	1
213499	0	0	1
213523	0	0	1
213706	0	0	1
213718	0	0	1
213721	0	0	1
214027	0	0	1
214175	0	0	1
214197	0	0	1
214198	0	0	1
214355	0	0	1
214554	0	0	1
214563	0	0	1
214588	0	1	0
214829	0	0	1
214839	0	0	1
214841	0	0	1
214843	0	0	2
214852	0	0	1
214855	0	0	1
214867	0	0	1
214872	0	0	1
214875	0	0	1
214877	0	0	1
214966	0	0	1
215178	0	0	1
215195	0	0	1
215211	0	0	1
215223	0	0	1
215227	0	0	1
215281	0	0	1
215299	0	0	1
215334	0	0	1
215346	0	0	1
215361	0	0	1
215390	0	0	1
215449	0	0	1
215473	0	0	1
215541	0	0	1
215566	0	0	1
215621	0	0	1
215633	0	0	1
215635	0	0	1
215704	0	0	1
215714	0	0	1
215776	0	0	1
215781	0	0	1
215800	0	0	1
215817	0	0	1
215840	0	0	1
215878	0	0	1
215880	0	0	1
215918	0	0	1
215962	0	0	1
215986	0	0	1
216000	0	0	1
216015	0	0	1
216033	0	0	1
216133	1	0	0
216134	0	0	1
216160	0	0	1
216167	0	0	1
216198	0	0	1
216208	0	0	1
216224	0	0	1
216227	0	0	1
216236	0	0	1
216241	0	1	0
216254	0	0	1
216258	0	0	1
216312	0	0	1
216346	0	0	1
216352	0	1	0
216393	0	1	0
216584	0	0	1
216703	0	0	1
216718	0	0	1
216719	0	0	1
216786	0	0	1
216963	0	0	1
217043	0	0	1
217090	0	0	1
217178	0	0	1
217370	0	0	1
217494	1	0	0
217512	0	0	1
217537	0	0	1
217594	0	0	1
217618	0	0	1
217782	0	0	1
218006	0	1	0
218079	0	0	1
218135	0	0	1
218341	0	0	1
218352	0	0	1
218358	0	0	1
218521	0	0	1
218528	0	0	1
218556	0	0	1
218639	0	0	1
218705	0	0	1
218829	1	0	0
219028	0	0	1
219106	0	0	1
219523	0	0	1
219794	0	0	1
219900	0	0	1
220426	0	0	1
220433	1	0	0
220463	0	0	1
220502	0	0	1
220529	0	0	1
220635	0	0	1
220688	0	0	1
220732	0	0	1
220760	0	0	1
220796	0	0	1
220804	0	0	1
220817	0	0	1
220828	0	0	1
220963	0	0	1
220966	0	0	1
221042	0	0	1
221202	0	0	1
221497	0	0	1
221519	0	0	1
221560	0	0	1
221622	0	0	1
221725	1	0	0
221933	0	0	2
222058	0	0	1
222086	0	0	1
222123	0	1	0
222154	0	0	1
222161	0	0	1
222171	0	0	1
222185	1	0	0
222299	0	0	1
222358	0	0	1
222367	0	0	1
222609	0	0	1
222632	0	0	1
222727	0	0	1
222897	0	0	1
222947	0	0	1
222955	0	0	1
223001	0	0	1
223034	0	0	1
223035	0	0	1
223083	0	0	1
223146	0	0	1
223157	0	0	1
223213	0	0	1
223415	0	0	1
223651	0	0	1
223659	0	0	1
223710	0	0	1
223726	0	0	1
223737	0	0	1
223792	1	0	0
223824	0	0	1
223917	0	0	1
224041	0	1	0
224093	1	0	0
224117	1	0	0
224119	1	0	0
224126	1	0	0
224128	1	0	0
224129	2	0	0
224134	1	0	0
224136	1	0	0
224137	1	0	0
224138	1	0	0
224141	1	0	0
224145	1	0	0
224147	1	0	0
224153	1	0	0
224161	1	0	0
224163	1	0	0
224167	1	0	0
224176	1	0	0
224194	1	0	0
224444	1	0	0
224608	0	1	0
224689	0	0	1
224911	0	1	0
224982	0	0	1
225078	0	0	1
225317	0	1	0
225380	0	0	1
225877	1	0	0
225936	0	0	1
225951	0	0	1
226073	0	0	1
226445	0	0	1
226812	0	0	1
226896	0	1	0
226998	0	0	1
227000	0	0	1
227003	0	0	1
227015	0	0	1
227106	0	0	1
227186	0	0	1
227260	1	0	0
228194	1	0	0
228365	0	1	0
228590	0	0	1
228663	0	1	0
228852	0	1	0
229239	1	0	0
229555	0	0	1
229848	0	0	1
229881	0	0	1
229993	0	0	1
230203	0	0	1
230266	0	0	1
230320	0	1	0
230873	0	0	1
231232	0	0	1
231899	0	1	0
231915	0	1	0
232086	0	1	0
232136	0	1	0
232166	0	1	0
232243	0	1	0
232576	0	0	1
232592	0	1	0
232615	0	0	1
232625	0	0	1
232627	0	1	0
232635	0	0	1
232710	0	0	1
233383	0	1	0
233384	1	0	0
233429	1	0	0
233648	1	0	0
233879	1	0	0
233949	0	0	1
234181	1	0	0
234837	0	0	1
235170	0	0	1
235643	1	0	0
236075	1	0	0
236451	1	0	0
236519	0	0	1
236592	0	1	0
237281	0	1	0
237584	0	1	0
237695	0	1	0
237782	0	0	1
238211	0	0	1
238530	0	0	1
238976	0	0	1
238978	0	0	1
239015	0	0	1
239582	0	0	1
239657	1	0	0
239734	1	0	0
239832	0	0	1
240125	0	1	0
240768	0	0	1
241225	0	0	1
241691	0	0	1
241980	0	0	1
243127	0	0	1
243158	0	0	1
243399	1	0	0
243560	0	0	1
243590	0	0	1
243737	0	1	0
243745	1	0	0
243758	0	0	1
244154	0	0	1
244515	0	0	1
244573	0	0	1
244719	0	0	1
244922	0	0	1
245011	0	0	1
245024	0	0	1
245163	1	0	0
245170	1	0	0
245492	0	0	1
245525	0	0	1
246409	0	0	1
246411	0	0	1
246460	0	0	1
246484	0	0	1
246620	0	0	1
246716	0	0	1
246738	1	0	0
247245	0	0	1
247559	1	0	0
247575	1	0	0
247582	0	0	1
248535	1	0	0
249083	0	0	1
250326	0	0	1
250361	1	0	0
250407	1	0	0
250418	0	0	1
250825	0	0	1
250882	0	0	1
251578	0	0	1
252285	1	0	0
252720	0	0	1
252995	0	0	1
254113	1	0	0
254380	0	0	1
254398	1	0	0
254689	0	0	1
254709	0	1	0
254907	0	1	0
255024	0	1	0
255287	0	1	0
255344	0	1	0
255364	0	0	1
255387	0	0	1
255785	1	0	0
255814	0	1	0
256170	1	0	0
256975	1	0	0
257629	0	0	1
257716	1	0	0
258092	0	0	1
258372	1	0	0
258766	1	0	0
258985	0	0	1
259232	0	0	1
259335	1	0	0
259594	1	0	0
259611	0	0	1
259680	0	0	1
259827	0	0	1
260009	1	0	0
260048	0	1	0
260089	0	0	1
260159	0	1	0
260306	0	1	0
260308	0	1	0
260473	0	0	1
260724	1	0	0
261119	1	0	0
261125	1	0	0
261241	0	1	0
261415	1	0	0
261626	0	0	1
261724	1	0	0
261734	0	0	1
261812	0	0	1
261817	0	0	1
262022	0	1	0
262033	1	0	0
262102	0	1	0
262107	0	0	1
262206	0	0	1
262263	1	0	0
262425	0	0	1
263066	0	0	1
263375	0	0	1
263668	0	0	1
264268	0	0	1
264283	0	0	1
264396	1	0	0
264448	1	0	0
264452	0	0	1
264492	0	0	1
264503	0	0	3
264567	0	0	1
264730	1	0	0
265151	0	0	1
265422	0	1	0
265476	0	0	1
265790	0	0	1
265985	0	1	0
266341	0	0	1
266582	0	0	1
266598	0	0	1
267079	0	0	1
267308	0	0	1
267669	0	0	1
268033	0	0	1
268465	0	1	0
268847	0	1	0
269112	0	0	1
269122	0	0	1
269565	0	0	1
269846	0	0	1
270073	0	0	1
270111	0	0	1
270121	0	0	1
270253	0	0	1
270327	0	0	1
270450	0	0	1
270694	0	1	0
270696	0	1	0
270739	0	0	1
271230	0	0	1
271430	0	0	1
271533	0	1	0
271546	0	0	1
271570	0	0	1
271618	0	1	0
272077	0	0	1
272152	0	0	1
273114	1	0	0
273377	1	0	0
273410	0	1	0
273583	0	0	1
274067	1	0	0
274163	0	1	0
274409	0	0	1
274553	1	0	0
274636	0	0	1
274693	0	0	1
275189	1	0	0
275551	0	0	1
276649	0	0	1
276693	0	0	1
276703	0	0	1
276717	0	0	1
276737	0	0	1
276783	0	0	1
276894	0	0	1
277054	0	0	1
277252	0	0	1
277472	0	0	1
277765	0	0	1
277807	0	0	1
278232	0	1	0
280263	1	0	0
280403	0	1	0
280861	0	1	0
281036	0	0	1
281369	0	0	1
281460	0	0	1
281651	0	0	1
281684	0	0	1
281818	0	0	1
281981	0	0	1
282433	0	0	1
282771	0	0	1
283034	0	1	0
283044	0	1	0
283082	0	0	1
283100	0	0	1
283107	0	1	0
283134	0	0	1
283175	0	0	1
283318	0	0	1
283378	0	0	1
283762	1	0	0
283799	0	0	1
284026	0	0	1
284058	0	0	1
284301	0	0	1
284637	1	0	0
285051	0	0	1
285101	1	0	0
285184	0	0	1
285221	0	0	1
285330	0	0	1
285399	1	0	0
285491	1	0	0
285632	0	1	0
286039	1	0	0
286277	0	0	1
286304	0	0	1
286723	1	0	0
287173	1	0	0
287197	0	1	0
287221	0	1	0
287354	0	0	1
287385	0	0	1
287725	0	0	1
289434	0	0	1
289516	0	0	1
290147	0	1	0
290226	0	1	0
290403	0	0	1
290922	1	0	0
290923	1	0	0
290947	1	0	0
290964	1	0	0
291055	1	0	0
291504	0	1	0
291877	1	0	0
292144	0	0	1
293061	1	0	0
293135	1	0	0
293997	1	0	0
294837	0	0	1
294849	1	0	0
295028	1	0	0
295342	0	1	0
295442	0	1	0
295526	0	1	0
295637	0	1	0
295774	1	0	0
295845	0	0	1
295917	0	0	1
295994	0	0	1
296687	1	0	0
297254	2	0	0
297304	0	0	1
297554	0	1	0
297593	1	0	0
297603	0	0	1
297926	1	0	0
297936	0	0	1
298101	0	0	1
298968	0	0	1
299285	0	1	0
299516	0	1	0
300319	1	0	0
300342	0	0	1
301499	0	1	0
301506	0	1	0
301562	0	1	0
302174	0	0	1
302235	0	1	0
302361	0	1	0
302373	0	0	1
302525	1	0	0
302783	0	0	1
302898	0	0	1
302998	0	0	1
303279	0	0	1
303462	0	0	1
303487	0	0	1
303566	0	0	1
303644	0	1	0
304025	1	0	0
304202	0	0	1
304206	0	1	0
304545	1	0	0
304754	0	1	0
306656	1	0	0
306833	0	0	1
307629	0	1	0
307897	0	1	0
308022	0	1	0
308518	0	0	1
308770	0	0	1
309533	1	0	0
309668	1	0	0
310248	0	1	0
310997	0	0	1
311360	1	0	0
311508	0	1	0
313239	0	0	1
313472	0	0	1
313517	0	0	1
314710	0	1	0
315473	1	0	0
315655	0	0	1
315889	0	0	1
316861	0	0	1
317251	1	0	0
318006	0	1	0
318493	0	1	0
318800	0	1	0
318881	1	0	0
319174	0	0	1
319509	0	0	1
319771	0	1	0
319782	1	0	0
320348	0	0	1
320755	1	0	0
321229	0	0	1
321406	0	0	1
321810	1	0	0
322618	0	0	1
322796	0	1	0
322898	1	0	0
323083	1	0	0
323098	0	1	0
323200	0	0	1
323391	0	0	1
323565	0	0	1
323586	0	0	1
323604	0	0	1
323628	0	0	1
323836	0	0	1
324128	0	0	1
324210	0	1	0
324284	0	0	1
324294	0	0	1
324314	0	0	1
324353	0	0	1
324360	0	0	1
324399	0	0	1
324569	0	0	1
324576	0	1	0
324597	0	0	1
324632	0	0	1
324654	0	0	1
324900	0	0	1
325022	0	0	1
325194	1	0	0
325217	1	0	0
325324	0	0	1
325335	0	0	1
325516	1	0	0
325632	0	0	1
325791	0	0	1
325867	0	0	1
325896	0	0	1
326146	0	0	1
326261	0	0	1
326503	0	0	1
326572	0	0	1
326693	0	1	0
326793	0	0	1
326809	0	0	1
326821	0	0	1
326920	0	0	1
327019	0	0	1
327208	0	0	1
327493	0	0	1
327572	0	0	1
328515	0	1	0
328965	0	1	0
329094	0	1	0
329164	0	0	1
329202	0	0	1
329318	0	0	1
329320	0	0	1
329381	0	0	1
329404	0	0	1
329415	0	0	1
329559	0	0	1
329574	0	0	1
329690	0	0	1
329773	0	0	1
329786	0	0	1
329796	0	0	1
329819	0	1	0
329894	0	0	1
329905	0	0	1
330165	0	0	1
330169	0	0	1
330360	1	0	0
331862	1	0	0
332129	1	0	0
332395	0	0	1
332463	0	0	1
332501	1	0	0
332608	0	0	1
332614	1	0	0
332671	0	0	1
332838	0	0	1
333191	0	0	1
333293	0	0	1
333301	0	0	1
333311	0	0	1
333449	0	0	1
333605	1	0	0
334172	0	0	1
334219	0	1	0
334304	0	0	1
334325	0	1	0
334632	1	0	1
334756	1	0	0
336060	1	0	0
336069	0	1	0
336532	1	0	0
336541	0	0	1
338340	0	0	1
339151	0	0	1
339342	0	0	1
339527	0	0	1
339660	0	0	1
340343	0	0	1
340574	0	1	0
340601	0	1	0
340604	0	1	0
340614	0	1	0
340664	0	1	0
340670	0	1	0
340704	0	1	0
340707	0	1	0
340830	0	0	1
340998	0	1	0
341019	0	0	1
341032	0	0	1
341068	0	1	0
341087	0	0	1
341119	0	0	1
341241	0	0	1
341345	1	0	0
341403	1	0	0
341416	0	0	1
341728	1	0	0
341734	1	0	0
341740	1	0	0
341798	1	0	0
343830	1	0	0
343979	0	0	1
345016	0	0	1
345651	0	0	1
346707	0	0	1
348274	0	0	1
348328	0	0	1
348500	0	0	1
349045	0	0	1
349499	0	1	0
349666	0	1	0
349811	0	0	1
349929	0	0	1
350101	0	0	1
350317	0	0	1
350424	1	0	0
350821	0	0	1
350970	1	0	0
351141	1	0	0
351690	1	0	0
351840	0	1	0
352424	1	0	0
352606	0	0	1
352960	0	0	1
352977	1	0	0
353694	0	0	1
353701	0	0	1
354227	1	0	0
354406	1	0	0
354721	1	0	0
354781	2	0	0
355329	0	1	0
355787	0	1	0
356191	0	0	1
356516	1	0	0
356763	0	0	1
356820	0	0	1
356859	0	0	1
356946	0	0	1
357018	0	0	1
357049	0	0	1
357053	0	0	1
357068	1	0	0
357102	0	1	0
357137	0	2	0
357921	0	1	0
358241	0	0	1
359608	1	0	0
359885	0	0	1
359933	1	0	0
360556	1	0	0
360626	0	0	1
360895	0	1	0
361608	1	0	0
361704	0	1	0
361715	0	1	0
362172	0	0	1
362466	0	0	1
362793	0	0	1
362803	0	0	1
363130	0	1	0
363201	0	0	1
363836	0	1	0
364065	0	1	0
364078	0	1	0
364495	0	1	0
364573	0	0	1
364721	0	0	1
364994	1	0	0
365086	0	1	0
365316	0	0	1
365687	0	0	1
365963	0	0	1
365979	1	0	0
366299	0	1	0
368555	0	0	1
368879	1	0	0
370795	0	1	0
370880	1	0	0
371081	1	0	0
371231	1	0	0
371547	0	0	1
372880	0	1	0
372968	1	0	0
373115	1	0	0
373632	0	1	0
373710	0	1	0
373991	0	1	0
374474	0	0	1
374672	0	0	1
374688	0	0	1
375379	1	0	0
375633	0	0	1
376069	0	0	1
376071	1	0	0
376113	0	0	1
376170	0	0	1
376569	1	0	0
376787	0	0	1
377118	0	0	1
377443	0	0	1
377709	0	0	1
378419	0	0	1
379011	0	0	1
379263	0	1	0
379814	1	0	0
379838	0	0	1
380395	0	0	1
380727	0	0	1
380842	0	1	0
380865	0	0	1
380963	0	0	1
381340	1	0	0
381858	1	0	0
382348	0	1	0
385561	0	0	1
385627	0	0	1
385898	0	0	1
387854	0	0	1
388418	0	0	1
389164	0	1	0
389184	0	0	1
390074	0	0	1
390351	1	0	0
391409	0	1	0
393249	0	0	1
393475	0	1	0
393520	0	0	1
393622	0	0	1
393932	0	1	0
394357	1	0	0
394628	0	0	1
394900	0	0	1
395703	0	0	1
396508	1	0	0
396547	0	0	1
397498	1	0	0
397639	0	0	1
398350	0	0	1
400501	1	0	0
401124	0	1	0
401511	1	0	0
403130	1	0	0
403228	0	1	0
403593	0	1	0
403647	0	0	1
403668	0	0	1
404289	0	1	0
404308	0	1	0
404620	0	0	1
406379	1	0	0
407114	0	0	1
407265	0	0	1
409670	0	0	1
410174	1	0	0
410492	1	0	0
410535	0	0	1
411860	1	0	0
412045	1	0	0
412389	0	0	1
412662	0	0	1
413098	0	0	1
413617	0	0	1
415734	0	0	1
416229	1	0	0
416889	0	1	0
417424	0	0	1
417429	0	0	1
417550	0	1	0
417782	0	0	1
417800	1	0	0
418065	0	0	1
418158	0	0	1
418300	0	0	1
419514	0	0	1
419922	0	1	0
420288	0	1	0
420431	0	0	1
420768	0	0	1
421687	0	0	1
421696	0	1	0
422261	0	0	1
422359	0	0	1
422960	0	1	0
423064	0	0	1
424108	0	0	1
424410	0	0	1
424882	0	0	1
424883	0	0	1
424886	0	0	1
425182	0	0	1
425194	0	0	1
425404	0	0	1
425687	1	0	0
428219	0	0	1
428626	0	0	1
429151	0	0	1
431016	0	0	1
431088	0	1	0
431091	0	1	0
431314	0	1	0
431699	0	1	0
431719	0	0	1
431802	0	0	1
431859	0	1	0
431885	1	0	0
432050	0	0	1
432174	1	0	0
432179	0	0	1
432287	0	0	1
432412	0	0	1
432417	0	0	1
432472	0	0	1
432753	0	0	1
433313	0	0	1
433329	0	0	1
433578	0	0	1
433847	0	0	1
433865	0	0	1
433873	0	0	1
433905	0	0	1
433982	0	0	1
434015	0	0	1
434290	0	0	1
434844	0	0	1
435110	1	0	0
435504	0	1	0
435935	1	0	0
436700	0	0	1
436704	1	0	0
437162	1	0	0
437270	1	0	0
437642	1	0	0
437786	0	1	0
438166	0	0	1
438278	0	1	0
438593	0	0	1
438925	0	1	0
439542	1	0	0
442240	1	0	0
442752	0	1	0
443403	0	0	1
444279	1	0	0
444932	0	1	0
445226	0	0	1
445466	0	0	1
445484	0	0	1
445496	0	0	1
445779	0	0	1
445830	1	0	0
445964	0	0	1
446120	0	0	1
446123	0	0	1
446138	0	1	0
446426	0	0	1
446472	0	0	1
446498	0	0	1
446524	0	0	1
446538	0	0	1
446859	0	0	1
447326	0	0	1
447380	0	1	0
447720	0	0	1
448238	0	0	1
448334	0	1	0
448698	0	0	1
448801	0	0	1
449306	0	0	1
450011	0	0	1
450035	0	1	0
450076	0	1	0
450426	0	0	1
450465	0	0	1
450763	0	0	1
450892	0	0	1
450948	0	0	1
451025	0	0	1
451057	0	0	1
451071	0	0	1
451112	0	0	1
451153	0	0	1
451163	0	0	1
451187	0	0	1
451215	0	0	1
451227	0	0	1
451265	0	0	1
451324	0	0	1
451517	0	1	0
451558	0	0	1
451577	0	0	1
451590	0	0	1
451620	0	0	1
451625	0	0	1
451637	0	0	1
451658	0	0	1
451699	0	0	1
451759	0	0	1
451764	0	0	1
451898	0	0	1
451926	0	0	1
451963	0	0	1
452089	0	0	1
452120	0	0	1
452161	0	0	1
453428	0	0	1
453533	0	0	1
453894	0	1	0
453937	0	0	1
454346	0	0	1
454539	0	0	1
454552	0	0	1
454555	0	0	1
454575	0	0	1
454600	0	0	1
454601	0	0	1
454605	0	0	1
454606	0	0	1
454615	0	0	1
454619	0	0	1
454640	0	0	1
454668	0	0	1
454669	0	0	1
454672	0	0	1
454675	0	0	1
454678	0	0	1
454692	0	0	1
454694	0	0	1
454702	0	0	1
454704	0	0	1
454774	0	0	1
455002	0	0	1
455294	0	0	1
455415	0	1	0
456148	1	0	0
458667	0	0	1
459011	1	0	0
459060	0	0	1
460446	0	0	1
461902	0	1	0
462113	1	0	0
464004	0	1	0
464054	1	0	0
464176	0	0	1
464303	1	0	0
464759	0	1	0
464822	0	1	0
464864	0	1	0
464987	0	0	1
465099	0	0	1
465361	0	0	1
465418	1	0	0
465486	0	0	1
465661	0	0	1
465800	0	0	1
466170	0	0	1
466322	0	0	1
466389	0	0	2
466628	0	0	1
466860	0	1	0
467031	0	0	1
467657	0	0	1
468562	0	0	1
469267	0	0	1
469655	0	1	0
469793	0	0	1
469993	0	0	1
470099	0	1	0
470233	1	0	0
470290	1	0	0
470483	0	0	1
470523	1	0	0
471095	1	0	0
471127	0	0	1
471230	0	0	1
471501	0	0	1
472214	1	0	0
472336	0	0	1
472360	0	0	1
472367	0	0	1
472507	0	0	1
473558	1	0	0
473599	1	0	0
473637	1	0	0
473710	1	0	0
473756	1	0	0
473936	0	1	0
475506	1	0	0
476328	0	1	0
476350	0	1	0
476362	0	1	0
476854	0	1	0
477293	1	0	0
477309	1	0	0
477334	1	0	0
477516	0	0	1
477620	1	0	0
477639	1	0	0
477668	1	0	0
477737	0	0	1
478805	1	0	0
480639	0	1	0
480790	1	0	0
480804	0	1	0
480966	1	0	0
481130	0	0	1
481342	1	0	0
483161	0	0	1
484043	1	0	0
484693	1	0	0
487014	0	0	1
487281	0	0	1
487522	0	0	1
488813	1	0	0
490284	0	0	1
490381	0	1	0
492591	0	0	1
492747	0	1	0
493091	0	0	1
493783	1	0	0
495290	1	0	0
495667	0	0	1
496321	0	0	1
497534	0	0	1
497945	0	0	1
499669	0	0	1
500142	1	0	0
500441	0	0	1
500706	0	0	1
501505	1	0	0
501536	0	0	1
502340	1	0	0
502698	0	1	0
502742	0	0	1
502945	0	1	0
503157	0	0	1
504268	1	0	0
504969	0	0	1
505062	1	0	0
506250	0	0	1
506567	0	0	1
507922	0	0	1
509665	0	0	1
510579	0	0	1
511542	0	0	1
511798	0	0	1
512113	0	0	1
512421	0	0	1
512469	0	0	1
514271	1	0	0
515840	0	0	1
520399	1	0	0
524475	0	0	1
525302	0	0	1
525495	0	0	1
527338	0	0	1
529553	0	0	1
530531	0	0	1
531664	0	0	1
532011	0	1	0
532232	0	1	0
533994	1	0	0
535161	0	0	1
535960	0	0	1
536977	0	0	1
537252	0	0	1
537324	0	0	1
537386	0	1	0
538346	0	1	0
540484	0	0	1
541139	0	0	1
541195	1	0	0
541299	0	0	1
544748	0	0	1
546045	0	0	1
547452	0	0	1
547763	1	0	0
548262	0	0	1
548397	0	1	0
549033	1	0	0
551101	0	0	1
551154	1	0	0
552894	0	0	1
552967	0	0	1
554186	1	0	0
554432	0	0	1
554635	0	0	1
554992	0	0	1
555459	0	0	1
556340	0	0	1
556347	0	0	1
556512	0	0	1
556537	0	0	1
556574	0	0	1
556580	0	0	1
556585	0	0	1
556592	0	0	1
556630	0	0	1
556677	0	0	1
556830	0	0	1
556947	0	0	1
557271	0	0	1
557429	0	0	1
557554	0	0	1
557624	0	0	1
557739	0	0	1
558049	0	1	0
558393	0	0	1
558449	0	0	1
558539	0	0	1
558798	0	0	1
558816	0	1	0
558861	0	0	1
559195	0	0	1
559233	0	1	0
559422	0	1	0
559682	0	0	1
560097	0	1	0
560207	0	0	1
560803	1	0	0
560834	0	0	1
561113	0	0	1
561149	0	0	1
561377	0	0	1
562725	0	0	1
562849	0	0	1
562902	0	0	1
562946	0	0	1
563130	0	0	1
563248	0	0	1
563293	0	0	1
563323	1	0	0
563342	1	0	0
563585	0	0	1
563686	0	0	1
563806	0	0	1
564647	1	0	0
564805	0	0	1
564806	0	0	1
564937	0	0	1
564953	0	0	1
564960	0	0	1
564962	0	0	1
565079	0	0	1
565263	0	0	1
565681	0	0	1
566312	0	0	1
566479	0	0	1
566655	0	0	1
567685	0	0	1
567924	1	0	0
569421	0	1	0
570639	0	0	1
572178	0	0	1
572488	0	1	0
572744	1	0	0
572895	0	0	1
575449	0	0	1
576881	0	0	1
578003	0	1	0
578252	0	0	1
578662	0	0	1
579776	0	0	1
581859	0	0	1
581961	0	0	1
582158	0	0	1
582467	0	0	1
583340	0	1	0
584088	1	0	0
585699	1	0	0
586383	0	0	1
586393	0	0	1
586404	0	0	1
586418	0	0	1
586436	0	0	1
586440	0	0	1
586469	0	0	1
586477	0	0	1
586491	0	0	2
586496	0	0	1
586501	0	0	1
586767	0	0	1
587178	0	0	1
587796	0	0	1
588274	0	0	1
588803	0	0	1
592137	1	0	0
593354	1	0	0
595184	1	0	0
596881	0	1	0
597059	1	0	0
597105	0	0	1
597141	0	1	0
599946	1	0	0
600148	0	1	0
600731	0	0	1
602075	0	0	1
603150	1	0	0
603179	0	0	1
603569	0	0	1
604372	0	1	0
605159	0	0	1
605511	1	0	0
606081	0	0	1
607224	0	1	0
608161	1	0	0
608772	0	0	1
610509	0	1	0
612033	0	1	0
612265	0	0	1
614614	0	1	0
615042	0	0	1
615625	0	1	0
617014	1	0	0
617716	0	0	1
619970	0	0	1
620977	0	0	1
622166	1	0	0
624910	0	0	1
626734	0	0	1
628393	0	0	1
629103	0	1	0
629412	0	0	1
633378	0	0	1
635744	1	0	0
638149	1	0	0
638201	0	0	1
639172	0	0	1
640030	0	0	1
642324	0	1	0
642913	0	1	0
644107	0	0	1
644841	0	1	0
645136	0	0	1
645663	1	0	0
646951	0	0	1
647080	0	1	0
647445	0	0	1
647779	0	0	1
649141	1	0	0
649334	0	0	1
650373	0	0	1
652264	0	1	0
655042	0	0	1
655570	1	0	0
656533	0	1	0
659146	0	0	1
660305	0	1	0
661975	0	0	1
662181	0	0	1
663384	1	0	0
664491	0	1	0
664906	0	0	1
668672	1	0	0
668803	1	0	0
668993	0	0	1
670357	1	0	0
671242	0	0	1
676606	0	1	0
676892	1	0	0
677597	1	0	0
681578	0	1	0
682732	1	0	0
682977	0	1	0
685133	1	0	0
690124	0	0	1
690436	1	0	0
690810	0	0	1
691281	0	0	1
692921	0	1	0
693661	1	0	0
694631	0	1	0
695043	0	0	1
695107	0	0	1
696956	0	0	1
697151	0	0	1
697170	0	0	1
697202	0	0	1
697489	0	0	1
697553	0	0	1
697848	0	0	1
697995	0	0	1
703458	0	0	1
703680	0	0	1
703859	1	0	0
706682	0	0	1
709637	0	0	1
709975	1	0	0
710574	0	0	1
710649	0	0	1
712125	0	0	1
716405	0	0	1
717195	1	0	0
717486	0	0	1
721719	1	0	0
722331	1	0	0
722999	0	0	1
723792	0	1	0
725720	0	0	1
726793	0	0	1
730403	1	0	0
731073	0	1	0
732303	0	0	1
732661	1	0	0
733902	0	0	1
734305	0	1	0
735653	0	0	1
741891	0	0	1
743135	1	0	0
743192	1	0	0
743368	0	0	1
743555	0	0	1
744220	1	0	0
744243	0	0	1
744589	0	0	1
744694	0	0	1
745020	0	0	1
745804	0	0	1
747508	0	0	1
747530	0	1	1
747700	0	0	1
748072	0	0	1
749088	0	0	1
749628	0	0	1
749631	0	0	1
749646	0	0	1
749649	0	0	1
749665	0	0	1
749676	0	0	1
749681	0	0	1
749707	0	0	1
749738	0	0	1
750041	1	0	0
750157	0	0	1
750210	0	0	1
750581	0	0	1
751122	0	0	1
751550	0	0	2
751754	0	0	1
751833	0	0	1
751843	0	0	1
752013	0	0	1
752090	0	0	1
752214	0	0	1
752246	0	0	1
752250	0	0	1
752265	0	0	1
752299	0	0	1
752331	0	0	1
752351	0	0	1
753011	0	0	1
753029	0	0	1
753079	0	0	1
753284	0	0	1
753322	0	0	1
755054	0	0	1
756147	0	0	1
757183	1	0	0
759218	0	1	0
760117	0	0	1
760902	1	0	0
760908	1	0	0
760940	1	0	0
760942	1	0	0
760966	1	0	0
760973	1	0	0
760977	1	0	0
760987	1	0	0
760993	1	0	0
761019	1	0	0
761021	1	0	0
761037	1	0	0
761049	1	0	0
764238	0	0	1
765514	1	0	0
767081	0	0	1
770871	0	1	0
772325	1	0	0
773935	0	0	1
774024	1	0	0
776229	0	0	1
777252	0	0	1
780939	0	0	1
783258	0	1	0
786990	0	1	0
787246	0	1	0
787261	0	1	0
787303	0	1	0
787321	0	1	0
787347	0	1	0
787390	0	1	0
787417	0	1	0
787430	0	1	0
787434	0	1	0
787438	0	1	0
787450	0	1	0
787700	0	0	1
787709	0	1	0
787726	0	1	0
787758	0	1	0
787787	0	1	0
787790	0	1	0
787805	0	1	0
787840	0	1	0
787912	0	0	1
788078	1	0	0
788082	1	0	0
788110	1	0	0
788116	1	0	0
788120	1	0	0
788136	1	0	0
788149	1	0	0
788187	1	0	0
788217	1	0	0
788375	1	0	0
788508	1	0	0
788572	1	0	0
788753	1	0	0
788838	1	0	0
789908	0	0	1
789933	0	0	1
789936	0	0	1
790005	0	0	1
790445	0	0	1
790490	0	0	1
790522	0	0	1
790535	0	0	1
790587	0	0	1
790592	0	0	1
790603	0	0	1
790807	0	0	1
790812	0	0	1
792095	0	0	1
792138	1	0	0
792815	0	0	1
793252	0	0	1
793303	0	0	1
793403	0	0	1
793467	0	0	1
793818	0	0	1
794331	0	0	1
794742	0	0	1
794904	0	0	1
795961	0	0	1
796033	0	0	1
796034	0	0	1
796436	0	0	1
796618	0	1	0
796705	0	0	1
796884	1	0	0
797064	0	0	1
797225	1	0	0
797319	0	0	1
797437	0	0	1
797861	0	0	1
797867	0	0	1
797948	0	0	1
798050	0	0	1
798086	0	0	1
798105	0	0	1
798127	0	0	2
798160	0	0	1
798181	0	0	1
798284	0	0	1
798297	0	0	1
798311	0	0	1
798373	0	0	1
798378	0	0	1
798396	0	0	1
798447	0	0	1
798457	0	0	1
798464	0	0	1
798624	0	0	1
799209	0	0	1
799322	0	0	1
801329	1	0	0
802539	0	0	1
806991	0	0	1
809561	1	0	0
811211	0	0	1
816428	1	0	0
818298	1	0	0
819107	0	1	0
819891	0	1	0
824449	0	0	1
825851	0	0	1
833086	1	0	0
835276	1	0	0
837358	0	0	1
837558	0	0	1
841282	0	0	1
844675	0	0	1
845131	0	1	0
845799	0	0	1
853194	1	0	0
853313	1	0	0
857459	0	0	1
858355	0	0	1
862734	0	0	1
866674	0	0	1
868509	0	1	0
875271	0	0	1
877746	1	0	0
880933	0	0	1
900507	0	0	1
900577	0	0	1
902523	0	0	1
907633	1	0	0
914625	1	0	0
916280	0	1	0
920017	0	1	0
927817	1	0	0
931822	0	0	1
934846	0	1	0
936685	0	0	1
937872	0	0	1
940688	0	1	0
943944	0	0	1
945049	0	1	0
946345	0	0	1
947663	0	0	1
948109	0	1	0
955091	1	0	0
956593	0	0	1
967566	0	0	1
971751	1	0	0
976409	0	0	1
984433	1	0	0
989164	0	1	0
995776	0	1	0
1009297	0	1	0
1014804	0	0	1
1020211	1	0	0
1033220	0	0	1
1036294	1	0	0
1047524	0	0	1
1055917	1	0	0
1058222	0	0	1
1061250	0	1	0
1062256	0	0	1
1064319	0	0	1
1065023	0	0	1
1067760	0	0	1
1068149	0	0	1
1068318	0	0	1
1068455	0	0	1
1068476	0	0	1
1079137	0	0	1
1091933	0	0	1
1099386	1	0	0
1106894	1	0	0
1109215	0	0	1
1109775	1	0	0
1158059	0	1	0
1205876	1	0	0
1228735	1	0	0
1231227	0	0	1
1251326	0	0	1
1272920	1	0	0
1276569	0	0	1
1293859	0	1	0
1297458	1	0	0
1297952	0	1	0
1311721	0	0	1
1321152	0	0	1
1348116	0	0	1
1355438	0	0	1
1357552	0	1	0
1374329	0	0	1
1444424	0	0	1
1448343	1	0	0

