## htsjdk.samtools.metrics.StringHeader
# CollectInsertSizeMetrics --Histogram_FILE /u/home/s/samdemar/project-guillom/upf1_rrp6/7_INSERT_HISTOGRAMS/RRP6_3YP_1.fq.gz_hist.pdf --DEVIATIONS 1.0E7 --MINIMUM_PCT 0.0 --INPUT /u/home/s/samdemar/project-guillom/upf1_rrp6/4_REMOVE_PCR/RRP6_3YP_1.fq.gz.bam --OUTPUT /u/home/s/samdemar/project-guillom/upf1_rrp6/7_INSERT_HISTOGRAMS/RRP6_3YP_1.fq.gz_output.txt --METRIC_ACCUMULATION_LEVEL ALL_READS --INCLUDE_DUPLICATES false --ASSUME_SORTED true --STOP_AFTER 0 --VERBOSITY INFO --QUIET false --VALIDATION_STRINGENCY STRICT --COMPRESSION_LEVEL 5 --MAX_RECORDS_IN_RAM 500000 --CREATE_INDEX false --CREATE_MD5_FILE false --GA4GH_CLIENT_SECRETS client_secrets.json --help false --version false --showHidden false --USE_JDK_DEFLATER false --USE_JDK_INFLATER false
## htsjdk.samtools.metrics.StringHeader
# Started on: Mon Nov 15 17:32:35 PST 2021

## METRICS CLASS	picard.analysis.InsertSizeMetrics
MEDIAN_INSERT_SIZE	MODE_INSERT_SIZE	MEDIAN_ABSOLUTE_DEVIATION	MIN_INSERT_SIZE	MAX_INSERT_SIZE	MEAN_INSERT_SIZE	STANDARD_DEVIATION	READ_PAIRS	PAIR_ORIENTATION	WIDTH_OF_10_PERCENT	WIDTH_OF_20_PERCENT	WIDTH_OF_30_PERCENT	WIDTH_OF_40_PERCENT	WIDTH_OF_50_PERCENT	WIDTH_OF_60_PERCENT	WIDTH_OF_70_PERCENT	WIDTH_OF_80_PERCENT	WIDTH_OF_90_PERCENT	WIDTH_OF_95_PERCENT	WIDTH_OF_99_PERCENT	SAMPLE	LIBRARY	READ_GROUP
252	245	38	2	1405388	270.373948	2182.544936	16558955	FR	15	29	45	61	77	97	121	151	203	255	493			
224	55662	201	2	1306112	44269.888602	120783.045557	3483	RF	125	225	303	365	403	441	2659	110877	198841	565651	1334397			
179	143	69	2	1311923	69635.386563	169210.823348	7189	TANDEM	27	51	77	107	139	181	247	104331	541935	903443	1580881			

## HISTOGRAM	java.lang.Integer
insert_size	All_Reads.fr_count	All_Reads.rf_count	All_Reads.tandem_count
2	16	13	2
3	19	16	4
4	19	11	0
5	24	14	0
6	13	21	0
7	12	15	1
8	15	24	0
9	20	10	1
10	13	15	0
11	22	13	2
12	26	10	1
13	17	18	0
14	22	21	1
15	19	16	0
16	17	22	3
17	22	12	1
18	22	23	0
19	339	16	3
20	109	17	4
21	79	19	3
22	850	19	4
23	50	19	3
24	79	17	1
25	113	21	3
26	117	21	0
27	67	17	8
28	286	17	5
29	72	13	4
30	470	19	5
31	49	17	6
32	309	15	6
33	93	18	5
34	64	24	6
35	407	19	6
36	79	19	7
37	66	8	7
38	66	19	6
39	88	12	6
40	89	17	4
41	98	18	7
42	461	9	10
43	171	14	8
44	116	12	3
45	142	16	6
46	152	13	8
47	142	6	10
48	154	18	6
49	171	13	10
50	132	8	7
51	1815	12	12
52	216	16	9
53	139	10	10
54	761	11	5
55	264	10	7
56	161	8	11
57	182	8	7
58	572	7	21
59	190	5	13
60	211	4	12
61	222	11	12
62	249	7	13
63	348	7	15
64	318	10	6
65	305	8	14
66	354	13	13
67	324	12	14
68	279	7	21
69	268	16	9
70	393	10	23
71	379	14	14
72	443	6	16
73	481	7	13
74	484	14	13
75	593	12	14
76	580	8	18
77	596	8	21
78	612	5	20
79	682	12	16
80	782	8	21
81	866	12	21
82	845	13	16
83	813	15	16
84	902	12	24
85	1031	3	25
86	1058	7	23
87	1078	6	18
88	1245	5	20
89	1306	5	25
90	1406	7	26
91	1436	4	18
92	1531	7	27
93	1473	4	24
94	1765	9	27
95	2492	6	28
96	1862	6	23
97	2043	4	28
98	2232	11	24
99	2257	4	29
100	2424	3	25
101	2531	3	29
102	2842	6	28
103	2973	6	19
104	2997	1	36
105	3220	5	22
106	3567	7	29
107	3924	8	33
108	3692	2	27
109	3953	5	29
110	4046	8	26
111	4382	7	35
112	4571	9	35
113	4883	5	28
114	5150	4	27
115	5205	4	36
116	5412	3	35
117	5691	8	27
118	6158	7	35
119	6514	8	27
120	6501	4	34
121	7062	4	31
122	7093	4	27
123	7384	7	31
124	7751	4	24
125	8026	7	37
126	8436	7	32
127	8691	8	29
128	8977	7	36
129	9588	5	30
130	10102	4	30
131	10297	0	40
132	10769	6	28
133	10880	5	38
134	11421	5	38
135	11990	7	42
136	12024	5	40
137	12562	1	36
138	13097	5	27
139	13955	8	32
140	14688	4	25
141	14629	5	39
142	15855	9	36
143	15880	7	49
144	16536	5	30
145	17055	2	36
146	18094	5	36
147	18314	5	34
148	19256	6	31
149	19816	4	30
150	20524	2	40
151	21204	5	39
152	21735	8	34
153	22196	4	33
154	23374	1	37
155	23840	3	42
156	24769	4	27
157	25563	4	35
158	26517	6	34
159	27267	3	27
160	28086	6	36
161	29243	5	23
162	29616	7	31
163	30532	8	38
164	31954	5	25
165	32647	8	42
166	33682	7	41
167	34496	0	32
168	35253	7	31
169	36188	0	30
170	38043	6	29
171	38399	1	37
172	39813	5	26
173	41173	6	28
174	42463	1	22
175	43635	3	32
176	44575	5	28
177	45808	2	41
178	47304	4	26
179	48278	3	31
180	49425	4	22
181	50690	2	26
182	52378	1	28
183	53006	5	25
184	54622	2	18
185	55420	3	32
186	57040	3	33
187	58715	4	19
188	59703	3	29
189	60716	6	27
190	62256	6	29
191	64117	1	16
192	65494	0	32
193	66963	5	35
194	68098	2	24
195	69116	4	27
196	71006	1	21
197	72822	1	25
198	73987	3	26
199	75574	2	21
200	76947	5	15
201	77877	2	22
202	79802	2	19
203	81129	4	20
204	82925	3	21
205	84158	3	20
206	85183	2	21
207	86000	5	18
208	87769	5	20
209	89903	6	26
210	90835	5	21
211	92689	3	13
212	93851	5	19
213	94824	5	17
214	96574	1	26
215	98176	6	18
216	98707	2	12
217	100481	2	17
218	101156	1	16
219	102226	5	22
220	103852	1	16
221	105317	2	20
222	105872	4	25
223	107749	1	18
224	108655	2	15
225	109018	2	13
226	109858	2	15
227	110713	5	15
228	110652	5	15
229	112714	1	14
230	112668	2	13
231	113789	4	9
232	114885	3	11
233	115013	9	18
234	114763	1	15
235	116049	4	11
236	116300	3	14
237	116602	1	9
238	117677	3	16
239	118095	2	15
240	118309	4	12
241	118481	3	10
242	118644	2	13
243	118157	4	10
244	119082	1	14
245	119923	2	14
246	119018	2	15
247	119254	1	10
248	119626	1	13
249	118994	4	7
250	118658	2	9
251	118752	1	11
252	117703	2	12
253	117918	1	16
254	117413	4	6
255	117160	3	10
256	116793	2	7
257	116328	0	11
258	115418	1	5
259	115422	2	6
260	113661	1	9
261	113370	4	8
262	112375	0	7
263	112594	0	11
264	111565	1	4
265	111112	3	11
266	109938	1	2
267	109240	3	3
268	108734	1	3
269	108491	1	3
270	105966	4	10
271	105896	2	9
272	105126	1	6
273	103128	1	8
274	102831	3	9
275	102041	3	4
276	100651	2	5
277	99982	3	5
278	98807	1	8
279	97387	0	2
280	97257	2	7
281	95658	0	3
282	95084	2	7
283	93376	2	5
284	92119	0	6
285	91354	1	4
286	90164	4	9
287	89470	1	9
288	87956	2	11
289	86802	0	4
290	85041	2	9
291	83648	1	4
292	82994	0	7
293	81679	4	6
294	80183	1	1
295	79274	2	3
296	78114	3	5
297	76438	1	4
298	76039	4	3
299	74903	4	2
300	73563	4	4
301	71687	1	5
302	70782	0	5
303	68834	0	1
304	68022	3	3
305	66909	0	4
306	65866	3	4
307	65096	2	3
308	63840	4	1
309	62618	0	6
310	61396	3	2
311	59998	0	2
312	58983	3	3
313	57824	3	2
314	57216	2	4
315	55656	1	3
316	54414	2	1
317	53820	0	2
318	52297	2	3
319	51846	1	6
320	50978	1	5
321	49414	2	2
322	48567	2	2
323	47383	1	7
324	46408	4	4
325	45374	3	2
326	44662	1	2
327	43522	3	3
328	42935	5	0
329	42042	1	1
330	41109	0	4
331	40085	1	5
332	39139	1	1
333	38187	3	3
334	37507	1	4
335	36856	0	4
336	35779	2	0
337	35361	0	3
338	34212	1	1
339	33313	6	0
340	32676	1	0
341	32128	2	2
342	31422	1	2
343	30741	3	1
344	30186	3	1
345	29002	1	0
346	28582	7	1
347	27938	0	2
348	26947	2	1
349	26849	1	1
350	25896	0	3
351	25384	3	1
352	24670	1	3
353	24412	1	2
354	23609	1	1
355	23136	1	3
356	22513	4	1
357	21925	0	0
358	21644	1	1
359	20887	3	2
360	20362	1	1
361	19897	6	1
362	19264	1	3
363	18724	3	1
364	18312	1	1
365	17856	1	2
366	17413	0	1
367	17101	8	2
368	16374	0	1
369	15842	0	0
370	15787	2	1
371	15578	1	2
372	15035	1	1
373	14587	1	1
374	14042	4	0
375	13706	1	0
376	13775	2	1
377	13267	1	1
378	12872	0	0
379	12690	1	0
380	12231	1	0
381	12023	3	0
382	11901	0	1
383	11693	0	1
384	11018	1	0
385	10816	2	1
386	10397	1	0
387	10280	0	0
388	9950	2	0
389	9662	0	0
390	9628	0	0
391	9500	1	0
392	8949	1	0
393	8765	2	2
394	8490	1	2
395	8332	2	2
396	8438	2	0
397	8028	0	0
398	7863	0	0
399	7577	0	2
400	7486	0	1
401	7309	1	0
402	7140	2	1
403	6956	0	0
404	6755	1	1
405	6564	0	0
406	6568	2	0
407	6366	4	1
408	6100	0	1
409	5849	1	0
410	5605	3	0
411	5626	1	0
412	5545	2	1
413	5480	0	0
414	5221	1	0
415	5097	0	0
416	4995	0	0
417	4990	1	0
418	4807	1	0
419	4779	0	0
420	4615	2	1
421	4466	2	0
422	4361	2	0
423	4152	3	2
424	4229	0	0
425	3972	3	1
426	3839	1	0
427	3781	2	0
428	3680	0	0
429	3561	2	0
430	3538	0	2
431	3469	0	1
432	3324	3	0
433	3308	2	0
434	3233	1	1
435	3130	1	1
436	3243	2	1
437	3081	4	0
438	2959	0	0
439	2897	1	0
440	2873	0	0
441	2867	1	0
442	2643	1	0
443	2684	1	0
444	2626	2	1
445	2594	0	0
446	2440	3	0
447	2388	0	1
448	2426	0	0
449	2337	2	0
450	2301	1	0
451	2209	1	0
452	2262	0	0
453	2103	1	0
454	2098	1	0
455	1976	2	1
456	2009	0	0
457	1955	0	1
458	1896	1	0
459	1951	0	0
460	1819	1	1
461	1754	1	0
462	1720	1	0
463	1710	0	1
464	1764	0	0
465	1626	1	0
466	1696	0	0
467	1731	0	1
468	1620	1	0
469	1583	4	0
470	1613	0	0
471	1534	3	0
472	1513	0	1
473	1468	0	0
474	1406	1	1
475	1308	0	0
476	1454	0	1
477	1343	2	0
478	1365	0	0
479	1372	0	0
480	1256	1	0
481	1272	1	1
482	1262	2	0
483	1192	0	0
484	1174	0	1
485	1186	1	1
486	1193	0	0
487	1136	0	0
488	1066	0	0
489	1183	2	2
490	1127	1	0
491	1091	2	0
492	1066	0	0
493	1060	0	1
494	1121	1	0
495	1024	0	0
496	919	0	0
497	989	0	0
498	971	0	0
499	851	0	0
500	860	1	0
501	885	2	0
502	909	0	0
503	810	2	0
504	884	2	0
505	831	0	1
506	835	3	1
507	798	1	0
508	771	0	1
509	724	0	0
510	811	2	0
511	774	2	0
512	763	3	0
513	751	0	1
514	798	2	0
515	727	2	1
516	726	2	0
517	786	0	0
518	769	0	0
519	775	0	0
520	766	0	0
521	738	0	1
522	753	0	0
523	687	0	0
524	725	0	0
525	699	0	0
526	691	1	0
527	700	2	1
528	681	0	0
529	692	2	0
530	640	1	0
531	686	1	1
532	661	0	0
533	642	1	0
534	681	1	0
535	665	0	0
536	683	2	0
537	659	0	0
538	633	0	0
539	579	2	0
540	645	2	0
541	642	0	0
542	659	1	0
543	634	1	0
544	618	0	0
545	631	1	1
546	650	2	0
547	590	1	0
548	570	0	0
549	609	1	1
550	589	1	0
551	613	0	0
552	561	2	0
553	610	0	0
554	588	0	0
555	555	2	0
556	607	0	0
557	583	0	0
558	615	0	1
559	647	2	0
560	579	0	0
561	602	0	0
562	655	0	2
563	603	0	1
564	608	0	0
565	603	0	0
566	574	0	0
567	595	2	0
568	557	2	0
569	534	2	0
570	559	1	0
571	548	2	0
572	561	2	0
573	549	0	1
574	588	0	0
575	601	0	0
576	590	0	0
577	612	0	1
578	580	0	0
579	561	0	1
580	581	2	0
581	587	1	0
582	536	0	1
583	546	1	0
584	566	1	0
585	604	2	0
586	577	0	0
587	587	0	1
588	536	1	1
589	538	0	0
590	556	0	0
591	503	2	0
592	602	0	0
593	554	0	0
594	573	1	0
595	549	0	0
596	519	1	0
597	559	1	0
598	553	0	0
599	570	1	0
600	575	0	0
601	570	0	0
602	568	1	0
603	531	1	0
604	575	1	0
605	558	1	1
606	574	0	0
607	535	1	1
608	580	0	0
609	527	0	1
610	605	1	0
611	567	0	0
612	560	1	1
613	544	0	0
614	538	0	0
615	508	0	1
616	577	0	0
617	592	0	2
618	571	2	0
619	548	2	2
620	578	0	0
621	557	0	0
622	560	0	0
623	557	0	0
624	538	0	0
625	572	0	0
626	531	0	1
627	542	1	0
628	566	2	0
629	528	1	0
630	552	0	0
631	551	0	0
632	579	0	0
633	529	2	0
634	537	0	0
635	536	1	0
636	525	2	0
637	538	1	0
638	517	1	1
639	479	0	0
640	527	1	0
641	564	1	0
642	470	0	0
643	474	1	2
644	511	0	0
645	521	0	0
646	481	1	1
647	487	1	0
648	495	0	0
649	496	0	0
650	470	3	0
651	501	1	1
652	489	0	0
653	451	0	0
654	454	0	0
655	503	1	0
656	456	2	2
657	496	1	0
658	478	0	0
659	479	2	1
660	480	1	0
661	493	2	0
662	440	0	0
663	447	0	0
664	459	0	0
665	475	0	0
666	452	0	0
667	487	1	0
668	482	0	0
669	473	0	0
670	487	1	1
671	419	0	0
672	427	0	0
673	456	0	1
674	440	0	0
675	447	0	0
676	431	0	1
677	440	0	0
678	397	0	0
679	405	0	0
680	402	0	0
681	375	0	0
682	413	0	0
683	440	0	1
684	419	1	0
685	411	1	1
686	370	1	1
687	410	1	0
688	368	0	0
689	422	0	0
690	375	0	0
691	396	3	0
692	419	1	0
693	422	1	0
694	397	0	0
695	370	0	0
696	368	1	0
697	356	0	0
698	386	1	0
699	370	1	0
700	409	0	0
701	369	0	0
702	333	0	0
703	356	2	0
704	367	1	0
705	364	0	0
706	360	2	0
707	347	1	0
708	364	0	0
709	365	0	0
710	373	0	0
711	340	0	0
712	336	1	1
713	326	1	0
714	333	0	0
715	316	1	0
716	361	1	0
717	346	0	0
718	340	1	0
719	352	3	0
720	364	1	0
721	352	0	0
722	317	1	0
723	363	1	0
724	323	1	0
725	313	2	0
726	347	0	0
727	339	0	0
728	341	0	0
729	333	0	0
730	330	1	0
731	316	1	0
732	308	1	0
733	334	0	0
734	321	1	0
735	302	0	0
736	310	0	0
737	315	0	0
738	316	0	0
739	345	1	0
740	333	1	0
741	328	0	0
742	322	0	0
743	364	2	0
744	358	0	0
745	332	0	0
746	311	0	0
747	320	0	0
748	305	0	0
749	296	0	1
750	299	0	0
751	310	2	0
752	298	0	0
753	317	0	0
754	327	0	0
755	294	3	0
756	315	0	0
757	279	2	0
758	262	1	0
759	251	0	0
760	258	2	0
761	246	1	0
762	268	2	0
763	222	0	0
764	247	0	0
765	232	1	0
766	239	0	0
767	233	0	0
768	228	0	0
769	246	2	0
770	226	0	0
771	231	1	0
772	254	1	0
773	239	0	0
774	211	1	0
775	208	0	0
776	247	1	0
777	255	1	0
778	238	0	0
779	244	0	0
780	222	0	0
781	224	0	0
782	181	0	0
783	214	0	0
784	193	1	0
785	204	0	0
786	216	0	0
787	198	0	0
788	212	0	0
789	185	0	0
790	181	1	0
791	207	1	0
792	173	1	0
793	179	1	0
794	177	0	0
795	153	0	0
796	181	0	0
797	177	0	0
798	160	1	0
799	152	1	0
800	159	0	0
801	162	0	0
802	148	0	0
803	163	0	0
804	162	1	0
805	132	0	0
806	143	0	0
807	123	0	0
808	161	1	0
809	143	1	0
810	155	1	0
811	141	1	0
812	125	0	0
813	145	1	0
814	131	1	0
815	114	4	0
816	145	1	0
817	160	0	0
818	121	2	0
819	138	1	0
820	142	2	0
821	130	0	0
822	145	2	0
823	130	0	0
824	143	2	0
825	110	0	0
826	101	2	0
827	93	1	0
828	115	0	0
829	92	0	0
830	119	0	0
831	110	0	0
832	98	0	0
833	116	0	0
834	86	0	0
835	104	0	0
836	96	1	0
837	104	1	0
838	89	0	0
839	106	2	0
840	98	1	0
841	106	1	0
842	77	0	0
843	81	0	0
844	96	0	0
845	88	0	0
846	107	0	0
847	84	0	0
848	95	0	0
849	68	1	0
850	85	0	0
851	89	0	0
852	87	1	0
853	89	0	0
854	80	0	0
855	85	0	0
856	101	0	0
857	80	0	0
858	74	1	0
859	81	0	0
860	87	0	0
861	60	0	0
862	67	0	0
863	67	1	0
864	72	0	0
865	56	0	0
866	74	0	0
867	78	0	0
868	70	1	0
869	77	0	0
870	62	0	0
871	79	0	0
872	83	1	0
873	73	0	0
874	67	0	0
875	79	2	0
876	56	1	0
877	78	0	0
878	80	2	0
879	61	1	0
880	69	0	0
881	63	0	0
882	71	0	0
883	64	0	0
884	58	1	0
885	62	0	0
886	57	1	0
887	55	0	0
888	68	0	0
889	49	1	0
890	53	1	0
891	58	0	0
892	52	0	0
893	42	0	0
894	72	0	0
895	52	0	0
896	55	0	0
897	54	1	0
898	60	0	0
899	45	0	0
900	56	0	0
901	50	0	0
902	56	0	0
903	53	0	1
904	51	0	0
905	51	0	0
906	53	0	0
907	36	0	0
908	42	1	0
909	39	0	0
910	42	0	0
911	46	1	0
912	38	0	0
913	41	0	0
914	40	0	0
915	44	0	0
916	51	0	0
917	42	0	0
918	50	0	0
919	40	0	0
920	45	0	0
921	47	0	0
922	37	0	0
923	36	0	0
924	36	0	0
925	42	0	0
926	48	0	0
927	43	0	0
928	36	0	0
929	30	0	0
930	31	0	0
931	38	1	0
932	43	0	0
933	32	1	0
934	36	0	0
935	38	0	0
936	24	0	0
937	35	1	0
938	36	0	0
939	39	0	0
940	36	0	0
941	31	0	0
942	26	0	0
943	32	0	0
944	36	0	0
945	42	0	0
946	24	0	0
947	32	0	1
948	29	0	0
949	30	0	0
950	36	0	0
951	32	0	0
952	28	0	0
953	31	3	0
954	32	1	0
955	38	0	0
956	32	0	0
957	32	0	0
958	21	0	0
959	22	0	0
960	23	0	0
961	17	1	0
962	22	0	0
963	20	0	0
964	29	0	0
965	28	0	0
966	13	1	0
967	27	0	0
968	26	0	0
969	27	0	0
970	31	0	0
971	26	0	0
972	22	0	0
973	24	0	0
974	19	0	0
975	22	0	0
976	24	0	0
977	22	0	0
978	16	0	0
979	22	0	0
980	21	0	0
981	20	0	0
982	19	0	0
983	19	0	0
984	22	0	0
985	25	0	0
986	22	0	0
987	18	0	0
988	19	1	0
989	22	0	0
990	14	0	0
991	26	0	0
992	19	0	0
993	17	0	0
994	8	0	0
995	18	0	0
996	13	0	0
997	19	0	0
998	24	0	0
999	21	0	0
1000	18	0	0
1001	15	0	0
1002	20	0	0
1003	28	0	0
1004	18	0	0
1005	21	1	0
1006	25	0	0
1007	21	0	0
1008	14	0	0
1009	21	0	0
1010	18	0	0
1011	18	0	0
1012	17	0	0
1013	14	1	0
1014	10	0	0
1015	15	0	0
1016	8	0	0
1017	21	1	0
1018	20	0	0
1019	21	0	0
1020	18	0	0
1021	7	1	0
1022	16	0	0
1023	15	0	0
1024	23	0	0
1025	18	0	0
1026	16	0	0
1027	6	0	0
1028	19	0	0
1029	18	0	0
1030	9	0	0
1031	7	0	0
1032	10	0	0
1033	16	1	0
1034	9	0	0
1035	15	0	0
1036	18	0	0
1037	13	1	0
1038	15	0	0
1039	14	0	0
1040	14	0	0
1041	14	0	0
1042	12	0	0
1043	22	0	0
1044	15	0	0
1045	13	0	0
1046	17	1	0
1047	12	0	0
1048	11	0	0
1049	17	0	0
1050	16	0	0
1051	15	0	0
1052	11	0	0
1053	15	0	0
1054	16	0	0
1055	19	0	0
1056	15	0	0
1057	10	0	0
1058	11	1	0
1059	12	0	0
1060	14	0	0
1061	9	0	0
1062	12	0	0
1063	14	0	0
1064	14	0	0
1065	20	0	0
1066	10	0	0
1067	12	0	0
1068	16	0	0
1069	14	0	0
1070	8	0	0
1071	16	0	0
1072	12	0	0
1073	14	0	0
1074	8	1	0
1075	12	0	0
1076	13	0	0
1077	7	0	1
1078	10	1	0
1079	7	0	0
1080	13	0	0
1081	15	0	0
1082	12	0	0
1083	9	0	0
1084	17	0	0
1085	7	0	0
1086	9	0	0
1087	8	0	0
1088	15	0	0
1089	9	0	0
1090	10	0	0
1091	11	0	0
1092	14	0	0
1093	9	0	0
1094	11	0	0
1095	7	0	0
1096	6	0	0
1097	4	0	0
1098	4	0	0
1099	9	0	0
1100	3	0	0
1101	8	0	0
1102	8	0	0
1103	11	0	0
1104	14	0	0
1105	4	0	0
1106	7	0	0
1107	9	0	0
1108	7	0	0
1109	5	0	0
1110	9	0	0
1111	4	0	0
1112	5	0	0
1113	6	0	0
1114	10	0	0
1115	9	0	0
1116	3	0	0
1117	5	0	0
1118	6	0	0
1119	7	1	0
1120	10	0	0
1121	6	0	0
1122	4	0	0
1123	2	0	0
1124	7	0	0
1125	8	0	0
1126	6	0	0
1127	4	0	1
1128	2	0	0
1129	7	0	0
1130	8	0	0
1131	4	0	0
1132	6	0	0
1133	10	0	0
1134	4	0	0
1135	4	0	0
1136	6	0	0
1137	2	0	0
1138	4	0	0
1139	4	0	0
1140	3	0	0
1142	1	0	0
1143	4	0	1
1144	1	0	0
1145	5	0	0
1146	2	0	0
1147	3	0	0
1148	8	0	0
1149	5	0	0
1150	3	0	0
1151	5	0	0
1152	4	0	0
1153	4	0	0
1155	5	0	0
1156	2	0	0
1157	4	0	0
1158	3	0	0
1159	1	0	0
1160	6	0	0
1161	2	1	0
1162	3	0	0
1163	3	0	0
1164	3	0	0
1165	1	0	0
1166	5	0	0
1167	2	0	0
1168	4	0	0
1169	2	0	0
1170	4	0	0
1171	3	0	0
1172	1	0	0
1173	2	0	0
1174	6	0	0
1175	3	0	0
1176	2	0	0
1177	1	0	0
1178	2	0	0
1179	4	0	0
1180	2	1	0
1181	4	0	0
1182	3	0	0
1183	2	0	0
1184	1	0	0
1185	3	0	0
1187	3	0	0
1188	2	0	0
1189	5	0	0
1190	3	0	0
1191	4	0	0
1192	4	0	0
1193	2	0	0
1194	4	1	0
1195	5	0	0
1196	3	0	0
1197	2	0	0
1198	5	0	0
1199	7	0	0
1200	3	0	0
1201	1	0	0
1202	2	0	0
1203	5	0	0
1204	1	0	0
1205	1	1	0
1206	7	0	0
1207	5	0	0
1208	5	0	0
1209	5	0	0
1210	3	0	0
1211	3	0	0
1212	8	0	0
1213	5	0	0
1214	3	0	0
1215	2	0	0
1216	4	1	0
1217	1	0	0
1218	6	0	0
1219	2	0	0
1220	4	0	0
1221	7	0	0
1222	5	0	0
1223	4	0	0
1224	2	0	0
1225	4	0	1
1226	4	0	0
1227	3	0	0
1228	7	0	0
1229	5	0	0
1230	1	0	0
1231	3	0	0
1232	8	0	0
1233	4	0	0
1234	3	0	1
1235	2	0	0
1236	2	0	0
1237	4	0	0
1238	4	0	0
1240	5	0	0
1241	6	0	1
1242	6	0	0
1243	5	0	0
1244	2	0	0
1245	1	1	0
1246	1	0	0
1247	4	0	0
1248	5	0	0
1249	2	0	0
1250	2	0	0
1251	3	0	0
1252	4	0	0
1253	3	1	0
1254	3	0	0
1255	2	0	0
1256	6	0	0
1257	4	0	0
1258	9	0	0
1259	1	0	0
1260	5	0	0
1261	5	1	0
1262	5	0	0
1263	4	0	0
1264	5	0	0
1265	3	0	0
1266	1	0	0
1267	6	0	0
1268	3	0	0
1269	4	0	0
1270	6	0	0
1271	6	1	2
1272	5	0	0
1273	6	0	0
1274	7	0	0
1275	8	0	1
1276	6	0	0
1277	5	0	0
1278	9	0	1
1279	6	0	0
1280	5	0	0
1281	4	0	0
1282	2	0	0
1283	2	0	0
1284	5	0	0
1285	2	0	0
1286	5	0	0
1287	5	0	0
1288	8	0	0
1289	3	0	0
1290	5	0	0
1291	6	0	0
1292	5	0	0
1293	3	0	0
1294	2	0	0
1295	6	0	0
1296	6	0	0
1297	3	0	0
1298	6	0	0
1299	8	0	0
1300	4	0	0
1301	6	0	0
1302	3	0	0
1303	6	0	0
1304	3	0	0
1305	5	0	0
1306	2	0	0
1307	3	0	0
1308	7	1	0
1309	5	0	0
1310	4	0	0
1311	6	0	0
1312	4	0	0
1313	5	0	0
1314	4	0	0
1315	4	0	0
1316	1	1	0
1317	3	0	0
1318	3	0	0
1319	4	0	0
1320	5	0	0
1322	4	0	0
1323	3	0	0
1324	3	0	0
1325	3	0	0
1326	2	1	0
1327	3	0	0
1328	2	1	0
1329	5	0	0
1330	2	0	0
1331	4	1	0
1332	3	0	0
1334	6	0	0
1335	5	0	0
1336	5	1	0
1337	4	0	0
1338	2	0	0
1339	5	0	0
1340	3	0	0
1341	5	0	0
1342	4	0	0
1343	5	0	0
1344	5	0	0
1345	4	0	0
1346	3	0	0
1347	8	0	0
1348	9	0	0
1349	8	0	0
1350	4	0	0
1351	12	0	0
1352	6	0	0
1353	8	0	0
1354	5	0	0
1355	12	0	0
1356	10	0	0
1357	10	0	0
1358	5	0	0
1359	11	0	0
1360	11	0	0
1361	8	0	0
1362	6	0	0
1363	7	0	0
1364	8	0	0
1365	12	0	0
1366	14	0	0
1367	12	1	0
1368	9	0	0
1369	12	0	0
1370	17	0	0
1371	10	0	0
1372	9	0	0
1373	15	0	0
1374	17	0	0
1375	14	0	0
1376	15	0	0
1377	14	0	0
1378	13	1	0
1379	18	0	0
1380	8	0	0
1381	14	0	0
1382	13	0	0
1383	12	0	0
1384	15	0	0
1385	8	0	0
1386	10	0	0
1387	17	0	0
1388	12	0	0
1389	10	0	0
1390	10	0	0
1391	13	0	0
1392	16	0	0
1393	15	0	0
1394	14	0	0
1395	14	0	0
1396	20	0	0
1397	22	0	0
1398	20	0	0
1399	16	0	0
1400	16	0	0
1401	16	0	0
1402	20	0	0
1403	17	0	0
1404	17	0	0
1405	14	0	0
1406	20	0	0
1407	16	0	0
1408	19	0	0
1409	13	0	0
1410	15	0	0
1411	17	0	0
1412	14	0	0
1413	16	0	0
1414	17	0	1
1415	16	0	1
1416	13	0	0
1417	16	0	0
1418	16	0	0
1419	17	0	0
1420	17	0	0
1421	18	0	0
1422	20	0	0
1423	15	0	0
1424	21	0	0
1425	16	0	0
1426	20	0	0
1427	16	0	0
1428	19	0	0
1429	23	0	0
1430	18	0	0
1431	17	0	0
1432	22	0	0
1433	14	1	0
1434	17	0	0
1435	25	0	0
1436	17	0	0
1437	19	0	0
1438	21	0	0
1439	20	0	0
1440	27	0	0
1441	23	0	0
1442	26	0	0
1443	19	0	0
1444	19	0	0
1445	19	1	0
1446	22	0	0
1447	23	0	0
1448	24	0	0
1449	22	0	0
1450	22	0	0
1451	20	0	0
1452	26	0	0
1453	19	0	0
1454	21	0	0
1455	22	0	0
1456	24	0	0
1457	25	0	0
1458	26	0	0
1459	27	0	0
1460	20	0	0
1461	21	0	0
1462	20	0	0
1463	21	0	0
1464	18	0	0
1465	24	0	0
1466	26	0	0
1467	20	0	0
1468	22	0	0
1469	20	0	0
1470	17	0	0
1471	15	0	0
1472	13	0	0
1473	18	0	0
1474	17	0	0
1475	16	0	0
1476	15	0	0
1477	16	0	0
1478	19	0	0
1479	18	0	0
1480	17	0	0
1481	14	1	0
1482	17	0	0
1483	18	0	0
1484	15	0	0
1485	14	0	0
1486	16	0	0
1487	19	0	0
1488	16	0	0
1489	17	0	0
1490	11	0	0
1491	15	0	0
1492	9	0	0
1493	14	0	0
1494	16	0	0
1495	15	0	0
1496	17	0	0
1497	12	0	0
1498	11	0	0
1499	12	0	0
1500	12	0	0
1501	10	0	0
1502	6	0	0
1503	7	0	0
1504	9	0	0
1505	8	0	0
1506	5	0	0
1507	3	0	0
1508	4	0	0
1509	6	0	0
1510	8	0	0
1511	9	0	0
1512	11	0	0
1513	7	0	0
1514	12	0	0
1515	9	0	0
1516	12	0	0
1517	10	0	0
1518	11	0	0
1519	6	0	0
1520	6	0	0
1521	6	0	0
1522	8	0	0
1523	11	0	0
1524	6	0	0
1525	7	0	0
1526	7	0	0
1527	7	0	0
1528	7	1	0
1529	8	0	0
1530	6	0	0
1531	9	0	0
1532	8	0	0
1533	9	0	0
1534	7	0	0
1535	4	0	0
1536	8	0	0
1537	8	0	0
1538	12	0	0
1539	8	0	0
1540	13	0	0
1541	5	0	0
1542	3	0	0
1543	6	0	0
1544	6	0	0
1545	6	0	0
1546	6	0	0
1547	4	0	0
1548	3	0	0
1549	5	0	0
1550	5	0	0
1551	6	0	0
1552	5	0	0
1553	7	1	0
1554	9	0	0
1555	6	0	1
1556	7	0	0
1557	7	0	0
1558	6	0	0
1559	3	0	0
1560	3	0	0
1561	6	0	0
1562	5	0	0
1563	3	0	0
1564	4	0	0
1565	2	0	0
1566	7	0	0
1567	1	0	0
1568	6	0	0
1569	5	0	0
1570	6	0	0
1571	5	0	0
1572	6	0	0
1573	11	0	0
1574	5	0	0
1575	7	0	0
1576	9	0	0
1577	9	0	0
1578	7	0	0
1579	7	0	0
1580	14	0	0
1581	6	1	0
1582	4	0	0
1583	4	0	0
1584	8	0	0
1585	6	0	0
1586	7	0	0
1587	9	0	0
1588	7	0	0
1589	6	0	0
1590	8	0	0
1591	12	0	0
1592	6	0	0
1593	8	0	0
1594	7	0	0
1595	5	0	0
1596	5	0	0
1597	5	0	0
1598	11	0	0
1599	9	0	0
1600	3	0	0
1601	7	0	0
1602	6	0	0
1603	4	0	0
1604	3	0	0
1605	10	0	0
1606	4	0	0
1607	4	0	0
1608	8	0	0
1609	9	0	0
1610	13	0	0
1611	9	0	0
1612	5	0	0
1613	5	0	0
1614	7	0	0
1615	5	0	0
1616	3	0	0
1617	6	0	0
1618	4	0	0
1619	5	0	0
1620	4	0	0
1621	2	0	0
1622	6	0	0
1623	5	0	0
1624	7	0	0
1625	7	0	1
1626	4	0	0
1627	7	0	0
1628	6	0	0
1629	4	0	0
1630	9	0	0
1631	7	0	0
1632	8	0	0
1633	6	0	0
1634	5	0	0
1635	8	0	0
1636	5	0	0
1637	6	0	0
1638	7	0	0
1639	7	0	0
1640	4	0	0
1641	5	1	0
1642	7	0	0
1643	5	0	0
1644	5	0	0
1645	3	0	0
1646	7	0	0
1647	4	0	0
1648	5	0	0
1649	2	0	0
1650	4	0	0
1651	3	0	0
1652	3	0	0
1653	6	0	0
1654	5	0	0
1655	10	0	0
1656	8	0	0
1657	5	0	0
1658	10	0	0
1659	9	0	0
1660	7	0	0
1661	4	0	0
1662	6	0	0
1663	4	0	0
1664	3	0	0
1665	1	0	0
1666	5	0	0
1667	3	0	0
1669	2	0	0
1670	2	0	0
1671	6	0	0
1672	3	0	0
1673	3	0	0
1674	2	0	0
1675	5	0	0
1676	2	0	0
1677	1	0	0
1678	2	0	0
1679	3	0	0
1680	6	0	0
1681	3	0	0
1682	3	0	0
1683	1	0	0
1684	3	0	0
1685	6	0	0
1686	1	0	0
1687	2	0	0
1688	2	0	0
1689	7	0	0
1690	1	0	0
1691	2	0	0
1692	6	0	0
1693	5	1	0
1694	7	0	0
1695	6	0	0
1696	7	0	0
1697	8	0	0
1698	3	0	0
1699	6	0	0
1700	3	0	0
1701	3	0	0
1702	2	0	0
1703	1	0	0
1704	2	0	0
1705	1	0	0
1706	2	0	0
1708	2	0	0
1709	2	0	0
1710	1	0	0
1711	2	0	0
1712	3	0	0
1713	5	0	0
1714	3	0	0
1715	1	0	0
1716	2	0	0
1717	5	0	0
1719	2	0	0
1720	4	0	0
1721	5	0	0
1722	3	0	0
1723	2	0	0
1724	6	0	0
1725	1	0	0
1726	2	0	0
1727	8	0	0
1728	2	0	0
1729	3	0	0
1730	2	0	0
1731	3	0	0
1732	4	0	0
1733	5	0	0
1734	5	0	0
1735	1	0	0
1736	2	0	0
1737	4	0	0
1738	5	0	0
1739	1	0	0
1740	1	0	0
1741	2	0	0
1742	4	0	0
1743	4	0	0
1744	4	0	0
1745	4	0	0
1746	2	0	0
1747	4	0	0
1748	1	0	0
1750	2	0	0
1751	1	0	0
1752	6	0	0
1753	4	0	0
1754	4	0	0
1755	5	0	0
1756	4	0	0
1757	2	1	0
1758	6	0	0
1759	4	0	0
1760	5	0	1
1761	6	0	0
1762	8	0	0
1763	6	0	0
1764	3	0	0
1765	6	0	0
1766	4	0	0
1767	5	0	0
1768	6	0	0
1769	7	0	0
1770	10	0	0
1771	8	0	0
1772	5	0	0
1773	10	0	0
1774	10	0	0
1775	7	0	0
1776	4	0	0
1777	9	0	0
1778	5	1	0
1779	6	0	0
1780	11	0	0
1781	7	0	0
1782	7	0	0
1783	7	0	0
1784	5	0	0
1785	7	1	0
1786	12	0	0
1787	11	0	0
1788	12	0	0
1789	8	0	0
1790	5	0	0
1791	7	0	0
1792	5	0	0
1793	10	0	0
1794	9	0	0
1795	5	0	0
1796	4	0	0
1797	10	0	0
1798	5	0	0
1799	11	0	0
1800	7	0	0
1801	4	0	0
1802	8	0	0
1803	5	0	0
1804	7	0	0
1805	8	0	0
1806	13	0	0
1807	7	0	0
1808	7	0	0
1809	6	0	0
1810	7	0	0
1811	8	0	0
1812	3	0	0
1813	9	0	0
1814	6	0	0
1815	8	0	0
1816	8	0	0
1817	9	0	0
1818	5	0	0
1819	8	0	0
1820	7	0	0
1821	4	0	0
1822	3	0	0
1823	8	0	0
1824	9	0	0
1825	9	0	0
1826	3	0	0
1827	5	0	0
1828	5	0	0
1829	4	0	0
1830	8	0	0
1831	4	0	0
1832	14	0	0
1833	6	0	0
1834	27	0	0
1835	15	0	0
1836	20	0	0
1837	25	0	0
1838	3	0	0
1840	3	0	0
1841	2	0	0
1842	3	0	0
1843	6	0	0
1844	7	0	0
1845	13	0	0
1846	2	0	0
1847	5	0	0
1848	5	0	0
1849	5	0	0
1850	4	0	1
1851	7	0	0
1852	3	0	0
1853	4	0	0
1854	21	0	0
1855	17	0	0
1856	29	0	0
1857	14	0	0
1858	17	0	0
1859	7	0	0
1860	5	0	0
1863	1	0	0
1864	2	0	1
1865	3	0	0
1866	4	0	0
1867	3	0	0
1868	4	0	0
1870	1	0	0
1871	2	0	0
1872	3	0	0
1873	1	0	0
1874	2	0	0
1875	2	1	1
1876	2	0	0
1877	2	0	0
1878	8	0	0
1879	3	0	0
1880	1	0	0
1881	4	0	0
1882	3	0	0
1883	2	0	0
1885	2	0	0
1886	1	0	0
1887	1	0	0
1888	1	0	0
1889	3	0	0
1890	2	0	0
1891	5	0	0
1892	5	0	0
1893	6	0	0
1894	1	0	0
1895	1	0	0
1897	1	0	0
1899	4	0	0
1900	2	0	0
1901	2	0	0
1902	2	0	0
1903	3	0	0
1904	1	0	0
1905	2	0	0
1906	3	0	0
1907	1	0	0
1908	4	0	0
1909	1	0	0
1910	2	2	0
1911	2	0	0
1912	1	0	0
1913	3	0	0
1915	1	0	0
1916	2	0	0
1917	2	0	0
1918	1	0	0
1919	1	1	0
1921	1	0	0
1924	3	0	0
1925	2	0	0
1926	0	1	0
1927	1	0	0
1928	2	0	0
1929	3	1	0
1930	2	0	0
1931	1	0	0
1932	3	0	0
1934	1	0	0
1935	2	0	0
1936	2	0	0
1937	2	0	0
1939	1	0	0
1940	2	0	0
1941	1	0	0
1943	1	0	0
1944	2	0	0
1946	2	0	0
1947	1	0	0
1949	8	0	0
1950	3	0	0
1951	2	0	0
1952	47	0	0
1953	3	0	0
1954	2	0	0
1956	2	0	0
1957	2	0	0
1958	1	0	0
1962	2	0	0
1963	2	0	0
1966	1	0	0
1968	1	0	0
1971	1	0	0
1972	1	0	0
1973	3	0	0
1974	2	0	0
1975	1	0	0
1977	2	0	0
1981	1	0	0
1982	2	0	0
1985	1	0	0
1986	1	0	0
1987	1	0	0
1989	1	0	0
1990	1	0	0
1991	2	0	0
1992	1	0	0
2000	1	0	0
2003	0	1	0
2014	1	0	0
2016	1	0	0
2019	1	0	0
2023	2	0	0
2036	1	0	0
2037	1	0	0
2044	1	0	0
2045	1	0	0
2053	1	0	0
2056	0	0	1
2058	1	0	0
2068	1	0	0
2070	1	0	0
2071	1	0	0
2073	1	0	0
2075	1	0	0
2081	0	0	1
2086	1	0	0
2087	1	0	0
2095	1	0	0
2098	1	0	0
2104	0	0	1
2107	0	0	1
2110	0	0	1
2115	1	0	0
2117	1	0	0
2120	1	0	0
2125	1	0	0
2128	1	0	0
2133	1	0	0
2135	1	0	0
2137	1	0	0
2154	1	0	0
2165	1	0	0
2166	1	0	0
2175	1	0	0
2188	1	0	0
2206	0	0	1
2214	0	1	0
2229	0	0	1
2251	0	0	1
2252	0	1	0
2266	1	0	0
2276	1	0	0
2280	1	0	0
2283	0	1	0
2284	1	0	0
2290	1	0	0
2292	1	0	0
2294	1	0	0
2296	1	0	0
2297	1	0	0
2306	1	0	0
2318	1	0	0
2320	1	0	0
2323	1	0	0
2328	1	0	0
2329	1	0	0
2331	1	0	0
2333	1	0	0
2334	3	0	0
2338	3	0	0
2339	2	0	0
2340	2	0	0
2341	2	0	0
2343	2	0	0
2345	2	0	0
2347	2	0	0
2348	5	0	0
2350	1	0	0
2351	3	0	0
2352	3	0	0
2353	4	0	0
2354	3	0	0
2355	4	0	0
2356	5	0	0
2357	1	0	0
2358	3	0	0
2359	4	0	0
2360	2	0	0
2361	4	0	0
2362	2	0	0
2363	3	0	0
2364	2	0	0
2365	2	0	0
2366	1	0	0
2367	3	0	0
2368	4	0	0
2369	5	0	0
2370	1	0	0
2371	3	0	0
2372	8	0	0
2373	2	0	0
2374	7	0	0
2375	1	0	0
2376	3	0	0
2377	3	0	0
2378	4	0	0
2379	4	0	0
2380	5	0	0
2381	9	0	0
2383	2	0	0
2384	2	0	0
2385	2	0	0
2386	5	0	0
2387	3	0	0
2388	2	0	0
2389	2	0	0
2391	5	0	0
2393	2	0	0
2394	3	0	0
2395	1	0	0
2397	3	0	0
2398	2	0	0
2399	3	0	0
2400	8	0	0
2401	1	0	0
2402	1	0	0
2403	6	0	0
2404	1	0	0
2405	1	0	0
2406	2	0	0
2407	3	0	0
2408	1	0	0
2409	2	0	0
2410	3	0	0
2411	5	0	0
2412	2	0	0
2413	3	0	0
2414	1	0	0
2415	6	0	0
2416	2	0	0
2417	4	0	0
2418	4	0	0
2420	3	0	0
2421	0	1	0
2422	5	0	0
2423	1	0	0
2424	3	0	0
2425	4	0	0
2426	2	0	0
2427	1	0	0
2429	1	0	0
2431	1	0	0
2432	2	0	0
2433	2	0	0
2434	1	0	0
2436	1	0	0
2437	2	0	0
2438	2	0	0
2439	2	0	0
2440	2	0	0
2441	1	0	0
2442	1	0	0
2443	5	0	0
2444	2	0	0
2445	1	0	0
2447	3	0	0
2448	2	0	0
2449	2	0	0
2450	1	0	0
2452	2	0	0
2453	1	0	0
2454	1	0	0
2455	2	0	0
2456	2	0	0
2458	1	0	0
2460	1	0	0
2462	2	0	0
2463	2	0	0
2464	1	0	0
2465	1	0	0
2466	4	0	0
2467	2	0	0
2468	1	0	0
2470	2	0	0
2471	3	0	0
2473	1	0	0
2474	1	0	0
2475	2	0	0
2476	4	0	0
2477	1	0	0
2479	3	0	0
2480	2	0	0
2481	2	0	0
2482	1	0	0
2483	3	1	0
2484	1	0	0
2486	2	0	0
2487	2	0	0
2488	2	0	0
2491	1	0	0
2492	1	0	0
2494	1	0	0
2496	1	0	0
2497	2	0	0
2498	1	0	0
2500	3	0	0
2501	1	0	0
2502	2	0	0
2503	1	0	0
2504	1	0	0
2505	1	0	0
2506	1	0	0
2510	1	0	0
2511	2	0	0
2512	2	0	0
2514	2	0	0
2515	1	0	0
2516	3	0	0
2517	3	0	0
2518	2	0	0
2521	1	0	0
2522	1	0	0
2523	2	0	0
2524	1	0	0
2526	1	0	0
2527	1	0	0
2528	2	0	0
2529	2	0	0
2534	1	0	0
2535	1	0	0
2536	1	0	0
2537	1	0	0
2539	2	0	0
2540	1	0	0
2542	1	0	0
2543	1	0	0
2544	3	0	0
2547	1	0	0
2549	1	0	0
2550	1	0	0
2551	2	0	0
2553	1	0	0
2554	1	0	0
2555	2	0	0
2556	1	0	0
2559	1	0	0
2560	1	0	0
2563	1	0	0
2579	1	0	0
2581	1	0	0
2584	1	0	0
2586	1	0	0
2588	1	0	0
2589	1	0	0
2591	1	0	0
2599	1	0	0
2604	1	0	0
2615	1	0	0
2628	1	0	0
2633	1	0	0
2635	0	0	1
2639	1	0	0
2648	1	0	0
2649	1	0	0
2656	1	0	0
2658	1	0	0
2659	1	0	0
2660	1	0	0
2661	1	0	0
2662	1	0	0
2663	1	0	0
2665	1	0	0
2666	1	0	0
2667	1	0	0
2668	2	0	0
2669	1	0	0
2671	1	0	0
2672	1	0	0
2673	1	0	0
2674	1	0	0
2676	3	0	0
2680	1	0	0
2681	1	0	0
2682	2	0	0
2683	4	0	0
2684	3	0	0
2685	2	0	0
2686	1	0	0
2687	3	0	0
2688	3	0	0
2689	2	0	0
2690	1	0	0
2691	2	0	0
2692	2	0	0
2693	4	0	0
2694	3	0	0
2695	3	0	0
2696	2	0	0
2697	5	0	0
2698	5	0	0
2699	2	0	0
2700	2	0	0
2701	5	0	0
2702	3	0	0
2703	7	0	0
2704	3	0	0
2705	2	0	0
2706	5	0	0
2709	3	0	0
2710	1	0	0
2711	5	0	0
2712	4	0	0
2713	3	0	0
2714	7	0	0
2715	16	0	0
2716	9	0	0
2717	7	0	0
2718	7	0	0
2719	10	0	0
2720	3	0	0
2721	3	0	0
2722	4	0	0
2723	4	0	0
2724	5	0	0
2725	7	0	0
2726	2	0	0
2727	4	0	0
2728	2	0	0
2729	3	0	0
2730	3	0	0
2731	4	0	0
2732	4	0	0
2733	1	0	0
2734	1	0	0
2735	3	0	0
2737	3	0	0
2738	3	0	0
2739	2	0	0
2740	4	0	0
2741	7	0	0
2742	4	0	1
2743	3	0	0
2744	6	0	0
2745	8	0	0
2746	3	0	0
2747	11	0	0
2748	9	0	0
2749	5	1	0
2750	2	0	0
2751	5	0	0
2752	4	0	0
2753	3	0	0
2754	4	0	0
2755	3	0	0
2756	3	0	0
2757	2	0	0
2758	2	0	0
2759	5	0	0
2761	2	0	0
2762	1	0	0
2763	3	0	0
2764	2	0	0
2765	4	0	0
2766	2	0	0
2767	3	0	0
2768	3	0	0
2769	18	0	0
2770	4	0	0
2771	8	0	0
2772	1	0	0
2773	1	0	0
2775	2	0	0
2776	2	0	0
2778	3	0	0
2779	3	0	0
2780	2	0	0
2781	2	0	0
2786	1	0	0
2788	1	0	0
2791	1	0	0
2792	1	0	0
2793	2	0	0
2795	2	0	0
2796	2	0	0
2798	1	0	0
2799	1	0	0
2801	1	0	0
2802	3	0	0
2804	1	0	0
2806	1	0	0
2809	2	0	0
2810	1	0	0
2811	4	0	0
2812	1	0	0
2813	1	0	0
2815	1	0	0
2817	1	0	0
2818	1	0	0
2820	1	0	0
2821	1	0	0
2822	2	0	0
2824	1	0	0
2828	1	0	0
2834	1	0	0
2839	1	0	0
2843	3	0	0
2844	1	0	0
2845	1	0	0
2848	1	0	0
2853	1	0	0
2861	1	0	0
2867	1	0	0
2872	1	0	0
2880	1	0	0
2895	1	0	0
2897	1	0	0
2900	1	0	0
2925	1	0	0
2962	1	0	0
2966	1	0	0
2969	2	0	0
2971	1	0	0
2972	1	0	0
2976	1	0	0
3007	0	1	0
3021	2	0	0
3026	1	0	0
3032	1	0	0
3037	1	0	0
3076	1	0	0
3077	1	0	0
3106	1	0	0
3129	1	0	0
3133	1	0	0
3134	1	0	0
3136	0	1	0
3164	0	1	0
3174	1	0	0
3231	0	1	0
3238	0	1	0
3246	1	0	0
3250	0	1	0
3297	0	1	0
3307	0	1	0
3308	0	0	1
3326	1	0	0
3327	0	2	0
3333	0	1	0
3337	0	1	0
3345	0	1	0
3346	0	1	0
3347	0	1	0
3348	0	1	0
3359	0	1	0
3362	0	1	0
3363	0	0	1
3366	0	1	0
3370	0	1	0
3385	0	1	0
3397	0	1	0
3478	0	1	0
3494	0	1	0
3531	1	0	0
3573	0	1	0
3603	0	1	0
3613	0	1	0
3621	0	1	0
3622	0	1	0
3657	0	0	1
3660	0	1	0
3680	0	1	0
3682	0	1	0
3747	0	1	0
3765	0	0	1
3789	1	0	0
3816	0	0	1
3975	1	0	0
3976	1	0	0
3985	1	0	0
4003	1	0	0
4007	0	0	1
4009	1	0	0
4014	1	0	0
4029	1	0	0
4037	1	0	0
4039	1	0	0
4042	2	0	0
4046	1	0	0
4055	1	0	0
4056	1	0	0
4060	4	0	0
4061	1	0	0
4062	1	0	0
4064	1	0	0
4068	2	0	0
4070	1	0	0
4073	1	0	0
4074	2	0	0
4075	1	0	0
4076	1	0	0
4077	1	0	0
4078	2	0	0
4079	2	0	0
4080	3	0	0
4081	3	0	0
4085	3	0	0
4086	1	0	0
4087	1	0	0
4088	1	0	0
4089	1	0	0
4091	1	0	0
4092	3	0	0
4095	3	0	0
4096	4	0	0
4097	3	0	0
4098	5	0	0
4099	1	0	0
4100	3	0	0
4102	1	0	0
4103	1	0	0
4104	1	0	0
4106	2	0	0
4108	2	0	0
4109	4	0	0
4110	5	0	0
4111	3	0	0
4112	2	0	0
4113	3	0	0
4115	2	0	0
4116	1	0	0
4117	4	0	0
4118	2	0	0
4119	4	0	0
4120	4	0	0
4121	3	0	0
4122	2	0	0
4123	1	0	0
4124	1	0	0
4125	2	0	0
4126	2	0	0
4127	2	0	0
4129	1	0	0
4130	3	0	0
4131	3	0	0
4132	2	0	0
4133	3	0	0
4134	2	0	0
4136	2	0	0
4137	1	0	0
4138	1	0	0
4140	3	0	0
4141	2	0	0
4142	3	0	0
4143	1	0	0
4144	1	0	0
4145	1	0	0
4146	3	0	0
4148	1	0	0
4150	1	0	0
4152	1	0	0
4153	2	0	0
4154	2	0	0
4155	3	0	0
4157	1	0	0
4158	2	0	0
4160	2	0	0
4162	1	0	0
4163	1	0	0
4164	1	0	0
4165	1	0	0
4166	2	0	0
4167	1	0	0
4168	2	0	0
4169	1	0	0
4170	1	0	0
4178	2	0	0
4181	1	0	0
4182	1	0	0
4183	1	0	0
4184	1	0	0
4186	2	0	0
4188	1	0	0
4191	2	0	0
4194	1	0	0
4197	1	0	0
4198	1	0	0
4199	1	0	0
4205	1	0	0
4206	1	0	0
4207	2	0	0
4211	2	0	0
4212	1	0	0
4214	1	0	0
4215	2	0	0
4218	2	0	0
4219	1	0	0
4220	3	0	0
4221	1	0	0
4222	1	0	0
4224	2	0	0
4225	1	0	0
4226	3	0	0
4227	3	0	0
4228	3	0	0
4229	1	0	0
4230	2	0	0
4234	2	0	0
4237	3	0	0
4241	3	0	0
4242	2	0	0
4243	2	0	0
4245	1	0	0
4247	1	0	0
4251	1	0	0
4252	1	0	0
4253	2	0	0
4254	3	0	0
4255	3	0	0
4256	2	0	0
4257	1	0	0
4259	0	1	0
4260	2	0	0
4261	2	0	0
4263	1	0	0
4264	1	0	0
4265	3	0	0
4266	1	0	0
4267	1	0	0
4268	1	0	0
4269	2	0	0
4272	1	0	0
4273	1	0	0
4275	2	0	0
4276	2	0	0
4277	1	0	0
4278	2	0	0
4279	1	0	0
4280	1	0	0
4281	2	0	0
4282	2	0	0
4283	1	0	0
4284	3	0	0
4285	3	0	0
4287	1	0	0
4289	1	0	0
4290	1	0	0
4291	4	0	0
4292	2	0	0
4293	2	0	0
4294	2	0	0
4295	1	0	0
4296	2	0	0
4298	1	0	0
4299	2	0	0
4300	3	0	0
4301	1	0	0
4302	2	0	0
4303	4	0	0
4304	2	0	0
4305	1	0	0
4306	1	0	0
4307	3	0	0
4308	1	0	0
4309	2	0	0
4311	3	0	0
4312	3	0	0
4313	1	0	0
4314	3	0	0
4315	2	0	0
4316	1	0	0
4318	1	0	0
4319	1	0	0
4320	1	0	0
4321	2	0	0
4323	1	0	0
4324	2	0	0
4325	1	0	0
4326	2	0	0
4327	1	0	0
4328	3	0	0
4329	2	0	0
4332	1	0	0
4333	1	0	0
4334	1	0	0
4336	3	0	0
4337	1	0	0
4338	2	0	0
4339	3	0	0
4340	2	0	0
4342	1	0	0
4343	2	0	0
4344	1	0	0
4345	1	0	0
4346	2	0	0
4347	1	0	0
4348	1	0	0
4350	1	0	0
4352	2	0	0
4356	3	0	0
4359	1	0	0
4362	1	0	0
4364	1	0	0
4366	1	0	0
4368	2	0	0
4371	2	0	0
4372	1	0	0
4374	1	0	0
4376	1	0	0
4377	1	0	0
4378	1	0	0
4380	2	0	0
4382	1	0	0
4383	2	0	0
4384	1	0	0
4386	1	1	0
4387	1	0	0
4388	1	0	0
4390	2	0	0
4394	2	0	0
4395	0	0	1
4399	1	0	0
4402	1	0	0
4406	1	0	0
4409	1	0	0
4414	2	0	0
4415	1	0	0
4416	1	0	0
4418	1	0	0
4425	2	0	0
4428	1	0	0
4431	1	0	0
4435	1	0	0
4437	1	0	0
4439	1	0	0
4440	1	0	0
4441	1	0	0
4446	1	0	0
4450	1	0	0
4454	1	0	0
4463	1	0	0
4464	1	0	0
4473	1	0	0
4490	1	0	0
4491	1	0	0
4495	1	0	0
4496	1	0	0
4500	1	0	0
4501	1	0	0
4517	1	0	0
4522	1	0	0
4547	1	0	0
4566	3	0	0
4567	1	0	0
4576	1	0	0
4579	1	0	0
4584	1	1	0
4585	3	0	0
4590	0	1	0
4595	1	0	0
4601	1	0	0
4621	0	1	0
4622	1	0	0
4641	0	1	0
4642	1	0	0
4646	0	1	0
4652	0	1	0
4658	0	1	0
4659	0	1	0
4663	0	1	0
4665	0	1	0
4667	0	1	0
4678	0	1	0
4686	0	1	0
4687	0	1	0
4689	0	0	1
4694	0	1	0
4718	1	0	0
4724	1	0	0
4730	0	1	0
4744	1	0	0
4750	1	0	0
4784	0	1	0
4793	1	0	0
4824	0	0	1
4871	0	0	1
5002	0	1	0
5021	0	1	0
5045	0	0	1
5164	1	0	0
5170	1	0	0
5171	2	0	0
5172	1	0	0
5178	2	0	0
5180	1	0	0
5182	1	0	0
5186	2	0	0
5189	1	0	0
5195	1	0	0
5203	1	0	0
5206	2	0	0
5207	2	0	0
5208	1	0	0
5209	1	0	0
5210	1	0	0
5214	1	0	0
5227	1	0	0
5229	1	0	0
5232	1	0	0
5237	1	0	0
5239	1	0	0
5240	1	0	1
5246	1	0	0
5247	1	0	0
5248	1	0	0
5249	1	0	0
5250	1	0	0
5255	1	0	0
5257	1	0	0
5262	1	0	0
5265	1	0	0
5266	1	0	0
5268	1	0	0
5294	1	0	0
5299	0	0	1
5310	1	0	0
5325	1	0	0
5326	0	0	1
5331	0	1	0
5346	0	1	0
5349	0	1	0
5363	0	1	1
5374	0	1	0
5390	0	2	0
5435	1	0	0
5479	0	0	1
5582	1	0	0
5585	0	0	1
5601	1	0	0
5620	0	1	0
5644	1	0	0
5692	1	0	0
5776	1	0	0
5788	2	0	0
5805	1	0	0
5806	1	0	0
5843	1	0	0
5845	1	0	0
5852	1	0	0
5856	1	0	0
5885	1	0	0
5934	1	0	0
5955	1	0	0
5991	0	0	1
6074	1	0	0
6138	1	0	0
6166	1	0	0
6196	1	0	0
6199	0	0	1
6240	1	0	0
6276	1	0	0
6285	1	0	0
6331	1	0	0
6384	1	0	1
6390	1	0	0
6427	2	0	0
6504	0	1	0
6519	1	0	0
6547	1	0	0
6633	0	0	1
6648	1	0	0
6652	1	0	0
6653	1	0	0
6657	1	0	0
6663	1	0	0
6676	1	0	0
6677	1	0	0
6685	2	0	0
6687	1	0	0
6688	2	0	0
6691	2	0	0
6692	2	0	0
6693	1	0	0
6694	2	0	0
6697	4	0	0
6698	2	0	0
6699	2	0	0
6700	1	0	0
6702	2	0	0
6704	4	0	0
6705	1	0	0
6706	1	0	0
6707	3	0	0
6708	2	0	0
6709	2	0	0
6710	1	0	0
6711	1	0	0
6712	4	0	0
6713	3	0	0
6714	4	0	0
6715	2	0	0
6716	3	0	0
6718	3	0	0
6720	1	0	0
6721	2	0	0
6722	1	0	0
6723	3	0	0
6724	2	0	0
6725	1	0	0
6726	2	0	0
6727	4	0	0
6728	2	0	0
6729	3	0	0
6730	2	0	0
6731	4	0	0
6732	4	0	0
6733	7	0	0
6734	4	0	0
6735	5	0	0
6736	5	0	0
6737	5	0	0
6738	2	0	0
6739	4	0	0
6740	1	0	0
6741	4	0	0
6742	6	0	0
6743	4	0	0
6744	6	0	0
6745	7	0	0
6746	4	0	0
6747	6	0	0
6748	5	0	0
6749	8	0	0
6750	2	0	0
6751	5	0	0
6752	1	0	1
6753	4	0	0
6754	5	0	0
6755	5	0	0
6756	1	0	0
6757	4	0	0
6758	3	0	0
6759	2	0	0
6760	3	0	0
6761	2	0	1
6762	2	0	0
6763	4	0	0
6764	1	0	0
6765	1	0	0
6766	2	0	0
6767	3	0	0
6768	2	0	0
6769	1	0	0
6770	2	0	0
6771	2	0	0
6772	5	0	0
6773	3	0	0
6774	4	0	0
6775	4	0	0
6776	4	0	0
6777	4	0	0
6778	4	0	0
6779	5	0	0
6780	3	0	0
6781	2	0	0
6782	3	0	0
6783	3	0	0
6784	2	0	0
6785	1	0	0
6786	1	0	0
6787	5	0	0
6788	1	0	0
6789	3	0	0
6790	1	0	0
6791	4	0	0
6792	1	0	0
6794	4	0	0
6795	1	0	0
6796	1	0	0
6798	1	0	0
6799	4	0	0
6800	1	0	0
6802	1	0	0
6804	3	0	0
6805	1	0	0
6806	1	0	0
6807	1	0	0
6808	1	0	0
6810	1	0	0
6811	1	0	0
6813	1	0	0
6814	2	0	0
6815	1	0	0
6816	2	0	0
6817	1	0	0
6818	1	0	0
6819	3	0	0
6820	1	0	0
6822	1	0	1
6823	1	0	0
6824	1	0	0
6826	1	0	0
6827	1	0	0
6830	1	0	0
6836	1	0	0
6837	2	0	0
6839	3	0	0
6840	4	0	0
6841	1	0	0
6845	2	0	0
6846	1	0	0
6847	1	0	0
6848	1	0	0
6850	3	0	0
6851	1	0	0
6852	1	0	0
6855	1	0	0
6856	1	0	0
6862	1	0	0
6873	1	0	0
6876	1	0	0
6877	2	0	0
6880	1	0	0
6881	1	0	0
6883	1	0	0
6897	1	0	0
6907	1	0	0
6924	1	0	0
6936	1	0	0
6947	1	0	0
6951	1	0	0
6952	1	0	0
6963	1	0	0
6974	1	0	0
6977	1	0	0
6997	1	0	0
7003	1	0	0
7014	0	1	0
7044	1	0	0
7051	1	0	0
7059	1	0	0
7062	1	1	0
7122	0	1	0
7135	0	1	0
7168	1	0	0
7180	1	0	0
7194	0	1	0
7195	0	1	0
7199	0	1	0
7209	0	1	0
7227	0	0	1
7234	0	1	0
7251	0	1	0
7297	0	0	1
7345	1	0	0
7481	1	0	0
7488	0	1	0
7501	0	1	0
7619	1	0	0
7639	0	1	1
7651	0	0	1
7668	0	0	1
7683	0	0	1
7696	0	0	1
7720	0	0	1
7746	0	0	1
7755	0	0	1
7840	1	0	0
7845	1	0	0
7874	1	0	0
7879	1	0	0
7880	0	0	1
7886	1	0	0
7892	1	0	0
7894	1	0	0
7911	1	0	0
7915	2	0	0
7920	1	0	0
7924	1	0	0
7926	1	0	0
7931	1	0	0
7932	1	0	0
7936	1	0	0
7941	1	0	0
7976	1	0	0
7978	1	0	0
7986	1	0	0
8000	1	0	0
8003	1	0	0
8006	0	0	1
8017	1	0	0
8044	1	0	0
8094	1	0	0
8121	1	0	0
8296	1	0	0
8304	0	0	1
8320	1	0	0
8324	1	0	0
8384	1	0	0
8451	1	0	0
8469	0	0	1
8522	0	1	0
8523	0	1	0
8525	0	1	0
8527	1	1	0
8535	0	1	0
8540	0	1	0
8583	1	0	0
8586	0	1	0
8594	0	1	0
8595	0	1	0
8599	0	1	0
8600	0	1	0
8602	0	1	0
8608	0	2	0
8609	0	1	0
8613	0	2	0
8623	0	1	0
8624	0	1	0
8638	0	1	0
8644	0	1	0
8789	0	1	0
8795	0	1	0
8800	0	1	0
8821	0	1	0
8860	0	2	0
8867	0	1	0
8870	0	1	0
8885	0	1	0
8886	0	1	0
8891	0	1	0
8894	0	2	0
8904	0	1	0
8916	0	1	0
8928	0	1	0
8929	0	1	0
8930	0	1	0
8934	0	1	0
8941	0	1	0
8956	0	1	0
8959	0	1	0
8960	0	1	0
8967	0	1	0
8970	1	0	0
8972	0	1	0
8988	0	1	0
8997	0	0	1
9001	0	0	1
9010	0	1	0
9012	0	0	1
9024	0	1	0
9029	0	0	1
9039	0	1	0
9041	1	0	0
9050	0	1	0
9052	1	0	0
9053	0	1	0
9054	0	1	0
9057	0	1	0
9063	0	0	2
9067	0	1	0
9076	0	1	0
9079	0	0	1
9090	0	0	1
9096	0	1	0
9099	0	0	1
9131	0	1	0
9193	1	0	0
9195	1	0	0
9209	1	0	0
9221	1	0	0
9226	1	0	0
9228	1	0	0
9233	0	0	1
9237	1	0	0
9247	2	0	0
9259	0	0	1
9263	1	0	0
9276	1	0	0
9283	1	0	0
9284	0	0	1
9287	1	0	0
9288	1	0	0
9292	1	0	0
9297	1	0	0
9302	1	0	0
9305	1	0	0
9308	1	0	0
9309	1	0	0
9313	1	0	0
9315	1	0	0
9325	1	0	0
9331	1	0	0
9332	1	0	0
9336	1	0	0
9338	2	0	0
9339	1	0	0
9346	2	0	0
9360	1	0	0
9365	1	0	0
9373	1	0	0
9376	1	0	0
9377	1	0	0
9380	1	0	0
9382	1	0	0
9395	1	0	0
9397	1	0	0
9402	1	0	0
9403	1	0	0
9409	1	0	0
9413	1	0	0
9445	1	0	0
9457	1	0	0
9489	1	0	0
9646	1	0	0
9656	1	0	0
9664	1	0	0
9673	1	0	0
9674	1	0	0
9675	2	0	0
9677	1	0	0
9685	1	0	0
9690	1	0	0
9691	1	0	0
9693	0	0	1
9710	1	0	0
9725	1	0	0
9729	1	0	0
9741	1	0	0
9743	1	0	0
9745	1	0	0
9752	1	0	0
9753	1	0	0
9754	1	0	0
9756	1	0	0
9759	1	0	0
9761	1	0	0
9783	1	0	0
9846	0	1	0
9920	0	0	1
9960	1	0	0
9965	0	0	1
10038	0	0	1
10089	0	1	0
10530	1	0	0
10703	0	0	1
10724	0	0	1
11240	0	1	0
11470	0	1	0
11547	0	1	0
11641	0	1	0
11662	0	1	0
11759	1	0	0
11818	1	0	0
11908	0	0	1
11945	0	1	0
11997	0	1	0
12030	0	0	1
12100	0	1	0
12299	0	0	1
12488	1	0	0
12507	0	1	0
12588	0	1	0
12655	0	1	0
12674	0	1	0
12683	0	1	0
12717	0	1	0
12722	0	1	0
12906	0	0	1
12974	0	1	0
12981	1	0	0
12993	0	1	0
13047	0	1	0
13078	0	1	0
13296	1	0	0
13332	1	0	0
13394	1	0	0
13402	1	0	0
13409	1	0	0
13439	1	0	0
13457	1	0	0
13487	0	0	1
13489	0	0	1
13692	1	0	0
13734	1	0	0
13750	1	0	0
13759	1	0	0
13761	1	0	0
13766	1	0	0
13783	2	0	0
13959	1	0	0
14997	0	1	0
15006	0	1	0
15167	0	1	0
15173	0	1	0
15189	0	1	0
15337	1	0	0
15392	0	1	0
15472	0	1	0
15589	0	1	0
15887	1	0	0
16155	1	0	0
16216	1	0	0
16298	1	0	0
16356	1	0	0
16384	0	1	0
16393	1	0	0
16576	0	0	1
16766	0	0	1
17054	0	1	0
17076	1	0	0
17669	0	0	1
17705	0	1	0
18196	0	1	0
18604	0	0	1
18622	0	0	1
18851	0	0	1
19430	0	0	1
19458	1	0	0
19895	0	0	1
20013	0	1	0
20027	0	0	1
20761	0	0	1
21134	1	0	0
21658	0	1	0
21845	0	0	1
22080	0	1	0
22091	0	1	0
23471	0	1	0
23473	0	0	1
23788	0	0	1
24016	0	0	1
24070	0	1	0
24107	0	0	1
24348	0	0	1
24434	0	1	0
24701	0	0	1
24715	1	0	0
24784	0	0	1
24871	1	0	0
24876	1	0	0
25021	0	0	1
25199	0	0	1
25363	0	0	1
25548	0	0	1
25722	0	0	1
25933	0	0	1
26014	0	0	1
26040	0	0	1
26275	0	0	1
26638	0	0	1
26791	0	0	1
26792	0	0	1
26845	1	0	0
27034	0	0	1
27257	0	0	1
27259	0	0	2
27260	0	0	3
27288	0	0	1
27451	1	0	0
27904	0	0	1
27958	0	0	1
28205	0	0	1
28353	0	0	1
28427	0	0	1
28482	0	0	1
28967	0	0	1
29022	0	1	0
29069	0	0	1
29084	1	0	0
29113	0	0	1
29189	0	0	1
29347	0	0	1
29383	0	0	1
29438	0	0	1
29573	1	0	0
29633	0	0	1
29880	0	0	1
30045	1	0	0
30078	0	0	1
30094	0	0	1
30837	0	1	0
30882	0	0	1
30911	0	0	1
30934	0	0	2
30957	0	1	0
31482	1	0	0
31899	0	0	1
31954	0	0	1
31968	0	0	1
32031	0	0	1
32084	1	0	0
32141	0	0	1
32205	0	0	1
32683	0	1	0
33059	1	0	0
33107	0	0	1
33434	0	1	0
34123	0	0	1
34207	0	0	1
34306	0	0	1
34311	0	0	1
34365	0	0	1
34370	0	0	1
34372	0	0	1
34382	0	0	1
34415	0	0	1
34416	0	0	1
34424	0	0	1
34446	0	0	1
34448	0	0	1
34467	0	0	1
34480	0	0	1
34482	0	0	1
34513	0	0	1
34523	0	1	0
34542	0	0	1
34570	0	1	0
34715	1	0	0
34811	0	0	1
34932	0	0	1
35078	1	0	0
35196	0	0	1
35275	0	0	1
35454	0	0	1
35514	0	0	1
35516	0	1	0
35916	0	1	0
36002	0	0	1
36016	0	1	0
36126	0	0	2
36258	0	0	1
36565	0	0	1
36596	0	0	1
36708	0	0	1
36973	0	0	1
36990	1	0	0
37081	0	0	1
37164	1	0	0
37168	0	0	1
37248	0	0	1
37296	0	0	1
37475	0	0	1
37694	0	0	1
37696	1	0	0
37709	0	0	1
37920	0	1	0
37929	0	1	0
37967	0	1	0
37995	0	1	0
37999	0	1	0
38018	0	1	0
38277	0	0	1
38354	0	0	1
38411	0	1	0
38445	0	0	1
38455	0	0	1
38496	0	0	1
38543	0	0	1
38624	0	0	1
38662	1	0	0
38776	1	0	0
38792	1	0	0
38795	1	0	0
38803	1	0	0
38804	1	0	0
38812	1	0	0
38841	1	0	0
38851	1	0	0
39001	0	0	1
39061	1	0	0
39111	0	0	1
39168	0	0	1
39175	1	0	0
39185	1	0	0
39733	0	0	1
39758	1	0	0
40208	0	0	1
40480	0	0	1
40708	0	0	1
40946	0	0	1
40953	0	0	1
41019	0	1	0
41542	0	0	1
41752	0	0	1
41894	0	0	1
42655	0	1	0
42728	0	0	1
42844	0	0	1
42977	0	0	1
43078	1	0	0
43897	1	0	0
44151	0	1	0
44320	0	0	1
44830	0	0	1
44999	0	1	0
45188	0	1	0
45206	0	1	0
45251	0	1	0
45270	0	1	0
45377	0	1	0
45417	0	1	0
45444	0	1	0
45457	0	1	0
45468	1	0	0
45570	0	0	1
45684	0	1	0
45713	0	1	0
45745	0	0	1
45854	0	0	1
45864	0	0	1
46155	0	0	1
46197	1	0	0
46215	1	0	0
46231	1	0	0
46351	1	0	0
46386	1	0	0
46400	1	0	0
46468	1	0	0
46492	1	0	0
46497	1	0	0
46504	2	0	0
46530	1	0	0
46546	1	0	0
46555	1	0	0
46573	2	0	0
46604	1	0	0
46610	1	0	0
46625	1	0	0
46643	0	0	1
46648	1	0	0
46709	1	0	0
46726	1	0	0
48395	0	1	0
48435	0	1	0
48454	0	1	0
48562	0	1	0
48563	0	1	0
48574	0	1	0
48597	0	1	0
49000	0	0	1
49326	1	0	0
49665	1	0	0
50211	0	1	0
50219	0	0	1
50774	0	0	1
50885	0	0	1
51102	0	0	1
51386	0	1	0
51393	0	1	0
51457	1	0	0
51482	0	1	0
51516	1	0	0
51649	1	0	0
51852	0	0	1
52277	0	0	1
52344	0	0	1
52410	0	1	0
52702	1	0	0
52784	1	0	0
52824	1	0	0
52850	0	0	1
52878	0	0	1
54954	0	1	0
55454	0	0	1
55566	0	0	1
55659	0	1	0
55660	0	17	0
55661	0	11	0
55662	0	166	0
55663	0	1	0
55669	0	1	0
55763	1	0	0
55764	1	0	0
55765	10	0	0
55768	4	0	0
55769	5	0	0
55770	5	0	0
55771	1	0	0
55772	2	0	0
55774	1	0	0
55816	1	0	0
55861	0	0	1
55925	1	0	0
56022	0	0	1
56102	1	0	0
56740	0	0	1
56851	0	1	0
56878	0	1	0
56938	0	1	0
57050	0	1	0
57090	0	1	0
57103	0	2	0
57106	0	1	0
57108	0	1	0
57139	0	1	0
57158	0	2	0
57161	0	1	0
57162	0	1	0
57171	0	1	0
57392	0	0	1
57423	1	0	0
57432	0	1	0
57453	0	1	0
57459	0	1	0
57463	0	1	0
57516	0	1	0
57701	0	0	1
57723	0	0	1
57835	0	1	0
57871	1	0	0
57938	1	0	0
57953	1	0	0
57981	1	0	0
58001	1	0	0
58054	1	0	0
58161	1	0	0
58179	1	0	0
58180	1	0	0
58181	1	0	0
58184	1	0	0
58185	1	0	0
58187	1	0	0
58188	1	0	0
58201	1	0	0
58202	2	0	0
58216	1	0	0
58247	1	0	0
58253	2	0	0
58260	1	0	0
58262	1	0	0
58293	1	0	0
58304	1	0	0
58307	1	0	0
58399	1	0	0
58423	1	0	0
58448	0	0	1
58452	1	0	0
58466	1	0	0
58481	1	0	0
58799	1	0	0
58800	0	1	0
59060	1	0	0
59135	0	0	1
59303	1	0	0
59635	0	1	0
61879	0	1	0
62350	1	0	0
62431	0	1	0
62461	0	0	1
62579	0	1	0
62994	0	0	1
63206	0	0	1
63858	0	0	1
63954	0	0	1
65158	0	0	1
66092	0	1	0
66181	0	0	1
66239	1	0	0
66448	0	1	0
66459	0	1	0
66965	1	0	0
68353	0	1	0
69311	0	0	1
69735	0	1	0
69770	0	0	1
70297	0	1	0
71018	1	0	0
71092	0	0	1
72338	1	0	0
73133	0	0	1
73551	0	0	1
73600	1	0	0
73693	0	0	1
73701	0	0	1
73885	0	1	0
74135	1	0	0
74853	1	0	0
75006	0	0	1
75283	0	1	0
75779	0	0	1
75855	0	0	1
75934	0	0	1
75983	0	1	0
76051	0	1	0
76380	0	1	0
76819	0	0	1
77257	0	0	1
77274	0	0	1
77333	0	0	1
78131	0	1	0
78149	0	0	1
78852	1	0	0
78961	0	0	1
80320	0	1	0
81292	0	0	1
81417	0	0	1
81427	0	1	0
81438	1	0	0
81710	0	0	1
81929	0	0	1
82869	0	0	1
83089	0	1	0
83115	1	0	0
83342	0	0	1
83365	0	1	0
84197	0	0	1
84279	1	0	0
84458	1	0	0
84581	0	0	1
84706	0	1	0
84992	0	0	1
85089	0	0	1
86505	0	1	0
86715	0	0	1
86843	0	0	1
87038	0	1	0
87127	0	0	1
87315	0	0	1
87390	0	0	1
87412	1	0	0
87591	1	0	0
88181	1	0	0
88839	0	0	1
89381	0	0	1
90692	1	0	0
90816	0	1	0
90859	0	0	1
91261	0	1	0
91268	0	1	0
91922	0	0	1
92096	0	0	1
92624	1	0	0
93233	0	1	0
93337	0	0	1
93355	0	1	0
93370	0	1	0
93379	0	1	0
93414	0	1	0
93420	0	0	1
93421	0	1	0
93577	0	1	0
93579	0	1	0
93585	0	0	1
93720	0	0	1
93827	0	1	0
93847	1	0	0
93909	1	0	0
94008	1	0	0
94167	0	0	1
94168	1	0	0
94201	1	0	0
94247	1	0	0
94514	1	0	0
94516	1	0	0
94628	1	0	0
94646	1	0	0
94753	1	0	0
94767	0	0	1
95015	0	0	1
95650	0	1	0
95812	1	0	0
95955	0	1	0
96478	1	0	0
96955	0	0	1
96996	0	1	0
97071	0	1	0
97612	0	0	1
97757	0	1	0
97826	0	0	1
97863	0	1	0
98065	0	1	0
98088	0	0	1
98283	1	0	0
98582	0	0	1
98946	1	0	0
99330	0	1	0
99508	0	1	0
99517	0	1	0
99519	0	1	0
99532	0	5	0
99533	0	4	0
99542	0	1	0
99543	0	2	0
99544	0	4	0
99545	0	2	0
99565	0	1	0
99583	0	2	0
99585	0	1	0
99594	0	2	0
99595	0	4	0
99597	0	4	0
99598	0	2	0
99599	0	1	0
99600	0	2	0
99601	0	2	0
99602	0	4	0
99603	0	1	0
99604	0	2	0
99605	0	2	0
99607	0	3	0
99608	0	3	0
99609	0	4	0
99610	0	4	0
99612	0	3	0
99617	0	5	0
99619	0	3	0
99620	0	8	0
99621	0	2	0
99623	0	5	0
99624	0	10	0
99625	0	13	0
99626	0	1	0
99627	0	3	0
99628	0	8	0
99629	0	4	0
99630	0	2	0
99631	0	3	0
99632	0	1	0
99633	0	1	0
99636	0	1	0
99637	0	4	0
99638	0	7	0
99639	0	21	0
99640	0	9	0
99641	0	13	0
99642	0	2	0
99644	0	5	0
99646	0	1	0
99649	0	1	0
99651	0	1	0
99652	0	1	0
99664	0	1	0
99688	0	1	0
99703	0	1	0
99722	0	1	0
99746	0	0	1
99954	1	0	0
99980	1	0	0
100022	1	0	0
100024	1	0	0
100035	1	0	0
100040	1	0	0
100050	1	0	0
100051	1	0	0
100055	1	0	0
100056	1	0	0
100057	1	0	0
100058	3	0	0
100059	1	0	0
100060	6	0	0
100061	14	0	0
100062	9	0	0
100063	22	0	0
100064	7	0	0
100065	4	0	0
100067	3	0	0
100070	2	0	0
100071	3	0	0
100072	1	0	0
100073	7	0	0
100074	16	0	0
100075	18	0	0
100076	5	0	0
100077	19	0	0
100078	16	0	0
100079	5	0	0
100082	11	0	0
100083	9	0	0
100084	4	0	0
100085	2	0	0
100090	2	0	0
100091	2	0	0
100092	6	0	0
100093	4	0	0
100094	3	0	0
100095	3	0	0
100097	2	0	0
100099	1	0	0
100100	3	0	0
100101	2	0	0
100102	2	0	0
100104	3	0	0
100105	6	0	0
100106	1	0	0
100107	7	0	0
100108	1	0	0
100110	1	0	0
100114	1	0	0
100119	1	0	0
100145	1	0	0
100157	5	0	0
100158	6	0	0
100159	2	0	0
100162	3	0	0
100165	1	0	0
100166	2	0	0
100167	1	0	0
100169	7	0	0
100170	14	0	0
100171	3	0	0
100183	6	0	0
100186	2	0	0
100189	1	0	0
100258	0	0	1
100307	0	0	1
100494	1	0	0
100662	0	0	1
100834	1	0	0
101685	0	0	1
102307	0	0	1
102354	0	1	0
102724	0	0	1
103154	0	0	2
103182	0	0	1
104039	0	0	1
104052	0	0	1
104076	0	0	1
104138	0	0	1
104144	0	1	0
104196	0	0	2
104397	0	0	1
104578	0	0	1
104582	0	0	1
104922	0	0	1
104949	1	0	0
105052	0	0	1
105281	1	0	0
105331	0	0	1
105365	1	0	0
105501	0	0	1
105507	0	0	1
105693	0	0	1
105803	0	0	1
105913	0	0	1
106024	0	0	1
106159	0	0	1
106214	0	0	1
106223	0	0	1
106287	0	0	1
106301	0	0	1
106363	0	0	1
106538	0	0	1
106747	0	0	1
106828	0	0	1
106984	0	0	1
107044	0	0	1
107069	0	0	2
107115	0	0	1
107119	0	0	1
107126	0	0	1
107174	0	0	1
107314	0	0	1
107444	0	0	1
107490	0	0	1
107557	0	0	1
107563	0	0	1
107612	0	0	1
107845	0	1	0
107873	0	0	1
107896	0	1	1
108144	0	0	1
108145	0	0	1
108253	0	1	0
108412	0	0	1
108679	0	1	0
108729	0	0	1
108818	0	1	0
108889	0	0	1
109014	1	0	0
109039	1	0	0
109189	0	0	1
109432	0	0	1
109439	0	0	1
109456	0	0	1
109476	0	0	1
109480	0	0	1
109571	1	0	0
109849	0	0	1
109858	1	0	0
109862	1	0	0
109872	1	0	0
109897	1	0	0
109992	0	0	1
110044	1	0	0
110104	0	0	1
110213	0	1	0
110250	0	1	0
110304	0	1	0
110347	0	0	2
110354	0	1	0
110424	0	1	0
110437	0	1	0
110439	0	0	1
110445	0	0	1
110523	0	0	1
110556	0	1	0
110575	0	1	0
110584	0	0	1
110586	0	1	0
110594	0	0	1
110603	0	1	0
110615	0	1	0
110618	0	1	0
110621	0	1	0
110624	0	3	0
110627	0	2	0
110635	0	0	1
110636	0	1	0
110637	0	1	0
110638	0	2	0
110643	0	1	0
110644	0	1	0
110650	0	0	1
110663	0	1	0
110664	0	2	0
110667	0	1	0
110677	0	1	0
110683	0	1	0
110687	0	1	0
110695	0	1	0
110702	0	1	0
110717	0	1	0
110741	0	1	0
110745	0	1	0
110748	0	1	0
110775	0	0	1
110785	0	0	1
110812	0	0	1
110814	0	0	1
110817	0	0	1
110854	0	1	0
110899	0	0	1
110916	0	0	1
110947	0	0	1
111002	0	1	0
111072	0	0	1
111073	0	0	1
111092	0	0	1
111112	0	0	1
111140	0	0	1
111232	0	0	1
111237	0	0	1
111254	0	0	1
111352	0	1	0
111437	1	0	0
111452	1	0	0
111523	1	0	0
111591	1	0	0
111626	0	0	1
111871	0	0	1
112184	0	0	1
112281	1	0	0
112476	0	0	1
112898	0	0	1
113027	0	0	1
113028	0	1	0
113030	0	1	0
113111	0	0	1
113391	0	0	1
113452	0	1	0
114304	0	0	1
114327	0	0	1
114429	0	0	1
114459	1	0	0
114475	0	0	1
114528	1	0	0
114529	0	0	1
114574	0	0	1
114699	0	0	1
114806	0	0	1
115023	0	0	1
115098	0	1	0
115136	0	0	1
115169	0	0	1
115200	0	0	1
115210	0	0	1
115281	0	0	1
115361	0	0	1
115432	0	1	0
115923	0	0	1
116248	0	1	0
116289	0	0	1
116416	0	0	1
116626	0	0	1
116656	0	1	0
117087	0	0	1
117420	0	0	1
117561	0	0	1
117577	1	0	0
117609	0	0	1
117960	0	0	1
118048	0	0	1
118066	0	0	1
118488	0	1	0
118894	0	0	1
119111	1	0	0
119130	1	0	0
119165	1	0	0
119474	1	0	0
119564	0	1	0
119568	0	1	0
119580	0	0	1
119635	0	1	0
119683	0	0	1
119744	0	0	1
119753	0	0	1
119945	0	0	1
120390	1	0	0
120661	1	0	0
120719	0	1	0
120745	0	0	1
121006	1	0	0
121217	0	0	1
121230	0	1	0
121249	0	0	1
121332	0	1	0
121528	0	1	0
121739	0	0	1
121773	0	0	1
121966	0	0	1
122097	0	0	1
122245	1	0	0
122342	0	0	1
123159	1	0	0
123247	0	1	0
123398	0	0	1
123785	0	0	1
124440	0	1	0
125235	1	0	0
126164	0	0	1
127105	0	0	1
127600	0	0	1
127900	1	0	0
128436	0	1	0
128598	0	1	0
128963	4	0	0
128964	3	0	0
128965	1	0	0
128968	5	0	0
128969	3	0	0
128970	2	0	0
128987	1	0	0
128988	5	0	0
128989	3	0	0
129018	1	0	0
129022	1	0	0
129045	1	0	0
129084	1	0	0
129258	1	0	0
130279	1	0	0
130617	0	0	1
131008	1	0	0
131633	0	1	0
132059	0	1	0
132153	0	1	0
132464	0	0	1
132556	0	1	0
132695	1	0	0
132831	0	1	0
133077	0	0	1
133450	0	1	0
134112	0	0	1
134512	0	1	0
134817	0	1	0
134879	0	1	0
134886	0	1	0
134897	0	1	0
135066	0	0	1
135139	0	0	1
135256	0	1	0
135442	1	0	0
136259	0	0	1
136609	0	0	1
137488	0	1	0
137916	1	0	0
138747	0	1	0
139222	1	0	0
139227	1	0	0
140108	0	0	1
140555	0	0	1
140837	0	0	1
140921	1	0	0
140967	1	0	0
140983	0	0	1
141002	1	0	0
141046	0	0	1
141162	0	0	1
141272	0	0	1
141895	0	1	0
142335	0	1	0
142518	1	0	0
142540	0	0	1
142690	0	1	0
142741	0	0	1
142959	1	0	0
143302	1	0	0
143600	0	0	1
144201	0	0	1
144237	0	0	1
145599	0	0	1
145717	0	0	1
146526	0	1	0
147091	0	0	1
147588	0	2	0
148534	1	0	0
148748	0	0	1
149472	0	1	0
150850	0	0	1
151187	0	0	1
151253	0	0	1
151954	0	0	1
153791	0	0	1
153818	0	0	1
153932	1	0	0
155255	0	0	1
155756	0	0	1
155927	0	0	1
155980	0	0	1
156590	0	1	0
157242	0	0	1
157468	0	0	1
157677	0	0	1
157943	0	0	1
158335	0	0	1
158357	0	0	1
158387	0	0	1
158900	0	0	1
158902	0	0	1
159253	0	1	0
160207	0	0	1
160610	0	1	0
160648	0	0	1
161093	0	0	1
161221	0	0	1
161278	0	1	0
161889	0	0	1
161931	0	0	1
161995	0	1	0
162061	0	0	1
162361	0	0	1
162369	0	0	1
162532	0	0	1
162565	0	0	1
162571	0	0	1
162802	0	0	1
162815	1	0	0
163134	0	0	1
163422	1	0	0
163733	0	1	0
163884	0	1	0
164406	1	0	0
164792	0	1	0
165150	0	0	1
165415	0	0	1
165542	0	0	1
166017	0	0	1
166320	1	0	0
166418	1	0	0
166530	1	0	0
167764	0	0	1
168040	0	0	1
168180	0	1	0
168211	1	0	0
168584	0	0	1
168767	0	0	1
169162	1	0	0
169286	1	0	0
169318	0	0	1
169656	0	0	1
170009	0	0	1
170693	0	0	1
171279	0	0	1
171347	0	0	1
171541	0	0	1
172075	0	0	1
172116	0	0	1
172125	0	1	0
172134	1	0	0
172242	0	1	0
172334	0	0	1
172455	0	0	1
172952	0	0	1
172962	0	0	1
173296	0	0	1
173543	1	0	0
173957	0	0	1
174225	0	0	1
174365	0	0	1
174442	0	0	1
174546	0	0	1
174564	0	0	1
174566	0	0	1
174571	0	0	1
174611	0	0	1
174623	0	0	1
174683	0	0	1
174822	0	0	1
174848	0	0	1
174853	0	0	1
174984	0	0	1
175074	1	0	0
175075	0	0	1
175293	0	0	1
175345	0	0	1
175389	0	0	1
175690	0	0	1
175801	0	0	1
175812	0	0	1
175839	0	0	1
175860	0	0	1
175890	0	0	1
175902	0	0	1
175913	0	0	1
176029	0	0	1
176148	0	0	1
176185	0	0	1
176218	0	0	1
176241	0	0	1
176252	0	0	1
176538	0	0	1
176774	0	0	1
176861	0	0	1
176912	0	0	1
176933	0	0	1
177182	0	0	1
177185	0	0	1
177241	1	0	0
177253	0	0	1
177306	0	0	1
177314	0	0	1
177317	0	0	2
177361	0	0	1
177417	0	0	1
177418	0	1	0
177528	0	0	1
177529	0	0	1
177677	0	0	1
177703	1	0	0
177704	0	1	0
177763	0	0	1
177801	1	0	0
177826	0	0	1
177869	0	0	1
177940	0	0	1
178014	1	0	0
178166	0	0	1
178194	0	0	1
178205	0	0	1
178311	0	0	1
178313	0	0	1
178397	0	0	1
178470	0	0	1
178627	0	0	1
178651	0	0	1
178796	0	0	1
178802	0	0	1
179168	0	0	1
179222	0	0	1
179247	0	0	1
179269	0	0	1
179314	0	0	1
179721	0	0	1
179722	0	0	1
179962	0	1	0
180134	0	0	1
180337	0	0	1
180358	0	0	1
180361	0	0	1
180371	0	0	1
180372	0	0	1
180373	0	0	1
180381	0	0	1
180423	0	0	1
180429	0	0	1
180451	0	1	0
180506	0	0	1
180875	1	0	0
180912	0	0	1
181215	0	0	1
181228	0	0	1
181304	0	0	1
181330	0	1	0
181742	0	1	0
182709	1	0	0
182777	0	1	0
182791	0	0	1
183418	0	0	1
183549	0	0	1
183748	0	0	1
183856	0	1	0
184014	0	1	0
184690	1	0	0
185210	0	0	1
185334	1	0	0
185665	0	0	1
185717	0	0	1
185744	0	0	1
185906	0	1	0
186583	0	0	1
186843	0	0	1
186962	0	0	1
187213	0	0	1
187348	0	0	1
187512	0	0	1
187539	0	0	1
187543	0	0	1
187653	0	0	1
187762	0	1	0
187793	0	0	1
187900	0	0	1
187920	0	1	0
188044	0	0	1
188163	0	1	0
188347	0	0	1
188362	0	0	1
188443	0	0	1
188678	1	0	0
188799	0	1	0
188972	0	0	1
189004	0	0	1
189144	0	0	1
189188	0	0	1
189694	0	0	1
189806	0	0	1
189842	0	0	1
189870	1	0	0
190043	0	0	2
190278	0	1	0
190546	0	1	0
190655	0	1	0
190891	0	0	1
190991	0	0	1
191305	0	0	1
191316	0	0	1
191879	0	0	1
191891	0	0	1
191940	0	0	1
191981	0	0	1
192008	0	0	1
192108	1	0	0
192238	1	0	0
192766	0	0	1
192924	0	0	1
193206	0	1	0
193379	0	0	1
193524	0	1	0
193637	0	0	1
193767	0	0	1
194528	1	0	0
194641	0	0	1
194716	0	1	0
195464	0	0	1
195646	0	0	1
195835	1	0	0
196119	0	0	1
197218	0	0	1
197314	1	0	0
197384	1	0	0
197800	0	0	1
199273	0	1	0
200854	0	0	1
201756	1	0	0
202297	0	0	1
202468	0	0	1
202496	1	0	0
202980	0	1	0
203193	0	0	1
203363	0	1	0
204445	0	1	0
206765	0	0	1
207369	0	1	0
208422	1	0	0
208464	1	0	0
208900	0	0	1
209168	0	0	1
210810	0	0	1
211293	0	0	1
212802	0	0	1
212957	0	0	1
213013	0	0	1
213058	0	0	1
213120	0	0	1
213149	0	0	1
213169	0	0	1
213218	0	0	1
213225	0	0	1
213359	0	0	1
213390	0	0	1
213425	0	0	1
213461	0	0	1
213472	0	0	1
213558	0	0	1
213705	0	0	1
213726	0	0	1
213773	0	0	1
213775	0	1	0
213968	0	0	1
214249	0	0	1
214709	0	0	1
214803	0	0	1
214817	0	0	2
214838	0	0	1
214844	0	0	1
214847	0	0	1
214865	0	0	1
214869	0	0	1
214874	0	0	1
214878	0	0	1
214884	0	0	1
215088	0	0	1
215394	0	0	1
215499	0	0	1
215501	0	0	1
215522	1	0	0
215529	0	0	1
215566	0	1	0
215568	0	0	1
215584	0	0	1
215674	0	0	1
215763	0	1	0
215779	0	0	1
215788	0	0	1
215812	0	0	1
215819	0	0	1
215825	0	0	1
215846	0	0	1
215909	0	0	1
215914	0	0	1
215915	0	0	1
215951	0	0	1
215961	0	0	1
215963	0	0	1
215995	0	0	1
215998	0	1	0
216015	0	0	1
216020	0	0	1
216041	0	0	1
216051	0	0	1
216131	0	0	1
216186	0	0	1
216191	1	0	0
216219	0	0	1
216238	1	0	0
216435	0	0	1
216470	0	0	1
216562	0	0	1
216676	0	0	1
216678	0	0	1
216727	0	0	1
216877	0	0	1
216936	0	0	1
217166	0	0	1
217197	0	0	1
217252	0	0	1
217507	0	0	1
217620	0	0	1
217630	0	0	1
217660	0	0	1
217707	0	1	0
217834	0	0	1
218227	0	0	1
218319	0	0	1
218357	0	0	1
218371	0	0	1
218423	0	0	1
218506	0	0	1
218735	0	0	1
218879	1	0	0
218963	0	0	1
219020	0	0	1
219049	0	0	1
219112	0	0	1
219452	0	0	1
219574	0	0	1
219934	0	0	1
220013	0	0	1
220056	0	0	1
220102	1	0	0
220299	0	0	1
220304	0	0	1
220429	0	0	1
220503	0	0	1
220559	0	0	1
220615	0	0	1
220641	0	0	1
220753	0	0	1
220804	0	0	1
220841	0	0	1
220944	0	0	1
221490	0	0	1
221690	0	0	1
221721	0	0	1
221825	0	0	1
221850	0	0	1
221927	0	0	1
221928	0	0	2
221975	0	1	0
222000	0	0	1
222020	0	1	0
222079	0	0	1
222098	0	0	1
222100	0	0	1
222197	0	0	1
222337	0	0	1
222426	0	0	1
222505	0	0	1
222604	0	0	1
222728	0	1	0
222834	0	0	1
222980	0	0	1
223047	0	1	0
223075	0	0	1
223134	0	0	1
223157	0	0	1
223205	0	0	1
223265	0	0	1
223287	0	0	1
223330	0	0	1
223351	0	0	1
223410	0	0	1
223451	0	0	1
223466	0	0	1
223524	0	0	1
223599	0	0	1
223607	0	0	1
223616	0	0	1
223666	0	0	1
223667	0	0	1
223686	0	0	1
223720	0	0	1
223752	0	0	1
223785	0	0	1
223803	0	0	1
223846	0	0	1
223854	0	1	0
223855	0	0	1
223879	0	0	1
223936	0	0	1
223941	0	0	1
224036	0	0	1
224040	0	0	1
224049	0	0	1
224095	1	0	0
224126	1	0	0
224127	1	0	0
224128	1	0	0
224130	1	0	0
224136	2	0	0
224138	1	0	0
224139	1	0	0
224141	1	0	0
224145	1	0	0
224149	1	0	0
224153	1	0	0
224156	2	0	0
224157	1	0	0
224158	1	0	0
224164	1	0	0
224165	1	0	0
224166	2	0	0
224167	1	0	0
224176	1	0	0
224179	1	0	0
224182	1	0	0
224194	1	0	0
224388	0	0	1
224735	0	1	0
224989	0	0	1
225691	1	0	0
225910	0	0	1
226516	0	0	1
226540	0	0	1
226835	0	0	2
226952	0	0	1
227604	1	0	0
227627	1	0	0
227871	0	0	1
227904	0	1	0
228076	0	0	1
228756	0	0	1
228988	1	0	0
229147	0	0	1
229463	0	0	1
229702	0	1	0
229842	0	0	1
229989	0	0	1
230045	0	0	1
230050	0	0	1
230394	1	0	0
230576	0	0	1
230861	0	0	1
230955	0	0	1
230985	1	0	0
231293	0	0	1
231295	0	0	1
232147	0	1	0
232263	0	1	0
232386	0	0	1
232429	0	0	1
232551	0	0	1
232556	0	0	1
232614	0	0	1
232618	0	1	0
232633	0	0	1
232634	0	0	1
232643	0	0	1
232692	0	1	0
232701	0	0	1
232707	0	0	1
233205	1	0	0
233298	1	0	0
233341	1	0	0
233351	1	0	0
233478	1	0	0
234417	0	1	0
234421	0	0	1
234858	0	0	1
236567	0	0	1
237196	0	0	1
237528	1	0	0
238009	0	0	1
238384	0	0	1
238710	0	0	1
238738	0	0	1
238782	0	0	1
238893	1	0	0
239329	0	0	1
239355	0	0	1
239420	0	1	0
239603	0	0	1
240580	0	0	1
240642	0	0	1
240744	0	0	1
241341	0	0	1
242569	0	0	1
243714	0	0	1
244136	0	0	1
244228	0	0	1
244366	0	0	1
244578	0	0	1
244699	0	0	1
244794	0	0	1
244797	0	0	1
244825	0	0	1
244890	1	0	0
244990	1	0	0
245016	0	0	1
245137	1	0	0
245233	0	0	1
245253	0	0	1
245360	0	0	1
245374	0	0	1
245436	1	0	0
245458	0	0	1
245944	0	0	1
245976	0	0	1
245987	0	0	1
246003	0	0	1
246958	0	0	1
247124	0	0	1
247211	1	0	0
247388	0	0	1
247554	0	0	1
247622	1	0	0
247800	1	0	0
247841	1	0	0
247948	1	0	0
247978	1	0	0
248062	0	0	1
248110	1	0	0
248238	1	0	0
248245	1	0	0
249054	0	0	1
249963	0	1	0
250371	1	0	0
250374	0	0	1
250876	0	0	1
251580	0	0	1
251721	1	0	0
253258	0	0	1
254195	0	0	1
254573	1	0	0
254899	0	1	0
254955	0	0	1
255012	0	0	1
255363	0	1	0
255381	0	0	1
255452	0	0	1
255708	0	0	1
255744	0	1	0
256598	0	1	0
256912	1	0	0
257258	0	0	1
258397	0	0	1
258453	1	0	0
258642	0	1	0
259273	0	0	1
259395	1	0	0
259505	1	0	0
259968	0	0	1
260208	0	1	0
260303	0	1	0
260334	0	1	0
260390	0	1	0
260395	0	1	0
260592	1	0	0
260650	0	1	0
260662	0	0	1
260713	0	1	0
260737	1	0	0
260944	1	0	0
261128	1	0	0
261135	1	0	0
261421	1	0	0
261451	0	0	1
261494	0	0	1
261543	1	0	0
261544	0	0	1
261703	1	0	0
261730	0	0	1
261879	0	1	0
261949	0	1	0
262081	1	0	0
262195	0	0	1
262224	0	0	1
262652	0	0	1
263067	0	0	1
263152	0	0	1
263397	0	0	1
263422	0	0	1
263641	1	0	0
264226	0	0	1
264416	0	0	1
264421	0	0	1
264473	0	0	1
264494	0	0	1
264786	0	0	1
264968	0	0	1
265314	0	0	1
265423	0	1	0
265865	0	0	1
265908	0	0	1
266067	0	0	1
266398	0	0	1
266499	0	0	1
266909	0	0	1
266954	0	0	1
267467	0	1	0
267706	0	0	1
268043	0	1	0
268311	0	0	1
268550	0	1	0
268592	0	0	1
269068	0	0	1
269099	0	0	1
269582	0	0	1
270115	0	0	1
270267	0	0	1
270412	0	0	1
270556	0	0	1
270667	1	0	0
270935	0	0	1
271146	0	0	1
271258	0	0	1
271761	0	0	1
271774	1	0	0
272305	1	0	0
272362	0	0	1
273523	0	0	1
273618	0	0	1
274485	0	0	1
275224	1	0	0
276080	1	0	0
276602	0	0	1
276643	0	0	1
276648	0	0	1
276673	0	0	1
276678	0	0	1
276756	0	0	1
276882	0	0	1
276941	0	0	1
276954	0	0	1
277189	0	0	1
277493	0	0	1
277528	0	0	1
277602	0	0	1
277636	0	0	1
277759	0	0	1
277862	1	0	0
278065	0	0	1
278204	0	0	1
278677	0	0	1
278709	1	0	0
279184	0	0	1
279194	0	0	1
279406	0	0	1
279490	0	0	1
279636	0	0	1
279937	0	0	1
279965	0	0	1
280159	0	0	1
280379	1	0	0
280540	0	0	1
280588	0	1	0
280883	0	0	1
281182	0	0	1
281272	0	0	1
281482	0	0	1
281516	0	0	1
281726	0	0	1
281788	0	0	1
282131	0	0	1
282486	0	0	1
282545	0	0	1
282597	1	0	0
283031	0	1	0
283049	0	1	0
283051	0	1	0
283086	0	0	1
283105	0	1	0
283146	0	0	1
283242	0	0	1
284702	0	0	1
284774	0	0	1
285096	0	0	1
285102	0	0	1
285201	0	0	1
285634	0	0	1
285918	0	0	1
286053	0	1	0
286190	0	0	1
286277	1	0	0
286290	0	0	1
286318	0	0	1
286464	0	0	1
286512	0	0	1
287070	0	1	0
287339	0	0	1
287359	0	0	2
287366	0	0	1
287405	0	0	1
289114	0	0	1
289505	1	0	0
289735	0	1	0
289840	0	1	0
290198	1	0	0
290268	0	1	0
290494	0	0	1
290549	1	0	0
290801	1	0	0
290864	0	0	1
291584	1	0	0
292947	1	0	0
293894	0	0	1
294525	0	0	1
295243	0	1	0
295440	0	1	0
295613	1	0	0
297274	1	0	0
298060	0	1	0
299251	0	1	0
299416	0	0	1
299697	0	1	0
300177	0	0	1
301435	1	0	0
301568	0	1	0
302052	0	0	1
302878	0	0	1
303079	0	1	0
303088	0	0	1
303595	0	0	1
303606	0	1	0
303725	0	0	1
303768	1	0	0
304465	0	0	1
305477	0	0	1
306049	0	1	0
306213	0	0	1
306278	0	1	0
307118	1	0	0
308321	1	0	0
309035	0	0	1
311029	0	0	1
311345	1	0	0
311657	0	0	1
311802	1	0	0
312957	0	0	1
313456	0	1	0
313995	0	1	0
315042	0	1	0
316294	0	0	1
316554	0	1	0
317744	0	1	0
317967	1	0	0
318281	0	0	1
318420	1	0	0
319655	0	0	1
319775	1	0	0
320083	0	0	1
320222	0	0	1
320446	0	0	1
320535	0	0	1
320913	0	0	1
322189	0	0	1
322360	1	0	0
322665	1	0	0
322922	0	1	0
322951	0	0	1
323148	0	0	1
323766	0	0	1
324127	0	0	1
324176	0	1	0
324221	0	0	1
324242	0	0	1
324303	0	0	1
324339	0	0	1
324377	0	0	1
324417	0	0	1
324484	0	0	1
324534	0	0	1
324563	0	0	1
324586	0	0	1
324666	0	0	1
324922	0	0	1
325006	0	1	0
325032	0	0	1
325048	0	0	1
325208	0	0	1
325324	1	0	0
325573	0	0	1
325582	0	0	1
325696	0	0	1
325768	0	0	1
325780	0	0	1
325884	0	1	0
325952	0	1	0
326085	0	0	1
326217	0	0	1
326243	0	0	1
326300	1	0	0
326389	0	0	1
326713	0	0	1
326912	0	0	1
326941	0	0	1
326960	0	0	1
327269	0	0	1
327635	0	1	0
327652	1	0	0
327810	0	0	1
328935	0	0	1
329283	0	0	1
329293	0	0	2
329390	0	0	2
329396	0	0	1
329428	0	0	1
329484	0	0	1
329643	0	0	1
329723	0	0	1
329730	0	0	1
329736	0	0	1
329742	0	0	1
329746	0	0	1
329753	0	0	1
329768	0	0	1
329858	0	0	1
329900	0	0	1
329910	0	0	1
330038	0	0	1
330076	0	0	1
330155	0	0	1
330169	0	0	1
330233	0	0	1
330430	0	0	1
330552	0	0	1
330793	0	0	1
331791	0	0	1
332059	0	0	1
332082	0	1	0
332259	0	0	1
332433	0	0	1
332716	0	0	1
332799	0	0	1
332821	0	0	1
333193	0	0	2
333217	0	0	1
333469	0	0	1
334159	0	1	0
334211	0	1	0
334275	0	1	0
334321	0	1	0
334934	0	0	1
335366	1	0	0
335630	0	1	0
337745	0	0	1
337993	0	1	0
338328	0	1	0
339435	0	1	0
339714	0	0	1
339770	0	0	1
339810	0	0	1
339865	1	0	0
340020	0	0	1
340589	0	0	1
340596	0	1	0
340714	0	1	0
340916	0	1	0
340948	0	1	0
341010	0	0	1
341158	1	0	0
341445	0	1	0
341854	1	0	0
341889	1	0	0
342061	1	0	0
342221	1	0	0
342448	0	1	0
342631	0	0	1
343759	0	1	0
344375	1	0	0
345226	0	0	1
347366	0	1	0
347859	0	1	0
347936	0	0	1
348004	1	0	0
348122	0	0	1
348203	0	0	1
349242	0	1	0
350754	0	0	1
350792	0	0	1
351005	0	0	1
351093	0	1	0
351275	0	0	1
351740	0	0	1
352292	1	0	0
354044	0	0	1
354727	1	0	0
354728	1	0	0
354865	0	0	1
355072	0	0	1
355148	0	0	1
355292	0	1	0
355726	0	0	1
355794	0	1	0
355905	1	0	0
355968	0	0	1
356232	0	1	0
356325	0	1	0
356337	0	0	1
356728	0	0	1
356798	0	0	1
356816	0	0	1
356926	0	0	1
356936	0	0	1
356991	0	1	0
357060	0	0	1
357069	0	1	0
357105	0	1	0
357139	1	1	0
357143	0	2	0
357218	0	1	0
357288	0	0	1
357300	0	1	0
358306	0	1	0
359061	0	0	1
359359	0	1	0
359450	0	1	0
359585	1	0	0
360386	0	0	1
360461	1	0	0
360735	0	0	1
361015	0	0	1
361021	1	0	0
361390	0	0	1
362158	0	0	1
362192	0	0	1
362369	1	0	0
362376	0	0	1
362483	0	0	1
362612	0	0	1
363563	0	0	1
363967	0	1	0
364691	0	0	1
364742	0	0	1
364790	1	0	0
364813	1	0	0
364836	1	0	0
365176	1	0	0
365284	1	0	0
366748	0	0	1
367013	0	0	1
367669	1	0	0
370388	1	0	0
370744	1	0	0
370985	1	0	0
372229	0	0	1
373240	0	0	1
373420	0	0	1
373907	0	0	1
374197	1	0	0
374500	0	0	1
374546	0	0	1
374672	0	0	1
374842	0	1	0
374867	0	0	1
374889	0	0	1
374914	0	0	1
374978	0	0	1
375006	0	0	1
375032	0	0	1
375733	0	0	1
376128	0	0	1
376196	0	1	0
376672	0	0	1
376801	0	0	1
376916	0	1	0
376931	0	0	1
377689	0	0	1
378061	0	0	1
378103	0	1	0
379543	0	1	0
380666	0	0	1
382268	0	0	1
382564	0	0	1
382795	1	0	0
383218	0	1	0
383334	1	0	0
383764	1	0	0
384250	0	1	0
384290	0	1	0
384905	1	0	0
385195	0	1	0
385294	1	0	0
385681	0	0	1
386837	0	0	1
387178	0	0	1
387220	0	0	1
387720	0	0	1
387981	0	0	1
388338	1	0	0
390566	0	0	1
391298	0	0	1
391578	0	0	1
391785	0	1	0
395298	1	0	0
398648	0	0	1
399398	0	0	1
399411	0	0	1
399832	1	0	0
400121	0	0	1
400720	0	0	1
401708	0	0	1
402037	1	0	0
402366	0	1	0
402495	0	1	0
402809	0	0	1
403575	0	1	0
403906	0	0	1
404013	0	0	1
406202	0	0	1
406725	0	0	1
407333	0	1	0
408139	0	0	1
408283	0	1	0
408288	0	0	1
408308	1	0	0
409239	1	0	0
410247	0	0	1
410797	1	0	0
411741	0	0	1
412932	1	0	0
416248	0	1	0
417047	0	0	1
417157	1	0	0
417919	0	0	1
418928	0	0	1
419504	1	0	0
419822	0	0	1
420079	0	0	1
420545	0	0	1
420699	0	0	1
421732	0	0	1
423299	0	0	1
424368	0	0	1
424433	0	1	0
424642	0	0	1
424850	0	0	1
424855	0	0	1
425835	0	0	1
426208	0	0	1
428453	1	0	0
431522	0	0	1
431741	0	0	1
432055	0	0	1
432066	0	0	1
432185	0	0	1
432279	0	0	1
432348	0	0	1
432410	0	0	1
432439	0	0	1
432514	0	0	1
432551	0	0	1
432783	0	0	1
432849	0	0	1
433049	0	0	1
433054	0	0	1
433309	0	0	1
433380	0	0	1
433541	0	0	1
433676	0	0	1
433822	0	0	1
433840	0	0	1
433845	0	0	1
433851	0	0	1
433862	0	0	1
433869	0	0	1
433932	0	0	1
434256	0	0	1
434266	0	0	1
434296	0	0	1
434304	0	0	1
434317	0	0	1
434326	0	0	1
434868	0	0	1
434962	0	0	1
435178	0	0	1
436255	0	1	0
437699	0	1	0
438560	0	1	0
439829	0	0	1
439848	0	0	1
440113	0	1	0
441025	0	1	0
444329	0	1	0
444899	0	0	1
445210	0	0	1
446166	0	0	1
446191	0	0	1
446411	0	0	1
446522	0	0	1
446773	0	0	1
446785	0	0	1
446800	0	0	1
446823	0	0	1
446837	0	0	1
447273	0	0	1
447341	0	0	1
448228	0	0	1
448336	0	0	1
448593	0	0	1
448773	0	0	1
448790	1	0	0
448838	0	0	1
449168	0	1	0
449426	0	0	1
449596	0	0	1
449938	0	0	1
450394	0	0	1
450543	0	0	1
450691	0	0	1
450701	0	0	1
450712	0	0	1
450757	0	0	1
450806	0	0	1
450895	0	1	0
450957	0	0	1
450966	0	0	1
451066	0	0	1
451128	0	0	1
451158	0	0	1
451167	0	0	1
451182	0	0	1
451240	0	0	1
451254	0	0	1
451295	0	0	1
451308	0	0	1
451411	0	0	1
451430	0	0	1
451452	0	0	1
451478	0	0	1
451481	0	0	1
451485	0	0	1
451530	0	0	1
451532	0	0	1
451718	0	0	1
451900	0	0	1
452025	0	0	1
452037	0	0	1
452074	0	1	0
452921	0	1	0
453552	0	0	1
453737	0	1	0
453909	0	0	1
454138	0	0	1
454296	0	0	1
454303	0	0	1
454552	0	0	1
454556	0	0	1
454578	0	0	1
454583	0	0	1
454587	0	0	1
454598	0	0	1
454604	0	0	1
454613	0	0	2
454646	0	0	1
454654	0	0	1
454689	0	0	1
454723	0	0	1
454972	0	0	1
456201	0	1	0
456373	0	0	1
457663	0	0	1
459847	1	0	0
461486	0	0	1
463957	0	0	1
464274	0	0	1
464618	1	0	0
465015	0	0	1
465316	0	0	1
466217	0	1	0
466339	0	0	1
467341	0	0	1
467593	0	0	1
467703	0	0	1
467885	0	0	1
468276	0	0	1
469519	0	0	1
470009	0	0	1
470704	0	0	1
471141	0	1	0
471154	0	0	1
471175	0	0	1
473551	1	0	0
473577	1	0	0
473703	1	0	0
474111	0	1	0
474199	0	0	1
475512	1	0	0
476137	0	1	0
476369	0	1	0
476374	1	0	0
476425	0	1	0
476494	1	0	0
476530	0	1	0
476771	0	0	1
476862	0	1	0
476964	0	0	1
477282	1	0	0
477294	1	0	0
477630	1	0	0
477674	1	0	0
477681	1	0	0
477714	1	0	0
477730	1	0	0
477815	1	0	0
477853	1	0	0
477862	1	0	0
477941	1	0	0
478000	1	0	0
479231	0	0	1
479424	0	0	1
479564	1	0	0
479960	0	0	1
482132	0	0	1
482950	0	0	1
483046	0	0	1
485362	0	0	1
485751	0	0	1
487163	0	1	0
488437	0	0	1
488499	1	0	0
490383	1	0	0
490800	0	0	1
492334	1	0	0
497043	1	0	0
498388	1	0	0
499497	0	0	1
499501	0	1	0
499851	0	0	1
500117	1	0	0
501216	0	0	1
502074	0	0	1
502424	0	0	1
502807	0	1	0
504127	1	0	0
504540	0	1	0
505577	1	0	0
508601	1	0	0
511014	0	1	0
514773	0	0	1
517391	1	0	0
518128	0	1	0
518551	0	1	0
518615	0	1	0
518963	1	0	0
523837	1	0	0
525076	0	1	0
526378	1	0	0
526397	1	0	0
526781	0	0	1
527083	0	0	1
528797	0	0	1
530858	0	0	1
531112	0	1	0
532975	0	0	1
536871	1	0	0
536923	0	0	1
537663	0	0	1
537675	0	0	1
537715	0	0	1
541917	0	0	1
542924	0	1	0
544228	0	0	1
545844	0	1	0
546526	0	1	0
547577	0	1	0
548417	1	0	0
548564	1	0	0
549176	1	0	0
551435	1	0	0
551876	0	0	1
552896	0	0	1
553804	0	1	0
553923	1	0	0
555221	0	0	1
556285	0	0	1
556343	0	0	1
556349	0	0	1
556361	0	0	1
556399	0	0	1
556484	0	0	1
556544	0	0	1
556591	0	0	1
556622	0	0	1
556669	1	0	0
556694	0	0	1
556700	0	0	1
557063	0	0	1
557260	0	0	1
557264	0	0	1
557296	0	0	1
557336	0	0	1
557571	0	0	1
557597	0	0	1
557973	0	0	1
558057	0	0	1
558151	0	0	1
558264	0	0	1
558441	0	1	0
558745	0	0	1
559059	0	0	1
559443	0	0	1
560456	0	0	1
560572	1	0	0
560693	0	0	1
561039	0	0	1
561049	0	0	1
561161	0	0	1
561703	0	0	1
562062	0	0	1
562221	0	0	1
562233	0	0	1
562696	0	0	1
562810	0	0	1
562882	0	0	1
562902	0	0	1
562903	0	0	1
563016	0	0	1
563528	0	0	1
563542	0	0	1
564079	0	0	1
564221	0	0	1
564319	0	0	1
564784	0	0	1
564787	0	0	1
564791	0	0	1
564796	0	0	1
564808	0	0	1
564824	0	0	1
564825	0	0	1
564869	0	0	1
564956	0	0	1
564974	0	0	1
565068	0	0	1
565150	0	0	1
565160	0	0	1
565240	0	1	0
565485	0	0	1
565621	0	0	1
565647	0	0	1
566758	1	0	0
568039	0	0	1
569520	1	0	0
570234	0	1	0
572023	0	0	1
572407	0	0	1
572563	0	0	1
573339	0	1	0
573661	0	0	1
575056	0	0	1
576399	0	0	1
576576	0	1	0
577684	0	0	1
577842	1	0	0
580667	0	0	1
581606	0	0	1
582137	0	0	1
583696	0	1	0
584788	1	0	0
585520	0	1	0
586076	0	0	1
586101	0	0	1
586404	0	0	1
586417	0	0	1
586427	0	0	1
586435	0	0	1
586441	0	0	1
586467	0	0	1
586471	0	0	1
586480	0	0	1
586490	0	0	1
586502	0	0	1
586517	0	0	1
586585	0	0	1
586874	0	0	1
588101	0	0	1
588783	1	0	0
589044	1	0	0
591373	0	1	0
591599	0	0	1
593213	0	0	1
593514	0	0	1
594633	0	0	1
595659	1	0	0
596725	0	1	0
598615	0	1	0
600300	1	0	0
601249	0	0	1
605191	0	0	1
605297	0	0	1
607607	1	0	0
608664	0	0	1
609471	0	1	0
611937	0	0	1
612865	0	0	1
614197	0	0	1
615148	0	0	1
616203	0	0	1
616437	1	0	0
620148	1	0	0
620817	0	0	1
621276	0	1	0
622840	0	0	1
623246	0	0	1
624584	0	0	1
624739	0	0	1
627954	0	1	0
628320	0	0	1
628532	0	0	1
629057	0	0	1
631155	0	1	0
631404	0	1	0
632668	0	0	1
632767	0	0	1
634530	0	1	0
635897	0	0	1
636931	0	0	1
639776	1	0	0
641871	0	0	1
647479	0	0	1
648152	0	1	0
648979	1	0	0
654650	0	1	0
654958	0	1	0
655171	0	1	0
655765	0	1	0
656420	1	0	0
657309	0	0	1
658988	0	1	0
661271	0	0	1
662414	0	1	0
666182	0	0	1
667422	0	1	0
677748	0	1	0
680001	0	0	1
682478	0	0	1
685327	0	0	1
688487	1	0	0
690192	1	0	0
691637	0	1	0
694558	0	0	1
695383	1	0	0
696534	0	0	1
696840	0	0	1
697478	0	0	1
698028	0	0	1
700434	0	0	1
707533	0	0	1
708907	0	0	1
713495	0	0	1
714704	0	0	1
717616	0	0	1
718896	0	0	1
723171	0	0	1
723930	0	1	0
723952	0	0	1
725099	0	0	1
730603	0	0	1
732967	1	0	0
736668	0	0	1
740060	0	1	0
742422	0	0	1
742671	0	0	1
742865	0	0	1
743756	1	0	0
744268	0	0	1
744642	0	0	1
744718	0	0	1
745558	1	0	0
745775	0	0	1
745802	0	0	1
746297	1	0	0
746376	0	0	1
747389	1	0	0
747600	0	0	1
747732	0	0	1
747782	0	0	1
747809	0	1	0
748332	0	0	1
748576	0	0	1
749122	0	0	1
749372	0	0	1
749617	0	0	1
749619	0	0	1
749620	0	0	1
749629	0	0	1
749643	0	0	1
749649	0	0	1
749651	0	0	1
749667	0	0	1
749669	0	0	1
749693	0	0	1
750101	0	0	1
750110	0	0	1
750165	0	0	1
750191	0	0	1
750238	0	0	1
750321	0	0	1
750461	0	0	1
750604	0	0	1
751257	0	0	1
751389	0	0	1
751436	0	0	1
751443	0	0	1
751465	0	0	1
751481	0	0	1
751631	0	0	1
751770	0	0	1
751990	0	0	1
752276	0	0	1
752310	0	1	0
752431	0	0	1
752533	0	0	1
752615	0	0	1
752658	0	1	0
752775	0	0	1
752862	0	0	1
753028	0	0	1
753049	0	0	1
753298	0	0	1
753361	1	0	0
753878	0	0	1
754250	1	0	0
758424	0	1	0
759020	0	1	0
760140	0	0	1
760531	1	0	0
760863	1	0	0
760901	1	0	0
760903	1	0	0
760904	1	0	0
760905	1	0	0
760907	1	0	0
760927	1	0	0
760941	1	0	0
760942	1	0	0
760945	1	0	0
760964	1	0	0
760976	1	0	0
760993	1	0	0
761004	1	0	0
761007	1	0	0
761160	0	1	0
763827	0	0	1
766648	0	1	0
768362	1	0	0
772761	0	0	1
775127	0	1	0
775369	1	0	0
777912	0	0	1
782011	0	1	0
782617	0	0	1
784680	0	0	1
787171	0	1	0
787258	0	1	0
787312	0	1	0
787455	0	1	0
787726	0	1	0
787780	0	1	0
787784	0	1	0
787791	0	1	0
787798	0	0	1
787812	0	1	0
787830	0	1	0
787855	0	0	1
787859	0	1	0
788096	0	0	1
788118	1	0	0
788124	1	0	0
788144	1	0	0
788234	1	0	0
788496	1	0	0
788525	1	0	0
788538	1	0	0
788561	1	0	0
788583	1	0	0
789922	0	0	1
790031	0	0	1
790366	0	0	1
790470	0	0	1
790488	0	0	1
790511	0	0	1
790537	0	0	1
790560	0	0	1
790569	0	0	1
790571	0	0	1
790579	0	0	1
790584	0	0	1
790592	0	0	1
790608	0	0	1
790610	0	0	1
790619	0	0	1
792442	0	0	1
792644	1	0	0
792887	0	0	1
793307	0	0	1
793341	0	0	1
793362	0	0	1
793697	0	1	0
793832	0	0	1
793890	0	0	1
793916	0	0	1
795000	0	0	1
795101	0	0	1
795113	0	0	1
795440	0	0	1
796021	0	0	1
796035	0	0	1
796094	0	0	1
796100	0	0	1
796120	0	1	0
796279	0	0	1
796409	0	0	1
796513	0	0	1
796763	0	0	1
797088	0	0	1
797178	0	0	1
797254	0	0	1
797267	0	0	1
797586	0	0	1
797618	0	1	0
798131	0	0	1
798205	0	0	1
798209	0	0	1
798227	0	0	1
798289	0	0	1
798333	0	0	1
798349	0	0	1
798424	0	0	1
798426	0	0	1
798444	0	0	1
798716	0	0	1
798772	0	0	1
798781	0	0	1
799051	0	0	1
801264	1	0	0
801277	0	0	1
801474	1	0	0
802743	0	0	1
803103	0	0	1
806196	0	1	0
811372	0	1	0
813500	0	0	1
818119	1	0	0
818121	1	0	0
818136	1	0	0
824783	0	1	0
825238	1	0	0
827010	0	0	1
832980	1	0	0
833069	0	0	1
838593	0	0	1
844566	0	0	1
846105	0	0	1
846495	0	0	1
851887	0	1	0
853166	1	0	0
853167	1	0	0
853268	1	0	0
868397	0	1	0
871732	0	0	1
892919	0	0	1
901619	0	0	1
909278	0	0	1
931203	0	0	1
934345	0	0	1
945294	0	0	1
956337	1	0	0
957477	0	0	1
984303	1	0	0
997553	0	0	1
1009073	1	0	0
1026424	0	0	1
1046811	0	0	1
1066494	0	0	1
1068660	0	0	1
1068762	0	0	1
1068820	0	0	1
1073895	0	0	1
1119799	0	0	1
1120447	0	0	1
1140409	1	0	0
1150727	1	0	0
1157512	0	1	0
1169234	1	0	0
1172689	1	0	0
1180937	1	0	0
1229107	0	0	1
1250735	1	0	0
1253640	0	0	1
1258129	1	0	0
1306112	0	1	0
1311637	0	0	1
1311923	0	0	1
1405388	1	0	0

