## htsjdk.samtools.metrics.StringHeader
# CollectInsertSizeMetrics --Histogram_FILE /u/home/s/samdemar/project-guillom/upf1_rrp6/7_INSERT_HISTOGRAMS/U_R_1YPD_1.fq.gz_hist.pdf --DEVIATIONS 1.0E7 --MINIMUM_PCT 0.0 --INPUT /u/home/s/samdemar/project-guillom/upf1_rrp6/4_REMOVE_PCR/U_R_1YPD_1.fq.gz.bam --OUTPUT /u/home/s/samdemar/project-guillom/upf1_rrp6/7_INSERT_HISTOGRAMS/U_R_1YPD_1.fq.gz_output.txt --METRIC_ACCUMULATION_LEVEL ALL_READS --INCLUDE_DUPLICATES false --ASSUME_SORTED true --STOP_AFTER 0 --VERBOSITY INFO --QUIET false --VALIDATION_STRINGENCY STRICT --COMPRESSION_LEVEL 5 --MAX_RECORDS_IN_RAM 500000 --CREATE_INDEX false --CREATE_MD5_FILE false --GA4GH_CLIENT_SECRETS client_secrets.json --help false --version false --showHidden false --USE_JDK_DEFLATER false --USE_JDK_INFLATER false
## htsjdk.samtools.metrics.StringHeader
# Started on: Mon Nov 15 16:52:41 PST 2021

## METRICS CLASS	picard.analysis.InsertSizeMetrics
MEDIAN_INSERT_SIZE	MODE_INSERT_SIZE	MEDIAN_ABSOLUTE_DEVIATION	MIN_INSERT_SIZE	MAX_INSERT_SIZE	MEAN_INSERT_SIZE	STANDARD_DEVIATION	READ_PAIRS	PAIR_ORIENTATION	WIDTH_OF_10_PERCENT	WIDTH_OF_20_PERCENT	WIDTH_OF_30_PERCENT	WIDTH_OF_40_PERCENT	WIDTH_OF_50_PERCENT	WIDTH_OF_60_PERCENT	WIDTH_OF_70_PERCENT	WIDTH_OF_80_PERCENT	WIDTH_OF_90_PERCENT	WIDTH_OF_95_PERCENT	WIDTH_OF_99_PERCENT	SAMPLE	LIBRARY	READ_GROUP
252	247	38	2	1224571	270.239887	2354.668841	21026474	FR	15	29	45	61	77	97	121	153	203	253	451			
231.5	55662	210.5	2	1178107	48719.930773	128516.246949	4348	RF	129	231	321	381	421	465	6095	110863	222629	605479	1543903			
201	124	98	2	1363471	92836.700622	189161.34871	8364	TANDEM	37	73	113	151	197	261	51085	357427	679119	1074107	1595595			

## HISTOGRAM	java.lang.Integer
insert_size	All_Reads.fr_count	All_Reads.rf_count	All_Reads.tandem_count
2	23	13	1
3	19	25	3
4	23	32	1
5	22	17	0
6	15	25	0
7	15	21	1
8	16	13	1
9	24	20	0
10	29	14	1
11	23	19	1
12	32	21	1
13	14	16	2
14	35	17	0
15	29	31	0
16	32	20	2
17	27	25	1
18	42	27	2
19	1897	18	2
20	100	8	3
21	91	26	2
22	1153	20	4
23	66	22	1
24	81	18	5
25	117	30	4
26	157	21	3
27	70	34	4
28	294	25	5
29	67	24	6
30	456	15	4
31	72	19	7
32	338	20	8
33	128	19	6
34	80	22	4
35	426	20	4
36	87	20	9
37	77	15	8
38	76	17	8
39	100	17	8
40	98	13	4
41	104	18	10
42	482	15	9
43	184	18	7
44	659	14	10
45	166	10	5
46	183	19	10
47	160	15	3
48	193	16	10
49	206	22	9
50	174	20	15
51	1980	12	12
52	247	10	14
53	167	16	12
54	836	17	10
55	294	11	10
56	239	8	12
57	241	13	17
58	626	9	14
59	239	8	6
60	263	11	15
61	298	12	8
62	316	15	12
63	464	7	18
64	334	9	12
65	402	12	13
66	436	8	11
67	415	4	17
68	405	14	15
69	438	12	16
70	517	13	14
71	566	8	28
72	635	15	19
73	673	14	18
74	655	8	12
75	764	9	18
76	736	5	15
77	869	6	19
78	916	6	15
79	893	15	16
80	979	7	27
81	1151	11	26
82	1158	11	25
83	1157	10	18
84	1168	10	18
85	1452	10	28
86	1485	9	19
87	1601	7	23
88	1789	8	19
89	1868	4	23
90	2047	8	21
91	2125	8	23
92	2280	6	29
93	2131	7	35
94	2465	5	21
95	3345	11	23
96	2771	8	32
97	2976	12	26
98	3110	11	29
99	3280	6	29
100	3509	6	41
101	3751	6	28
102	4076	5	22
103	3986	7	25
104	4391	5	30
105	4581	7	31
106	4886	7	25
107	5380	10	37
108	5455	12	33
109	5809	4	29
110	6047	8	33
111	6381	10	30
112	6536	8	27
113	6920	4	31
114	7186	8	26
115	7591	4	28
116	7826	5	26
117	8143	9	26
118	8584	10	41
119	9054	7	31
120	9402	6	39
121	9980	10	35
122	10253	9	33
123	10389	7	28
124	10735	2	46
125	11174	13	28
126	11727	7	38
127	12410	7	26
128	12623	9	31
129	13093	4	35
130	13688	4	40
131	14153	4	40
132	14819	6	29
133	15357	8	33
134	15569	7	32
135	16262	5	37
136	16735	14	35
137	17078	6	28
138	17869	4	35
139	19336	5	41
140	19684	7	30
141	19790	5	27
142	21220	9	40
143	21446	7	29
144	21858	9	34
145	23005	8	34
146	23841	6	26
147	24555	13	39
148	25063	6	38
149	26204	7	34
150	27048	5	25
151	27972	3	30
152	28635	10	32
153	29616	3	20
154	30921	8	42
155	31674	6	29
156	32209	4	36
157	33536	5	31
158	34678	6	30
159	35740	10	34
160	36619	3	24
161	38055	7	34
162	38563	1	26
163	39742	4	22
164	41232	7	30
165	42155	6	27
166	43758	11	26
167	45107	7	29
168	45627	6	39
169	47348	6	27
170	48689	5	33
171	49371	3	30
172	51364	3	24
173	53124	2	36
174	54339	2	28
175	56352	3	24
176	57193	2	21
177	58582	4	29
178	60655	4	29
179	61761	2	29
180	63299	4	29
181	64755	4	34
182	66500	9	28
183	67798	4	31
184	69979	6	20
185	70934	6	23
186	72681	6	31
187	74435	4	26
188	75902	1	24
189	78220	5	18
190	79900	7	26
191	80869	2	29
192	83067	4	20
193	85189	10	19
194	86583	3	28
195	88281	6	31
196	90356	5	23
197	92159	3	21
198	94027	2	23
199	95938	6	29
200	97737	3	30
201	98793	5	21
202	101838	3	26
203	103203	4	25
204	104835	2	28
205	106580	3	19
206	108268	2	27
207	109622	3	22
208	111903	6	18
209	113763	1	16
210	114901	7	25
211	117829	5	17
212	119366	6	19
213	119872	5	22
214	121844	5	14
215	123962	4	17
216	125267	4	25
217	127513	4	20
218	128703	5	19
219	129552	3	11
220	131364	2	14
221	133394	3	18
222	133532	4	20
223	135458	2	25
224	136756	5	15
225	137318	4	14
226	139535	4	19
227	140380	11	15
228	141231	4	15
229	143034	3	15
230	142993	1	20
231	143055	8	23
232	144869	4	14
233	146248	7	14
234	146083	5	15
235	147189	0	21
236	147608	3	17
237	147680	6	22
238	148691	4	15
239	149317	7	8
240	149647	2	16
241	150509	4	12
242	150377	3	17
243	150748	1	12
244	151066	4	11
245	151698	4	13
246	151136	2	15
247	151890	1	14
248	151084	2	10
249	150958	2	16
250	150766	1	19
251	149983	5	9
252	149893	2	9
253	149459	1	11
254	148863	2	9
255	147385	1	9
256	147693	3	9
257	147916	2	14
258	146070	3	7
259	146262	1	9
260	144768	5	2
261	144167	3	6
262	143052	7	12
263	142384	1	14
264	141065	1	8
265	140356	1	10
266	139483	3	7
267	138363	2	10
268	137680	4	7
269	137281	1	9
270	134549	5	9
271	134557	2	5
272	133437	1	8
273	131848	3	6
274	130860	5	14
275	129599	0	7
276	128099	3	14
277	127338	0	7
278	125249	0	6
279	123439	2	5
280	123232	0	3
281	121757	2	6
282	120295	1	8
283	118360	1	4
284	116800	4	7
285	116248	3	7
286	114885	0	4
287	113341	2	6
288	111107	1	10
289	109971	1	3
290	108589	2	6
291	106760	6	7
292	104563	3	3
293	103138	2	6
294	101467	1	6
295	100945	1	3
296	99045	2	7
297	97464	1	4
298	96253	3	3
299	95145	3	9
300	92534	1	3
301	91629	0	6
302	90007	0	2
303	86678	2	5
304	86828	1	1
305	85356	2	5
306	83375	3	3
307	82583	1	3
308	81480	0	2
309	79264	4	6
310	78306	5	5
311	76395	0	2
312	74766	1	2
313	73501	2	6
314	72526	0	2
315	70694	1	4
316	70059	0	3
317	67949	1	3
318	66829	2	1
319	65618	2	3
320	64785	2	3
321	62559	3	0
322	61578	1	2
323	60141	3	3
324	58293	2	2
325	57273	2	1
326	57036	1	1
327	55728	0	1
328	54504	0	1
329	52865	1	3
330	52074	1	3
331	50781	2	3
332	49634	5	4
333	48301	3	2
334	47952	5	3
335	47042	1	2
336	45505	1	2
337	44946	0	1
338	43575	1	2
339	42107	4	1
340	41318	1	1
341	40419	3	2
342	39345	2	1
343	38444	2	2
344	37459	0	5
345	36358	6	0
346	35824	1	0
347	35118	3	1
348	34270	1	1
349	33405	0	1
350	32668	1	1
351	31836	3	1
352	31150	2	0
353	30501	0	0
354	29578	1	2
355	29045	3	0
356	28537	2	3
357	27688	1	0
358	26944	2	0
359	26679	4	2
360	25673	1	3
361	24877	2	2
362	23943	1	4
363	23565	2	0
364	23126	0	1
365	22344	2	0
366	21549	2	0
367	21265	5	3
368	20730	4	3
369	20146	1	0
370	19801	2	0
371	19222	1	1
372	18608	2	1
373	18303	0	1
374	17798	1	0
375	17326	0	1
376	16939	2	0
377	16625	0	0
378	16022	2	0
379	15626	3	0
380	15485	0	0
381	14787	2	1
382	14765	1	0
383	14201	2	1
384	13659	0	1
385	13404	2	0
386	12941	1	1
387	12724	1	1
388	12609	2	2
389	12078	0	0
390	11861	1	0
391	11468	2	1
392	11364	1	1
393	10717	0	1
394	10510	1	1
395	10323	2	0
396	10136	3	0
397	10040	1	0
398	9800	5	0
399	9191	3	0
400	9284	1	0
401	9073	0	2
402	8862	3	1
403	8628	0	1
404	8377	1	0
405	8211	4	1
406	7906	1	1
407	7637	2	2
408	7527	1	0
409	7493	2	0
410	7132	4	0
411	6895	1	0
412	6988	0	2
413	6542	4	1
414	6483	1	0
415	6156	2	0
416	6123	1	0
417	5869	0	0
418	5814	0	3
419	5906	1	0
420	5680	0	0
421	5392	2	1
422	5293	1	0
423	5095	6	0
424	4994	0	0
425	4782	0	1
426	4706	0	0
427	4643	1	0
428	4401	1	0
429	4301	2	0
430	4483	2	0
431	4331	2	1
432	4082	0	0
433	4096	2	0
434	4133	4	0
435	3835	1	0
436	3904	3	1
437	3695	6	0
438	3624	1	0
439	3549	0	0
440	3473	1	0
441	3376	0	0
442	3315	1	2
443	3386	2	0
444	3069	1	1
445	3024	2	1
446	2919	1	0
447	2819	3	0
448	2970	1	1
449	2844	0	0
450	2778	2	0
451	2669	1	0
452	2628	2	0
453	2584	2	0
454	2611	2	0
455	2521	5	0
456	2448	0	0
457	2379	1	0
458	2379	1	0
459	2230	2	0
460	2190	2	0
461	2125	2	0
462	2083	0	0
463	2150	2	0
464	2116	0	0
465	2051	1	0
466	1970	3	0
467	1939	0	0
468	1917	2	1
469	1851	1	0
470	1861	2	0
471	1800	1	0
472	1756	1	2
473	1761	2	0
474	1735	1	0
475	1653	1	0
476	1627	2	0
477	1657	1	0
478	1604	1	0
479	1563	0	0
480	1513	1	0
481	1523	1	0
482	1505	0	0
483	1435	1	0
484	1440	1	0
485	1440	0	0
486	1393	4	1
487	1337	1	0
488	1405	0	1
489	1415	0	0
490	1304	1	0
491	1278	0	0
492	1253	3	0
493	1287	2	0
494	1192	1	2
495	1111	1	0
496	1182	1	0
497	1205	1	0
498	1122	0	0
499	1094	2	0
500	1019	2	0
501	1029	0	0
502	972	1	0
503	980	0	0
504	1011	2	0
505	879	1	0
506	915	1	0
507	924	0	0
508	927	2	0
509	910	1	0
510	935	2	0
511	865	1	0
512	852	0	1
513	874	1	0
514	904	1	1
515	881	0	0
516	835	1	0
517	828	0	0
518	788	3	0
519	763	0	1
520	781	0	0
521	902	0	0
522	870	0	0
523	783	2	0
524	740	0	0
525	847	0	0
526	740	2	0
527	766	0	0
528	731	1	0
529	767	1	1
530	712	1	1
531	730	1	0
532	724	0	0
533	720	1	0
534	735	1	0
535	736	0	0
536	694	0	0
537	663	0	0
538	705	1	0
539	727	1	0
540	717	0	0
541	707	0	0
542	694	1	1
543	687	2	0
544	675	2	0
545	701	0	0
546	678	0	1
547	668	1	1
548	688	1	0
549	728	0	0
550	690	0	0
551	628	0	0
552	649	1	0
553	622	2	0
554	618	0	0
555	665	1	0
556	605	0	0
557	627	0	0
558	648	1	0
559	692	1	0
560	588	0	0
561	670	2	0
562	628	2	0
563	669	0	1
564	610	0	0
565	641	1	0
566	643	1	0
567	618	1	0
568	595	1	0
569	636	0	0
570	604	1	1
571	624	1	0
572	623	2	0
573	584	1	0
574	572	0	1
575	611	2	0
576	589	0	1
577	606	1	0
578	625	0	0
579	651	0	0
580	560	0	0
581	602	1	0
582	605	0	0
583	629	1	0
584	612	1	0
585	606	1	0
586	609	2	0
587	599	1	0
588	572	2	0
589	573	0	0
590	557	2	0
591	586	2	0
592	610	0	0
593	608	2	0
594	551	1	0
595	599	0	0
596	605	2	0
597	578	0	0
598	565	0	0
599	631	0	1
600	597	0	0
601	562	2	0
602	583	1	0
603	639	0	1
604	574	1	0
605	604	0	0
606	612	0	1
607	588	2	0
608	652	1	0
609	559	1	0
610	570	1	0
611	591	0	0
612	591	1	0
613	597	1	1
614	576	0	0
615	600	0	0
616	571	1	0
617	596	0	1
618	636	2	1
619	585	2	0
620	598	1	0
621	616	0	0
622	590	1	0
623	610	2	0
624	616	1	0
625	548	1	1
626	574	1	0
627	590	1	0
628	640	1	1
629	574	0	0
630	600	3	0
631	615	1	0
632	598	2	1
633	590	0	0
634	572	0	0
635	568	1	0
636	544	0	0
637	530	0	0
638	526	0	0
639	474	0	2
640	540	3	0
641	549	1	0
642	550	0	0
643	557	1	0
644	550	1	0
645	519	0	0
646	506	2	0
647	528	2	0
648	514	1	0
649	544	0	0
650	525	1	1
651	484	2	0
652	507	1	0
653	484	1	0
654	485	1	0
655	509	0	0
656	480	1	1
657	505	0	1
658	489	0	0
659	529	0	0
660	483	0	0
661	522	0	0
662	510	0	0
663	464	0	0
664	472	2	0
665	507	0	0
666	502	1	0
667	473	1	0
668	481	2	0
669	492	0	0
670	479	0	0
671	460	1	0
672	476	0	0
673	443	0	1
674	447	1	0
675	450	0	0
676	424	2	0
677	469	0	0
678	441	0	0
679	444	0	0
680	402	0	0
681	438	0	1
682	443	1	0
683	479	0	0
684	428	1	0
685	481	2	0
686	410	1	0
687	399	2	1
688	445	1	0
689	448	1	0
690	405	0	0
691	399	0	1
692	422	2	0
693	446	0	1
694	430	0	0
695	399	2	0
696	397	0	0
697	383	1	0
698	387	0	0
699	395	1	0
700	403	1	0
701	390	0	0
702	365	1	0
703	397	1	2
704	388	1	0
705	380	0	0
706	400	1	0
707	398	0	0
708	380	0	1
709	352	1	0
710	367	0	0
711	391	0	0
712	361	0	0
713	361	0	0
714	334	0	0
715	358	1	0
716	353	2	0
717	364	0	0
718	346	0	0
719	378	2	0
720	376	2	0
721	384	1	0
722	314	1	0
723	386	0	0
724	353	2	0
725	356	0	0
726	322	1	0
727	372	3	0
728	354	0	0
729	339	0	0
730	355	2	0
731	335	0	0
732	366	0	0
733	327	0	0
734	316	0	0
735	308	0	0
736	363	1	0
737	325	2	0
738	296	0	0
739	364	1	0
740	323	1	0
741	336	0	0
742	368	1	0
743	393	0	0
744	362	0	0
745	314	0	2
746	365	0	0
747	318	0	0
748	333	0	0
749	306	1	0
750	319	3	1
751	321	2	0
752	310	1	0
753	317	0	0
754	309	2	0
755	303	1	0
756	338	0	0
757	293	1	0
758	294	0	0
759	281	0	0
760	235	0	0
761	267	2	0
762	251	1	0
763	262	0	0
764	259	0	0
765	247	1	0
766	232	0	0
767	265	0	0
768	251	2	0
769	244	0	0
770	260	1	0
771	229	3	0
772	274	1	0
773	243	1	0
774	230	2	0
775	272	1	0
776	230	1	0
777	249	0	0
778	226	1	0
779	234	0	0
780	243	0	0
781	216	1	0
782	206	0	1
783	210	0	0
784	206	2	0
785	193	0	0
786	197	1	0
787	218	0	0
788	177	0	0
789	205	0	0
790	189	0	0
791	204	0	0
792	180	1	0
793	191	0	0
794	180	0	0
795	174	0	0
796	162	0	0
797	162	1	0
798	173	0	1
799	185	2	0
800	172	1	0
801	163	0	0
802	174	1	0
803	184	0	0
804	153	2	0
805	170	1	0
806	163	1	0
807	125	1	0
808	132	0	0
809	142	0	0
810	158	0	0
811	148	0	0
812	133	1	0
813	137	0	0
814	123	0	0
815	112	1	0
816	139	2	0
817	150	0	0
818	132	1	0
819	137	1	0
820	134	2	0
821	132	0	1
822	137	0	0
823	142	2	0
824	140	2	0
825	110	0	0
826	112	1	0
827	108	1	0
828	106	1	0
829	83	0	0
830	101	0	0
831	93	0	0
832	115	0	0
833	111	1	0
834	117	1	0
835	101	1	0
836	90	1	0
837	118	1	0
838	105	1	0
839	103	1	0
840	117	1	0
841	110	1	0
842	95	0	0
843	98	0	0
844	104	0	0
845	102	0	0
846	108	0	0
847	102	0	0
848	91	0	0
849	83	0	0
850	69	2	0
851	91	0	0
852	107	0	0
853	108	0	0
854	72	0	0
855	101	0	0
856	76	2	0
857	96	2	0
858	91	0	0
859	100	0	0
860	65	1	0
861	65	1	0
862	72	1	0
863	86	1	0
864	79	0	0
865	75	1	0
866	79	0	0
867	87	1	0
868	65	0	0
869	67	0	0
870	73	0	0
871	64	1	0
872	66	0	0
873	85	0	0
874	67	0	0
875	69	0	0
876	58	0	0
877	73	0	0
878	61	1	0
879	62	1	0
880	56	0	0
881	56	0	0
882	57	0	0
883	69	0	0
884	73	2	0
885	43	0	0
886	45	1	0
887	51	0	0
888	51	0	0
889	50	0	0
890	66	0	0
891	51	1	0
892	47	0	0
893	51	0	0
894	61	1	0
895	53	0	0
896	47	0	0
897	55	0	0
898	44	0	0
899	42	1	0
900	52	0	0
901	45	0	0
902	53	0	0
903	40	0	0
904	43	0	0
905	44	0	0
906	38	1	0
907	61	0	0
908	51	0	0
909	45	0	0
910	35	1	0
911	39	1	0
912	50	0	0
913	54	0	0
914	29	2	0
915	41	0	0
916	50	0	0
917	45	1	0
918	45	0	0
919	53	0	0
920	42	1	0
921	59	0	0
922	48	1	0
923	39	0	0
924	45	0	0
925	32	0	0
926	36	0	0
927	37	0	0
928	40	1	0
929	45	0	0
930	41	0	0
931	43	0	0
932	47	0	0
933	35	0	0
934	37	0	0
935	36	0	0
936	34	0	0
937	37	0	0
938	39	0	0
939	28	0	0
940	23	0	0
941	35	0	0
942	31	0	0
943	37	0	0
944	30	0	0
945	37	0	0
946	33	0	0
947	25	0	1
948	37	0	0
949	29	1	0
950	36	0	0
951	28	0	0
952	29	0	0
953	36	0	0
954	27	0	1
955	35	0	0
956	31	1	0
957	35	0	0
958	38	0	0
959	40	0	0
960	34	0	0
961	30	0	0
962	30	0	0
963	28	0	0
964	26	0	0
965	25	0	0
966	22	0	0
967	25	0	0
968	31	0	0
969	33	0	0
970	25	0	0
971	21	0	0
972	29	0	0
973	28	0	0
974	20	0	0
975	23	1	0
976	20	0	0
977	30	0	0
978	28	1	0
979	26	0	0
980	23	0	0
981	24	0	0
982	29	1	0
983	25	0	0
984	27	1	0
985	24	1	0
986	20	0	0
987	17	0	0
988	25	0	0
989	21	0	0
990	11	0	0
991	19	0	0
992	19	1	0
993	21	0	0
994	21	1	0
995	25	0	0
996	16	0	0
997	17	1	0
998	17	0	0
999	24	0	0
1000	21	0	0
1001	29	0	0
1002	13	1	0
1003	22	1	0
1004	17	1	0
1005	21	0	0
1006	17	0	0
1007	24	0	0
1008	24	0	0
1009	15	0	0
1010	20	0	0
1011	16	1	0
1012	19	0	0
1013	18	0	0
1014	14	0	0
1015	19	0	0
1016	21	0	0
1017	14	0	0
1018	21	0	0
1019	21	0	0
1020	14	0	0
1021	25	1	0
1022	13	0	0
1023	16	0	0
1024	18	0	0
1025	15	0	0
1026	16	0	0
1027	15	0	0
1028	17	0	0
1029	17	1	0
1030	19	2	0
1031	13	1	0
1032	19	0	0
1033	12	0	0
1034	20	0	0
1035	14	0	0
1036	16	1	0
1037	21	0	0
1038	13	0	0
1039	26	1	0
1040	12	0	0
1041	12	0	0
1042	11	1	0
1043	14	0	0
1044	14	0	0
1045	17	0	0
1046	14	0	0
1047	15	0	0
1048	16	0	0
1049	17	0	0
1050	11	1	0
1051	17	0	0
1052	11	0	0
1053	20	0	0
1054	13	0	0
1055	15	0	0
1056	15	0	0
1057	11	0	0
1058	15	1	0
1059	12	0	0
1060	12	1	0
1061	21	0	0
1062	14	0	0
1063	15	0	0
1064	13	0	0
1065	8	0	0
1066	10	0	0
1067	17	0	0
1068	18	0	0
1069	19	1	0
1070	12	0	0
1071	11	0	0
1072	19	0	0
1073	15	1	0
1074	19	1	0
1075	8	0	0
1076	12	0	0
1077	12	0	0
1078	12	0	0
1079	7	0	0
1080	11	0	0
1081	16	0	0
1082	16	0	0
1083	12	0	0
1084	10	0	0
1085	11	0	0
1086	6	0	1
1087	13	0	0
1088	6	0	0
1089	8	1	0
1090	7	0	0
1091	6	0	0
1092	8	0	0
1093	5	1	0
1094	4	0	0
1095	9	0	0
1096	7	0	0
1097	12	1	0
1098	6	0	0
1099	6	0	0
1100	9	0	0
1101	6	0	0
1102	8	1	0
1103	6	0	0
1104	8	0	0
1105	5	0	0
1106	5	0	0
1107	8	0	0
1108	10	0	0
1109	17	1	0
1110	8	0	0
1111	9	0	0
1112	4	0	0
1113	6	0	0
1114	7	0	0
1115	8	0	0
1116	6	0	0
1117	7	0	1
1118	5	0	0
1119	8	0	0
1120	8	1	0
1121	5	0	0
1122	7	0	0
1123	3	0	0
1124	10	0	0
1125	10	0	0
1126	6	0	0
1127	5	0	0
1128	8	0	0
1129	5	0	0
1130	3	0	0
1131	5	0	0
1132	3	0	0
1133	7	0	0
1134	9	0	0
1135	6	0	0
1136	8	0	0
1137	4	0	0
1138	6	2	0
1139	4	0	0
1140	2	0	0
1141	3	0	0
1142	3	0	0
1143	4	2	0
1144	6	0	0
1145	4	0	0
1146	6	0	0
1147	1	0	0
1148	7	0	0
1149	4	0	0
1150	8	0	0
1151	5	0	0
1152	2	0	0
1153	7	0	0
1154	1	0	0
1155	1	0	0
1156	6	0	0
1157	4	1	0
1158	6	0	0
1159	1	1	0
1160	4	0	0
1161	3	1	0
1162	2	0	0
1163	4	1	0
1164	4	0	0
1165	3	0	0
1166	4	0	0
1167	3	0	0
1168	6	0	0
1169	4	0	0
1170	4	0	0
1171	6	0	0
1172	1	0	0
1173	4	0	0
1174	2	1	0
1175	5	0	0
1176	3	1	0
1177	6	0	0
1178	3	0	0
1179	6	1	0
1180	2	0	0
1181	3	1	0
1182	3	0	0
1183	5	0	0
1184	2	0	0
1185	7	1	0
1186	2	0	0
1187	1	0	0
1188	3	0	0
1189	2	0	0
1190	2	0	0
1191	4	0	0
1192	3	0	0
1193	6	0	0
1194	8	1	0
1195	2	0	0
1196	4	0	0
1197	4	0	0
1198	3	0	0
1199	1	0	0
1200	3	0	0
1201	3	0	0
1202	9	0	0
1203	1	0	0
1204	6	0	0
1205	5	1	0
1206	5	0	1
1207	1	0	0
1208	1	0	0
1210	5	0	0
1211	4	0	0
1212	3	0	0
1213	4	0	0
1214	5	0	0
1215	4	0	0
1216	5	0	0
1217	9	0	0
1218	3	0	1
1219	6	0	0
1220	3	0	0
1221	4	0	1
1222	5	0	0
1223	3	0	0
1224	2	0	0
1225	3	0	0
1226	4	0	0
1227	1	1	0
1228	6	0	0
1229	2	0	0
1230	1	0	0
1231	8	1	0
1232	3	0	0
1233	2	0	0
1234	3	0	0
1235	3	0	1
1236	2	1	0
1237	1	0	0
1238	6	0	2
1239	5	0	0
1240	1	0	0
1241	4	0	0
1242	3	0	0
1243	1	0	0
1244	8	0	0
1245	3	0	0
1246	2	0	0
1247	3	0	0
1248	4	0	0
1249	6	0	0
1250	1	0	0
1251	2	0	0
1252	1	1	0
1253	4	0	1
1254	4	0	0
1255	4	0	0
1256	8	0	0
1257	3	1	0
1258	1	0	0
1259	2	0	0
1260	3	0	0
1261	4	0	0
1262	4	0	0
1263	2	0	0
1264	2	0	0
1265	3	0	1
1266	4	0	0
1267	2	0	0
1268	7	0	0
1269	3	0	0
1270	1	0	0
1271	7	0	1
1272	3	0	0
1273	4	0	0
1274	8	0	0
1275	6	0	0
1276	2	0	1
1277	1	0	0
1278	7	0	0
1279	6	0	0
1280	11	0	0
1281	2	0	0
1282	4	0	0
1283	5	0	0
1284	1	0	0
1285	5	0	1
1286	4	0	0
1287	6	1	1
1288	4	0	0
1289	4	0	0
1290	3	0	1
1291	3	0	0
1292	6	0	0
1293	2	0	0
1294	2	0	0
1295	8	0	0
1296	2	0	0
1297	3	0	0
1298	3	0	0
1299	7	0	0
1300	9	0	0
1301	4	0	0
1302	8	0	0
1303	9	0	0
1304	2	1	0
1305	5	0	0
1306	6	0	0
1307	1	0	0
1308	5	0	0
1309	6	0	0
1310	2	0	0
1311	2	1	0
1312	1	0	0
1314	4	0	0
1315	6	0	0
1316	4	0	0
1317	5	0	0
1319	7	0	0
1320	2	0	0
1321	1	0	0
1322	7	0	0
1323	3	0	0
1324	6	0	0
1325	4	0	0
1326	4	0	0
1327	4	0	0
1328	4	0	0
1329	7	0	0
1330	3	0	0
1331	5	1	0
1332	1	0	0
1333	2	0	0
1334	8	0	0
1335	3	0	0
1336	4	0	0
1337	6	2	0
1338	1	0	0
1339	1	1	0
1340	2	1	0
1341	5	0	1
1342	2	0	0
1343	4	0	0
1344	3	0	0
1345	6	0	0
1346	12	0	0
1347	8	0	0
1348	6	0	0
1349	7	0	0
1350	9	0	0
1351	7	0	0
1352	7	0	0
1353	8	0	0
1354	7	0	0
1355	11	0	0
1356	8	0	0
1357	12	0	0
1358	7	0	0
1359	12	0	0
1360	10	0	0
1361	11	0	0
1362	6	0	0
1363	11	0	0
1364	11	0	0
1365	13	0	0
1366	14	0	0
1367	8	0	0
1368	10	0	0
1369	12	0	0
1370	10	0	0
1371	14	0	0
1372	13	0	0
1373	10	0	0
1374	16	0	0
1375	19	0	0
1376	15	0	0
1377	14	0	0
1378	11	0	0
1379	14	1	0
1380	12	0	0
1381	17	0	0
1382	14	0	0
1383	13	0	0
1384	17	0	0
1385	9	0	0
1386	9	0	0
1387	14	0	0
1388	14	1	0
1389	14	0	0
1390	10	0	1
1391	10	0	0
1392	12	0	0
1393	15	0	0
1394	15	0	0
1395	15	0	0
1396	17	0	0
1397	21	1	0
1398	18	1	0
1399	19	0	0
1400	22	0	0
1401	16	0	0
1402	20	1	0
1403	11	0	0
1404	19	1	0
1405	20	0	0
1406	16	0	0
1407	13	0	0
1408	20	0	0
1409	15	0	0
1410	16	0	0
1411	13	0	1
1412	16	0	0
1413	11	0	0
1414	10	0	0
1415	15	0	0
1416	12	0	0
1417	18	0	0
1418	13	0	0
1419	17	0	0
1420	19	0	0
1421	12	0	0
1422	20	0	0
1423	21	0	0
1424	22	0	0
1425	17	0	0
1426	14	0	0
1427	18	0	0
1428	18	0	0
1429	18	0	0
1430	21	0	0
1431	17	1	0
1432	17	0	0
1433	18	0	0
1434	27	0	0
1435	21	0	0
1436	23	0	0
1437	25	0	0
1438	28	0	0
1439	21	0	1
1440	23	0	0
1441	27	0	0
1442	23	0	0
1443	26	0	0
1444	19	0	0
1445	23	0	0
1446	22	0	0
1447	30	0	0
1448	17	0	0
1449	21	0	0
1450	22	0	0
1451	25	0	1
1452	21	0	0
1453	22	0	0
1454	22	0	0
1455	27	0	1
1456	29	0	0
1457	24	0	0
1458	25	0	0
1459	23	0	1
1460	17	0	0
1461	27	0	0
1462	21	0	0
1463	24	0	0
1464	24	0	0
1465	21	1	0
1466	22	0	0
1467	21	0	0
1468	24	0	0
1469	26	1	0
1470	23	0	0
1471	15	0	1
1472	19	0	0
1473	16	0	0
1474	13	0	0
1475	17	0	0
1476	16	0	0
1477	14	0	0
1478	22	0	0
1479	20	1	0
1480	20	0	0
1481	16	0	0
1482	16	0	0
1483	15	0	0
1484	16	0	0
1485	12	0	0
1486	13	1	1
1487	14	0	0
1488	11	0	0
1489	6	0	0
1490	12	0	0
1491	14	0	1
1492	14	0	0
1493	15	1	0
1494	13	0	1
1495	11	0	0
1496	17	0	0
1497	11	1	0
1498	13	0	0
1499	12	0	0
1500	9	0	0
1501	10	0	0
1502	6	0	0
1503	5	0	0
1504	11	0	0
1505	3	0	0
1506	7	0	0
1507	7	0	0
1508	8	0	0
1509	6	0	0
1510	7	0	0
1511	12	0	0
1512	12	0	0
1513	14	1	0
1514	11	0	0
1515	12	0	0
1516	5	0	0
1517	10	0	0
1518	10	0	0
1519	12	0	0
1520	7	0	0
1521	7	0	0
1522	8	0	0
1523	8	0	0
1524	10	0	0
1525	9	0	0
1526	10	0	0
1527	11	0	0
1528	6	0	0
1529	11	0	0
1530	10	0	0
1531	9	0	0
1532	16	0	0
1533	12	0	0
1534	6	0	0
1535	8	0	0
1536	8	0	0
1537	11	0	0
1538	11	0	0
1539	15	0	0
1540	8	0	0
1541	9	0	0
1542	8	0	0
1543	4	0	0
1544	12	0	0
1545	8	0	0
1546	3	0	0
1547	6	0	0
1548	5	0	0
1549	5	0	0
1550	8	0	0
1551	7	0	0
1552	2	0	0
1553	9	0	0
1554	6	0	0
1555	9	0	0
1556	8	0	0
1557	6	0	0
1558	6	0	0
1559	5	0	0
1560	3	0	0
1561	1	0	0
1562	3	0	0
1563	10	0	0
1564	3	0	0
1565	3	0	0
1566	8	0	0
1567	7	0	0
1568	5	0	0
1569	8	0	0
1570	8	0	0
1571	3	0	0
1572	6	0	0
1573	9	0	0
1574	7	0	0
1575	5	0	0
1576	6	0	0
1577	9	0	0
1578	11	0	0
1579	8	0	0
1580	18	0	0
1581	3	0	0
1582	7	1	0
1583	7	0	0
1584	7	0	0
1585	6	0	0
1586	6	0	0
1587	10	0	0
1588	6	0	0
1589	6	0	0
1590	8	0	0
1591	12	0	0
1592	8	0	0
1593	5	0	0
1594	7	0	0
1595	5	0	0
1596	7	0	0
1597	3	0	0
1598	13	0	0
1599	14	0	0
1600	7	0	0
1601	7	0	0
1602	10	0	0
1603	13	0	0
1604	4	0	0
1605	7	0	0
1606	8	0	0
1607	11	0	0
1608	11	0	0
1609	6	1	0
1610	10	0	0
1611	9	0	0
1612	11	0	0
1613	8	0	0
1614	8	0	0
1615	6	0	0
1616	6	0	0
1617	3	0	0
1618	8	0	0
1619	7	0	0
1620	3	0	0
1621	7	0	0
1622	7	0	0
1623	7	0	0
1624	8	0	0
1625	3	0	0
1626	7	0	0
1627	6	0	0
1628	7	0	0
1629	3	0	0
1630	9	0	0
1631	8	0	0
1632	7	0	0
1633	13	0	0
1634	7	0	0
1635	10	0	0
1636	6	0	0
1637	5	0	0
1638	8	0	0
1639	7	0	0
1640	11	0	0
1641	10	0	0
1642	4	0	0
1643	1	0	0
1644	8	1	0
1645	6	0	0
1646	2	0	0
1647	1	0	0
1648	6	0	0
1649	5	0	0
1650	6	0	0
1651	8	0	0
1652	6	0	0
1653	5	0	0
1654	3	0	0
1655	4	0	0
1656	5	0	0
1657	9	0	0
1658	6	0	0
1659	9	0	0
1660	3	0	0
1661	3	0	0
1662	3	0	0
1663	4	0	0
1664	3	0	0
1666	5	0	0
1667	1	0	0
1668	3	1	0
1670	2	0	0
1671	1	0	0
1672	2	0	0
1673	2	0	0
1674	3	0	0
1675	5	0	0
1676	4	0	0
1677	7	0	0
1678	3	0	0
1679	4	0	0
1680	3	0	0
1681	2	0	0
1682	5	0	0
1683	4	0	0
1684	6	0	0
1685	6	0	0
1686	1	0	0
1687	6	0	0
1688	4	0	0
1689	4	0	0
1690	5	0	0
1691	6	0	0
1692	2	0	0
1693	6	0	0
1694	7	0	0
1695	7	0	0
1696	3	1	0
1697	4	0	0
1698	6	0	0
1699	6	0	0
1700	3	0	0
1701	4	0	0
1702	2	0	0
1703	4	0	0
1704	1	0	0
1705	1	0	0
1706	1	0	0
1707	4	0	0
1708	5	0	0
1709	3	0	0
1710	3	0	0
1711	4	0	0
1712	3	0	0
1713	4	0	0
1714	4	0	0
1715	4	0	0
1716	2	0	0
1717	3	0	0
1718	4	0	0
1719	4	0	0
1720	1	0	0
1721	4	0	0
1722	4	0	0
1723	5	0	0
1724	2	0	0
1725	1	0	0
1726	3	0	0
1728	3	0	0
1729	5	0	0
1730	3	0	0
1731	3	0	0
1732	4	0	0
1733	5	0	0
1734	6	0	0
1735	9	0	0
1736	4	0	0
1737	5	0	0
1738	5	0	0
1739	3	0	0
1740	4	0	0
1741	5	0	0
1742	2	0	0
1743	3	0	0
1744	4	0	0
1745	5	0	0
1746	5	0	0
1747	2	0	0
1748	3	0	0
1749	6	1	0
1750	7	0	0
1751	9	0	0
1752	5	0	0
1753	7	0	0
1754	8	0	0
1755	9	0	0
1756	7	0	0
1757	10	0	0
1758	6	0	0
1759	7	0	0
1760	5	0	0
1761	5	0	0
1762	4	0	0
1763	4	0	0
1764	8	1	1
1765	7	0	0
1766	10	0	0
1767	8	0	0
1768	7	0	0
1769	8	0	1
1770	9	0	0
1771	10	0	0
1772	14	0	0
1773	8	0	0
1774	14	0	0
1775	6	0	0
1776	13	0	0
1777	6	0	0
1778	8	0	0
1779	9	0	0
1780	13	0	0
1781	12	0	0
1782	14	0	0
1783	15	0	0
1784	9	0	0
1785	9	0	0
1786	9	0	0
1787	12	0	0
1788	8	0	0
1789	10	0	0
1790	9	0	0
1791	10	0	0
1792	9	0	0
1793	19	0	0
1794	6	0	0
1795	9	0	0
1796	10	0	0
1797	9	0	0
1798	14	0	0
1799	9	0	0
1800	14	0	0
1801	11	0	0
1802	9	0	0
1803	8	0	0
1804	11	0	0
1805	14	0	0
1806	21	0	0
1807	11	0	0
1808	9	0	0
1809	9	0	0
1810	9	0	0
1811	7	0	0
1812	11	0	0
1813	9	0	0
1814	10	0	0
1815	10	0	0
1816	10	0	0
1817	8	0	0
1818	8	1	0
1819	10	0	0
1820	8	1	0
1821	11	0	0
1822	4	0	0
1823	4	0	0
1824	8	0	0
1825	11	0	1
1826	9	0	0
1827	5	0	0
1828	7	0	0
1829	5	0	0
1830	7	0	0
1831	5	0	0
1832	20	0	0
1833	11	0	0
1834	25	0	0
1835	18	0	0
1836	18	1	0
1837	23	0	0
1838	4	0	0
1839	3	0	0
1840	5	0	0
1841	3	0	0
1842	5	0	0
1843	7	0	0
1844	5	0	0
1845	7	0	0
1846	9	0	0
1847	4	0	0
1848	4	0	0
1849	5	0	1
1850	4	0	0
1851	8	0	0
1852	9	0	0
1853	7	0	0
1854	27	0	0
1855	17	0	0
1856	33	0	0
1857	11	0	0
1858	26	0	0
1859	6	0	0
1860	7	0	0
1861	5	0	0
1862	1	0	0
1863	2	0	0
1864	5	0	0
1865	1	0	0
1866	3	0	0
1867	2	0	0
1868	4	0	0
1869	3	0	0
1870	2	0	0
1871	5	0	0
1872	5	0	0
1873	4	0	0
1874	4	1	0
1875	5	0	0
1876	1	0	0
1877	4	0	0
1878	6	0	0
1879	5	0	0
1880	4	0	0
1881	4	0	0
1882	2	0	0
1883	3	0	0
1884	6	0	0
1885	1	0	1
1886	0	0	1
1887	1	0	0
1888	4	0	0
1889	3	0	0
1890	2	0	0
1891	3	0	0
1894	2	0	0
1895	1	0	0
1896	2	0	0
1897	1	0	0
1898	1	0	0
1899	2	0	0
1900	3	0	0
1901	1	0	0
1902	2	0	0
1903	1	0	0
1904	2	0	2
1905	3	0	0
1906	3	0	0
1907	2	0	0
1908	1	0	0
1909	1	0	0
1910	3	0	0
1911	1	0	0
1913	2	0	0
1914	2	0	0
1915	2	0	0
1917	1	0	0
1918	2	0	0
1919	1	0	0
1920	2	0	0
1922	2	0	0
1923	3	0	0
1924	3	0	0
1925	1	0	0
1927	2	0	1
1928	3	0	0
1929	2	0	0
1930	1	0	0
1931	2	0	1
1932	3	0	0
1933	1	0	0
1934	2	0	0
1937	1	0	0
1938	3	0	0
1939	2	0	0
1941	1	0	0
1942	2	0	0
1945	1	0	0
1946	5	0	0
1948	1	0	0
1949	6	0	0
1952	46	0	1
1953	7	0	0
1955	2	1	0
1956	2	0	0
1957	1	0	0
1958	2	0	0
1962	3	0	0
1964	1	0	0
1965	1	0	0
1968	0	0	1
1969	0	1	0
1972	1	0	0
1974	1	0	0
1975	1	0	0
1977	1	0	0
1980	2	0	0
1982	2	0	0
1983	1	0	0
1988	1	0	0
1989	1	0	0
1995	1	1	0
1996	1	0	0
1997	1	0	0
2002	1	0	0
2007	1	0	0
2010	1	0	0
2011	1	0	2
2014	1	0	0
2016	1	0	0
2022	1	0	0
2023	1	0	0
2024	1	0	1
2030	1	0	0
2031	1	0	0
2037	1	0	0
2039	1	0	0
2043	1	1	0
2045	1	0	0
2046	1	0	0
2061	1	0	0
2062	1	0	0
2072	2	0	0
2076	1	0	1
2079	0	0	1
2085	1	0	0
2089	1	0	0
2090	1	0	0
2091	0	0	1
2092	1	0	0
2094	0	0	1
2097	0	0	1
2099	0	0	1
2102	1	0	0
2104	1	0	0
2110	1	0	0
2111	1	0	0
2112	0	0	1
2114	1	0	0
2123	1	0	0
2126	0	0	1
2131	1	0	0
2138	1	0	0
2142	1	0	0
2144	1	0	0
2148	1	0	0
2153	1	0	0
2155	1	0	0
2156	0	0	1
2170	1	0	0
2174	1	0	0
2184	1	0	0
2186	0	0	1
2198	1	0	0
2204	1	0	0
2211	1	0	0
2212	1	0	0
2218	1	0	0
2221	1	0	0
2225	1	0	0
2226	1	0	0
2239	1	0	0
2245	1	0	0
2247	1	0	0
2259	1	0	0
2262	2	0	0
2268	1	0	0
2273	1	0	0
2280	1	0	0
2281	1	0	0
2295	1	0	0
2297	1	0	0
2317	1	0	0
2324	0	0	1
2326	1	0	0
2328	1	0	0
2329	1	0	1
2331	1	0	0
2332	1	0	0
2333	1	0	0
2334	1	0	0
2336	1	0	0
2337	1	0	0
2338	3	0	0
2339	1	0	0
2340	7	0	0
2341	2	0	0
2343	1	0	0
2345	2	0	0
2346	1	0	0
2347	2	0	0
2348	3	0	0
2349	1	0	0
2350	2	0	0
2351	4	0	0
2352	6	0	0
2353	8	0	0
2354	3	0	0
2355	5	0	0
2356	2	0	0
2358	1	0	0
2359	2	0	0
2360	5	0	0
2361	2	0	0
2362	2	0	0
2363	7	0	0
2364	3	0	0
2365	1	0	0
2366	1	0	0
2367	4	0	0
2368	2	0	0
2369	8	0	0
2371	5	0	0
2372	7	0	0
2373	3	0	0
2374	7	0	0
2375	7	0	0
2376	3	0	0
2377	5	0	0
2378	3	0	0
2379	6	0	0
2380	5	0	0
2381	5	0	0
2382	4	0	0
2383	3	0	0
2384	2	0	0
2385	5	0	0
2386	5	0	0
2387	2	0	0
2388	3	0	0
2389	2	0	0
2390	6	0	0
2391	5	0	0
2392	2	0	0
2393	2	0	0
2394	6	0	0
2395	3	0	0
2396	3	0	0
2397	5	0	0
2398	9	1	0
2399	5	0	0
2400	4	0	0
2401	3	0	0
2402	5	0	0
2403	5	0	0
2404	1	0	0
2405	5	0	0
2406	4	0	0
2407	2	0	0
2408	4	0	0
2409	3	0	0
2410	4	0	0
2411	7	0	0
2412	5	0	0
2413	8	0	0
2414	5	0	0
2415	8	0	0
2416	7	0	0
2417	4	0	0
2418	6	0	0
2419	7	0	0
2420	2	0	0
2421	5	0	0
2422	2	0	0
2423	1	0	0
2424	2	0	0
2425	1	0	0
2426	7	0	0
2427	2	0	0
2428	2	0	0
2429	2	0	0
2430	3	0	0
2431	4	0	0
2432	2	0	0
2433	3	0	0
2434	2	0	0
2435	4	0	0
2436	3	0	0
2437	2	0	0
2438	2	0	0
2439	2	0	0
2440	3	0	0
2441	2	0	0
2442	2	0	0
2443	2	0	0
2444	1	0	0
2445	3	0	0
2446	2	0	0
2447	5	0	0
2448	3	0	0
2449	1	0	0
2451	4	0	0
2452	1	0	0
2453	2	0	0
2454	2	0	0
2455	1	0	0
2457	5	0	0
2458	3	0	0
2459	2	0	0
2460	2	0	0
2461	5	0	0
2462	5	0	0
2463	2	0	0
2464	4	0	0
2465	4	0	0
2466	4	0	0
2467	6	0	0
2468	6	0	0
2469	4	0	0
2470	2	0	0
2471	6	0	0
2472	6	0	0
2473	3	0	0
2474	7	0	0
2475	1	0	0
2476	5	0	0
2477	2	0	0
2478	3	0	0
2479	3	0	0
2480	5	0	0
2481	5	0	0
2482	3	0	0
2483	2	0	0
2484	3	0	0
2485	3	0	0
2486	3	0	0
2487	3	0	0
2488	2	0	0
2489	3	0	0
2490	2	0	0
2491	2	0	0
2492	2	0	0
2493	2	0	0
2494	2	0	0
2495	1	0	0
2496	1	0	0
2497	5	0	0
2498	1	0	0
2499	3	0	0
2500	1	0	0
2501	2	0	0
2502	1	0	0
2503	1	0	0
2504	1	0	0
2505	2	0	0
2507	1	0	0
2509	1	0	0
2510	3	0	0
2511	2	0	0
2512	4	0	0
2513	2	0	0
2514	2	0	0
2515	1	0	0
2516	3	0	0
2517	1	0	0
2518	3	0	0
2519	1	0	0
2520	2	0	0
2521	3	0	0
2522	2	0	0
2523	1	0	0
2524	2	0	0
2525	1	0	0
2528	1	0	0
2529	1	0	0
2531	3	0	0
2532	1	0	0
2533	2	0	0
2535	1	0	0
2537	2	0	0
2538	2	0	0
2539	1	0	0
2540	3	0	0
2541	1	0	0
2542	4	0	0
2543	1	0	0
2547	1	0	0
2549	2	0	0
2550	2	0	0
2552	1	0	0
2555	1	0	0
2556	2	0	0
2557	1	0	0
2558	1	0	0
2559	1	0	0
2561	1	0	0
2562	1	0	0
2565	1	0	0
2566	2	0	0
2567	1	0	0
2568	1	0	0
2572	2	0	0
2576	1	0	0
2578	1	0	0
2582	2	0	0
2584	1	0	0
2585	1	0	0
2587	1	0	0
2595	1	0	0
2598	1	0	0
2603	1	0	0
2604	1	0	0
2617	0	0	1
2630	1	0	0
2634	1	0	0
2641	1	0	0
2646	1	0	0
2648	2	0	0
2649	1	0	0
2650	1	0	0
2654	2	0	0
2656	1	0	0
2657	1	0	0
2658	2	0	0
2662	2	0	0
2664	3	0	0
2665	2	0	0
2666	2	0	0
2668	1	0	0
2670	2	0	0
2671	1	0	0
2672	2	0	0
2673	2	0	0
2674	1	0	0
2675	2	0	0
2676	1	0	0
2677	4	0	0
2678	2	0	0
2679	3	0	0
2681	2	0	0
2682	1	0	0
2683	2	0	0
2684	1	0	0
2685	1	0	0
2687	1	0	0
2688	2	0	0
2690	1	0	0
2691	4	0	0
2692	4	0	0
2693	3	0	0
2694	1	0	0
2695	6	0	0
2696	2	0	0
2697	7	0	0
2698	4	0	0
2699	4	0	0
2700	1	0	0
2701	3	0	0
2702	3	0	0
2703	3	0	0
2704	3	0	0
2705	4	0	0
2706	4	0	0
2708	2	0	0
2709	3	0	0
2710	3	0	0
2711	5	0	0
2712	2	0	0
2713	4	0	0
2714	9	0	0
2715	9	0	0
2716	8	0	0
2717	6	0	0
2718	13	0	0
2719	4	0	0
2720	5	0	0
2721	5	0	0
2722	4	0	0
2723	5	0	0
2724	4	0	0
2725	4	0	0
2726	5	0	0
2727	4	0	0
2728	2	0	0
2729	4	0	0
2730	4	0	0
2731	4	0	0
2732	7	0	0
2733	5	0	0
2734	4	0	0
2735	1	0	0
2736	4	0	0
2737	5	0	0
2738	3	0	0
2739	7	0	0
2740	6	0	0
2741	5	0	0
2742	4	0	0
2743	4	0	0
2744	4	0	0
2745	7	0	0
2746	4	0	0
2747	11	0	0
2748	10	0	0
2749	5	0	0
2750	7	0	0
2751	2	0	0
2752	5	0	0
2753	5	0	0
2754	4	0	0
2755	3	0	0
2756	4	0	0
2757	3	0	0
2758	2	0	0
2759	3	0	0
2760	1	0	0
2761	4	0	0
2762	2	0	0
2763	3	0	0
2764	3	0	0
2765	4	0	0
2766	2	0	0
2767	9	0	0
2768	5	0	0
2769	13	0	0
2770	4	0	0
2771	7	0	0
2772	3	0	0
2773	1	0	0
2774	1	0	0
2775	1	0	0
2776	2	0	0
2777	2	0	0
2778	2	0	0
2779	2	0	0
2780	2	0	0
2782	1	0	0
2783	2	0	0
2785	2	0	0
2786	1	0	0
2791	2	0	0
2792	2	0	0
2794	1	0	0
2795	1	0	0
2800	1	0	0
2801	1	0	0
2802	3	0	0
2803	2	0	0
2804	3	0	0
2805	4	0	0
2806	3	0	0
2807	1	0	0
2808	3	0	0
2810	3	0	0
2812	3	0	0
2813	1	0	0
2815	1	0	0
2816	2	0	0
2817	2	0	0
2819	6	0	0
2820	1	0	0
2821	1	0	0
2828	1	0	0
2833	1	0	0
2837	0	0	1
2839	1	0	0
2841	1	0	0
2843	2	0	0
2845	1	0	0
2848	2	0	0
2849	1	0	0
2851	1	0	0
2854	0	1	0
2857	2	0	0
2859	1	0	0
2862	1	0	0
2864	1	0	0
2867	1	0	0
2868	3	0	0
2870	1	0	0
2872	1	0	0
2875	1	0	0
2878	1	0	0
2883	1	0	0
2886	1	0	0
2900	1	0	0
2901	1	0	0
2907	1	0	0
2918	1	0	0
2947	1	0	0
2953	0	1	0
2957	1	0	0
2961	1	0	0
2965	1	0	0
2966	1	0	0
2967	2	0	0
2968	0	0	1
2970	0	1	0
2972	0	0	1
2976	1	0	0
2983	1	0	0
2987	0	0	1
3000	0	1	0
3002	1	0	0
3003	1	0	0
3006	1	0	0
3007	1	0	0
3020	0	0	1
3035	1	0	0
3038	1	0	0
3043	1	0	0
3046	1	0	0
3048	2	0	0
3052	2	0	0
3060	1	0	0
3077	1	0	0
3089	0	1	0
3090	0	1	0
3095	0	1	0
3097	0	1	0
3100	1	0	0
3105	0	1	0
3108	1	0	0
3146	0	1	0
3157	1	0	0
3168	0	1	0
3169	0	1	0
3173	1	0	0
3184	0	0	1
3185	1	0	0
3188	1	0	0
3192	0	1	0
3200	1	0	0
3204	0	1	0
3218	0	1	0
3223	0	1	0
3225	0	1	0
3251	0	0	1
3259	0	2	0
3271	0	2	0
3278	0	2	0
3279	0	1	0
3293	0	1	0
3294	0	1	0
3308	1	0	0
3313	0	1	0
3320	0	1	0
3322	0	1	0
3323	0	1	0
3329	0	1	0
3343	1	0	0
3346	0	1	0
3351	0	1	0
3357	0	1	0
3358	1	0	0
3365	2	0	0
3366	0	1	0
3369	0	1	0
3370	0	1	0
3372	0	1	0
3379	0	1	0
3521	0	1	0
3545	1	0	0
3555	0	1	0
3559	0	1	0
3564	1	0	0
3587	1	0	0
3607	1	0	0
3608	1	0	0
3615	0	0	1
3639	1	0	0
3646	1	0	0
3657	0	1	0
3662	0	1	0
3672	1	0	0
3709	1	0	0
3716	0	1	0
3775	1	0	0
3787	1	0	0
3803	0	1	0
3815	1	0	0
3852	0	0	1
3880	1	0	1
3908	1	0	0
3917	1	0	0
3971	1	0	0
3976	1	0	0
3981	1	0	0
3993	1	0	0
4008	1	0	0
4023	1	0	0
4036	1	0	0
4043	2	0	0
4049	1	0	0
4052	1	0	0
4056	1	0	0
4060	2	0	0
4061	1	0	0
4064	1	0	0
4066	1	0	0
4068	4	0	0
4070	3	0	0
4071	4	0	0
4076	2	0	0
4077	2	0	0
4079	4	0	0
4082	1	0	0
4084	2	0	0
4087	1	0	0
4088	1	0	0
4089	3	0	0
4091	2	0	0
4092	1	0	0
4093	1	0	0
4094	3	0	0
4095	4	0	0
4096	3	0	0
4097	3	0	0
4098	2	0	0
4099	3	0	0
4100	2	0	0
4102	2	0	0
4103	1	0	0
4105	2	0	0
4106	3	0	0
4107	4	0	0
4110	4	0	0
4111	3	0	0
4112	1	0	0
4113	2	0	0
4114	1	0	0
4115	1	0	0
4116	1	0	0
4117	3	0	0
4118	3	0	0
4120	3	0	0
4121	2	0	0
4122	2	0	0
4123	2	0	0
4124	2	0	0
4126	2	0	0
4127	1	0	0
4128	3	0	0
4129	1	0	0
4130	3	0	0
4131	4	0	0
4132	2	0	0
4134	1	0	0
4135	2	0	0
4136	1	0	0
4137	3	0	0
4139	1	0	0
4140	2	0	0
4141	3	0	0
4142	3	0	0
4145	1	0	0
4146	1	0	0
4147	1	0	0
4150	1	0	0
4151	1	0	0
4152	1	0	0
4153	2	0	0
4155	2	0	0
4156	1	0	0
4159	1	0	0
4160	1	0	0
4161	1	0	0
4162	1	0	0
4163	1	0	0
4165	1	0	0
4166	1	0	0
4167	1	0	0
4168	1	0	0
4173	1	0	0
4174	2	0	0
4177	1	0	0
4182	1	0	0
4184	1	0	0
4186	1	0	0
4193	1	0	0
4194	1	0	0
4199	1	0	0
4200	1	0	0
4201	1	0	0
4202	1	0	0
4203	1	0	0
4204	3	0	0
4205	1	0	0
4208	1	0	0
4209	3	0	0
4212	1	0	0
4213	2	0	0
4214	0	0	1
4215	3	0	0
4218	2	0	0
4219	1	0	0
4220	2	0	0
4222	2	0	0
4223	1	0	0
4224	2	0	0
4225	2	0	0
4226	2	0	0
4227	1	0	0
4228	4	0	0
4229	4	0	0
4230	3	0	0
4231	4	0	0
4232	1	0	0
4233	0	0	1
4235	1	0	0
4237	3	0	0
4239	1	0	0
4240	3	0	0
4243	3	0	0
4244	1	0	0
4245	2	0	0
4246	2	1	0
4247	3	0	0
4248	2	0	0
4250	4	0	0
4251	1	0	0
4252	1	0	0
4253	3	0	0
4254	1	0	0
4255	2	0	0
4256	2	0	0
4257	1	0	0
4258	1	0	0
4259	2	0	0
4260	2	0	0
4261	2	0	0
4262	3	0	0
4263	1	0	0
4265	4	0	0
4266	2	0	0
4267	3	0	0
4268	1	0	0
4270	1	0	0
4271	5	0	0
4272	6	0	0
4273	1	0	0
4274	5	0	0
4275	2	0	0
4276	3	0	0
4277	2	0	0
4278	4	0	0
4279	1	0	0
4280	3	0	0
4281	1	0	1
4282	2	0	0
4283	2	0	0
4284	2	0	0
4285	1	0	0
4286	1	0	0
4287	2	0	0
4288	1	1	0
4289	1	0	0
4290	2	0	0
4291	2	0	0
4292	1	0	0
4293	2	0	0
4294	1	0	0
4295	1	0	0
4296	2	0	0
4298	1	0	0
4299	3	0	1
4301	2	0	0
4303	2	0	0
4305	1	0	0
4307	1	0	0
4308	4	0	0
4309	3	0	0
4310	1	0	0
4311	1	0	0
4312	1	0	0
4313	3	0	0
4314	4	0	0
4315	1	0	0
4316	3	0	0
4317	1	0	0
4318	2	0	0
4319	2	0	0
4320	2	0	0
4321	1	0	0
4322	1	0	0
4324	2	0	0
4325	1	0	0
4326	2	0	0
4327	1	0	0
4330	2	0	0
4331	4	0	0
4334	2	0	0
4335	1	0	0
4337	1	0	0
4339	2	0	0
4340	1	0	0
4341	2	0	0
4344	1	0	0
4345	2	0	0
4346	2	0	0
4348	2	0	0
4349	1	0	0
4350	2	0	0
4351	5	0	0
4352	2	0	0
4353	1	0	0
4355	1	0	0
4360	1	0	0
4361	1	0	0
4362	1	0	0
4365	1	0	0
4366	1	0	0
4367	2	0	0
4368	1	0	0
4369	1	0	0
4370	1	0	0
4371	1	0	0
4372	1	1	0
4381	1	0	0
4383	1	0	0
4384	1	0	0
4386	1	0	0
4388	1	0	0
4389	1	0	0
4395	1	0	0
4396	1	0	0
4398	4	0	0
4400	1	0	1
4401	1	0	0
4407	2	0	0
4409	1	0	0
4411	1	0	0
4412	1	0	0
4413	2	0	0
4415	1	0	0
4416	1	0	0
4419	1	0	0
4426	1	0	0
4431	2	0	0
4434	1	0	0
4437	1	0	0
4442	1	0	0
4443	1	0	0
4444	1	0	0
4447	1	0	0
4466	1	0	0
4471	1	0	0
4479	1	0	0
4482	1	0	0
4485	1	0	0
4489	1	0	0
4492	2	0	0
4500	1	0	0
4503	2	0	0
4507	1	0	0
4515	0	0	1
4525	1	0	0
4551	1	0	0
4556	1	0	0
4570	1	0	0
4571	1	0	0
4572	1	0	0
4576	0	1	0
4583	1	0	0
4586	1	1	0
4597	1	0	0
4609	1	0	0
4615	1	0	0
4616	1	0	0
4622	1	0	0
4625	1	0	0
4628	2	0	0
4629	0	1	0
4630	0	1	0
4638	0	1	0
4641	0	1	0
4642	0	1	0
4647	0	1	0
4649	0	1	0
4652	0	1	0
4653	1	0	0
4656	1	0	0
4657	0	1	0
4658	0	1	0
4659	0	1	0
4675	0	1	0
4678	0	1	0
4679	0	1	0
4681	0	1	0
4682	1	0	0
4683	0	1	0
4684	0	1	0
4690	0	1	0
4691	0	1	0
4694	0	1	0
4698	1	0	0
4702	1	0	0
4711	0	1	0
4714	1	0	0
4730	1	0	0
4780	0	1	0
4790	0	1	0
4819	1	0	0
4821	0	1	0
4830	0	1	0
4874	0	1	0
4892	0	1	0
4906	0	1	0
4922	0	1	0
4943	0	1	0
4947	0	1	0
4955	0	0	1
5012	0	2	0
5014	0	1	0
5015	0	1	0
5026	0	1	0
5028	0	1	0
5041	0	1	0
5044	0	1	0
5069	0	1	0
5071	0	1	0
5072	0	1	0
5082	0	1	0
5085	0	1	0
5102	0	1	0
5144	0	1	0
5155	1	0	0
5165	1	0	0
5167	1	0	0
5172	1	0	0
5174	1	0	0
5177	1	0	0
5178	2	0	0
5179	1	0	0
5180	3	0	0
5182	1	0	0
5183	1	0	0
5185	1	0	0
5187	1	0	0
5191	1	0	0
5198	1	0	0
5210	1	0	0
5216	1	0	0
5218	1	0	0
5221	1	0	0
5223	1	0	0
5224	1	0	0
5227	1	0	0
5228	1	0	0
5229	1	0	0
5232	1	0	0
5235	1	0	0
5236	1	0	0
5239	1	0	0
5241	1	0	0
5243	1	0	0
5247	2	0	0
5254	1	0	0
5258	1	0	0
5268	1	0	0
5302	0	1	0
5326	0	0	1
5346	0	1	0
5349	0	0	1
5352	0	1	0
5361	1	1	1
5366	0	1	0
5372	0	1	0
5386	1	0	0
5388	0	2	0
5389	0	1	0
5390	0	5	0
5391	0	1	0
5392	0	1	0
5393	0	0	1
5400	0	1	0
5413	0	1	0
5419	1	0	0
5435	0	0	1
5444	1	0	0
5450	0	1	1
5454	0	0	1
5470	0	0	1
5502	0	0	1
5557	0	0	1
5581	0	0	1
5582	0	1	0
5586	0	0	1
5588	0	0	2
5602	0	0	1
5668	0	0	1
5713	1	0	0
5722	1	0	0
5726	1	0	0
5735	1	0	0
5756	1	0	0
5761	0	0	1
5762	1	0	0
5768	1	0	0
5769	1	0	0
5770	1	0	0
5776	2	0	0
5785	1	0	0
5800	1	0	0
5810	0	1	0
5815	0	1	0
5816	0	1	0
5820	1	0	0
5823	1	0	0
5828	1	0	0
5831	1	0	0
5832	0	0	1
5834	2	0	0
5841	1	0	0
5905	1	0	0
5906	1	0	0
5931	0	0	1
5946	1	0	0
5951	1	0	0
5997	1	0	0
6003	1	0	0
6028	0	0	1
6081	1	0	0
6098	1	0	0
6106	1	0	0
6109	1	0	0
6162	0	1	0
6172	1	0	0
6181	1	0	0
6236	1	0	0
6244	0	1	0
6275	1	0	0
6307	1	0	0
6311	0	1	0
6323	0	0	1
6325	0	1	0
6335	1	0	0
6415	0	0	1
6472	1	0	0
6509	0	0	1
6542	1	0	0
6586	1	0	0
6593	1	0	0
6604	0	0	1
6640	1	0	0
6646	1	0	0
6662	1	0	0
6663	1	0	0
6667	0	0	1
6670	1	0	0
6672	1	0	0
6673	1	0	0
6676	1	0	0
6681	1	0	0
6682	1	0	0
6684	2	0	0
6685	1	0	0
6686	1	0	0
6688	1	0	0
6689	1	0	0
6690	1	0	0
6691	2	0	0
6693	1	0	0
6695	3	0	0
6696	1	0	0
6697	3	0	0
6698	2	0	0
6699	1	0	0
6700	3	0	0
6701	3	0	0
6704	1	0	0
6705	2	0	0
6706	3	0	0
6707	1	0	0
6708	3	0	0
6709	1	0	0
6710	3	0	0
6711	4	0	0
6712	1	0	0
6713	3	0	0
6714	2	0	0
6715	1	0	0
6716	4	0	0
6717	3	0	0
6718	2	0	0
6719	1	0	0
6720	3	0	0
6721	2	0	0
6722	2	0	0
6723	2	0	0
6725	2	0	0
6726	4	0	0
6727	2	0	0
6728	5	0	0
6729	3	0	0
6730	4	0	0
6731	2	0	0
6732	8	0	0
6733	4	0	0
6734	4	0	0
6735	3	0	0
6736	3	0	0
6737	3	0	0
6738	4	0	0
6739	6	0	0
6740	6	0	0
6741	3	0	0
6742	4	0	0
6743	7	0	0
6744	7	0	0
6745	5	0	0
6746	5	0	0
6747	6	0	0
6748	3	0	0
6749	6	0	0
6750	2	0	0
6751	2	0	0
6752	3	0	0
6753	3	0	0
6754	6	0	0
6755	4	0	0
6756	2	0	0
6757	4	0	0
6758	1	0	0
6760	2	0	0
6761	2	0	0
6762	1	0	0
6763	2	0	0
6764	2	0	0
6765	2	0	0
6766	3	0	0
6767	3	0	0
6768	2	0	0
6769	2	0	0
6770	4	0	0
6771	4	0	0
6772	7	0	0
6773	3	0	0
6774	5	0	0
6775	5	0	0
6776	3	0	0
6777	2	0	0
6778	2	0	0
6779	4	0	0
6780	6	0	0
6781	3	0	0
6782	2	0	0
6783	2	0	0
6784	3	0	0
6785	2	0	0
6786	3	0	0
6787	2	0	0
6789	3	0	0
6790	2	0	0
6791	2	0	0
6792	2	0	0
6793	4	0	0
6794	2	0	0
6795	1	0	0
6796	1	0	0
6800	2	0	0
6802	1	0	0
6803	2	0	0
6804	2	0	0
6805	1	0	0
6806	2	0	0
6807	2	0	0
6808	2	0	0
6809	1	0	0
6811	1	0	0
6813	2	0	0
6814	3	0	0
6815	1	0	0
6816	2	0	0
6818	2	0	0
6819	2	0	0
6820	2	0	0
6821	2	0	0
6823	1	0	0
6824	2	0	0
6825	2	0	0
6826	2	0	0
6827	4	0	0
6829	2	0	0
6830	1	0	0
6834	1	0	0
6835	1	0	0
6837	1	0	0
6838	1	0	0
6839	3	0	0
6840	2	0	0
6841	1	0	0
6845	1	0	0
6848	1	0	0
6849	1	0	0
6850	2	0	0
6852	1	0	0
6853	1	0	0
6854	1	0	0
6855	1	0	0
6856	1	0	0
6860	1	0	0
6864	1	0	0
6870	1	0	0
6884	1	0	0
6902	1	0	0
6925	0	1	0
6940	1	0	0
6955	2	0	0
6959	0	1	0
6978	0	0	1
7009	1	0	0
7020	1	0	0
7053	1	0	0
7071	1	0	0
7074	0	0	1
7077	1	0	0
7081	1	0	0
7103	0	1	0
7139	0	1	0
7145	1	1	0
7158	0	1	0
7196	1	0	0
7208	0	2	0
7213	0	1	0
7214	0	1	0
7227	0	1	0
7240	0	0	1
7242	0	1	0
7249	0	1	0
7260	0	1	0
7263	0	1	0
7270	0	1	0
7395	0	0	1
7584	1	0	0
7586	0	1	0
7608	0	1	0
7624	1	0	0
7636	0	0	1
7644	0	0	1
7651	0	0	1
7656	0	0	2
7664	0	0	1
7665	0	0	1
7672	0	0	1
7673	0	0	1
7688	0	0	1
7692	0	0	1
7694	0	0	1
7696	0	0	4
7742	0	0	1
7780	0	0	1
7855	1	0	0
7858	1	0	0
7876	1	0	0
7877	1	0	0
7878	1	0	0
7879	1	0	0
7882	1	0	0
7885	2	0	0
7886	1	0	0
7887	1	0	0
7894	2	0	0
7895	1	0	0
7906	1	0	0
7911	1	0	0
7914	1	0	0
7918	1	0	0
7920	1	0	0
7921	0	0	1
7922	1	0	0
7923	1	0	0
7925	1	0	0
7926	1	0	0
7931	1	0	0
7939	1	0	0
7942	1	0	0
7946	1	0	0
7953	1	0	0
7961	1	0	0
7966	1	0	0
7978	1	0	0
7981	1	0	0
7986	1	0	0
7992	1	0	0
7993	1	0	0
7994	1	0	0
7999	2	0	0
8000	1	0	0
8002	1	0	0
8006	1	0	0
8010	1	0	0
8021	1	0	0
8024	1	0	0
8026	1	0	0
8030	0	0	1
8045	1	0	0
8053	1	0	0
8138	0	0	1
8150	0	0	1
8207	0	0	1
8241	0	0	1
8288	1	0	0
8374	1	0	0
8378	0	0	1
8390	1	0	0
8426	1	0	0
8446	1	0	0
8499	1	0	0
8500	0	0	1
8515	0	1	0
8521	0	1	0
8522	0	1	0
8524	0	0	1
8525	0	1	0
8527	0	1	0
8529	0	1	0
8530	0	2	0
8531	0	1	0
8536	0	0	1
8544	0	1	0
8556	0	1	0
8568	1	0	0
8570	0	0	1
8573	0	1	0
8582	0	0	1
8596	0	1	0
8605	0	1	0
8610	0	1	0
8614	0	2	0
8615	0	1	0
8616	0	1	0
8621	0	1	0
8630	0	1	0
8804	0	1	0
8813	0	1	0
8820	0	1	0
8828	0	1	0
8836	0	1	0
8875	0	1	0
8884	0	1	0
8889	0	1	0
8891	0	1	0
8894	0	1	0
8898	0	1	0
8909	0	1	0
8920	0	1	0
8922	0	1	0
8925	0	2	0
8927	0	1	0
8936	1	0	0
8939	0	1	0
8945	1	0	1
8955	0	1	0
8956	0	1	0
8957	0	1	0
8963	0	1	0
8969	0	0	1
8971	0	1	0
8973	0	0	1
8974	0	1	0
8976	0	1	0
8979	0	1	0
8980	0	1	0
8993	0	1	0
8995	0	1	0
9002	0	1	0
9011	0	1	0
9023	0	1	0
9026	0	1	0
9027	0	1	0
9029	0	3	0
9030	0	0	1
9037	0	2	0
9041	0	0	1
9049	0	1	0
9057	0	1	0
9058	0	1	0
9059	0	1	0
9060	0	1	0
9070	0	1	0
9073	0	1	0
9074	0	1	0
9077	0	3	0
9080	0	1	0
9083	0	1	0
9088	0	1	0
9135	1	0	0
9136	1	0	0
9169	1	0	0
9189	1	0	0
9199	1	0	0
9200	1	0	0
9215	1	0	0
9218	1	0	0
9222	1	0	0
9228	1	0	0
9235	1	0	0
9237	1	0	0
9239	0	0	1
9246	0	0	1
9248	1	0	0
9253	1	0	0
9262	1	0	0
9263	0	0	1
9274	0	0	1
9283	1	0	0
9296	2	0	0
9297	1	0	0
9298	1	0	0
9302	1	0	0
9309	1	0	0
9310	1	0	0
9311	1	0	0
9312	1	0	0
9314	1	0	0
9315	1	0	0
9318	1	0	0
9321	1	0	0
9329	0	0	1
9336	1	0	0
9347	1	0	0
9351	1	0	0
9356	1	0	0
9357	1	0	0
9367	1	0	0
9368	1	0	0
9370	1	0	0
9378	1	0	0
9383	1	0	0
9385	1	0	0
9386	1	0	0
9389	1	0	0
9408	1	0	0
9440	1	0	0
9450	0	0	1
9453	1	0	0
9456	0	0	1
9459	1	0	0
9502	1	0	0
9580	0	0	1
9640	1	0	0
9646	1	0	0
9651	1	0	0
9652	1	0	0
9656	1	0	0
9660	1	0	0
9662	2	0	0
9664	1	0	0
9670	1	0	0
9671	1	0	0
9672	1	0	0
9683	1	0	0
9691	1	0	0
9723	1	0	0
9742	1	0	0
9743	2	0	0
9744	1	0	0
9749	1	0	0
9750	1	0	0
9753	1	0	0
9754	1	0	0
9755	1	0	0
9756	1	0	0
9866	1	0	0
9868	0	1	0
9909	0	0	1
9932	0	0	1
9965	1	0	0
9972	0	0	1
10229	0	0	1
10588	0	1	0
10768	0	0	1
10783	0	0	1
10808	0	0	1
10890	0	1	0
11009	0	0	1
11014	0	1	0
11380	0	0	1
11419	0	1	0
11462	0	0	1
11533	0	1	0
11544	0	1	0
11586	0	1	0
11591	0	1	0
11611	0	1	0
11626	0	2	0
11640	0	0	1
11646	0	1	0
11683	0	1	0
11737	0	1	0
11917	0	0	1
11927	0	1	0
11932	0	0	1
11937	0	1	0
11976	1	0	0
11995	0	0	1
12001	0	1	0
12005	0	1	0
12028	0	1	0
12180	0	1	0
12187	1	0	0
12285	1	0	0
12303	1	0	0
12313	1	0	0
12322	1	0	0
12332	0	1	0
12333	1	0	0
12365	1	0	0
12393	0	0	1
12395	1	0	0
12440	1	0	0
12449	0	0	1
12471	1	0	0
12519	0	0	1
12598	1	0	0
12604	0	1	0
12619	0	1	0
12642	0	1	0
12646	0	1	0
12666	0	1	0
12713	0	1	0
12978	0	1	0
13071	0	1	0
13083	0	1	0
13087	0	1	0
13101	0	1	0
13168	0	1	0
13268	0	0	1
13340	0	0	1
13351	0	0	1
13380	1	0	0
13398	1	0	0
13405	1	0	0
13431	1	0	0
13593	1	0	0
13735	1	0	0
13743	1	0	0
13786	1	0	0
13787	1	0	0
13796	1	0	0
13801	1	0	0
13807	1	0	0
13816	1	0	0
13830	1	0	0
13841	1	0	0
14327	0	0	1
14878	0	1	0
14974	0	1	0
15106	1	0	0
15127	0	1	0
15132	0	1	0
15140	0	1	0
15166	0	1	0
15181	0	1	0
15188	0	1	0
15189	0	1	0
15272	0	1	0
15415	0	0	1
15439	0	1	0
15498	0	1	0
15521	1	0	0
15905	1	0	0
15922	1	0	0
15939	1	0	0
16141	0	1	0
16230	1	0	0
16342	1	0	0
16357	1	0	0
16365	0	1	0
16370	0	1	0
16431	1	0	0
16753	0	1	0
16952	0	1	0
17041	1	0	0
17080	1	0	0
17082	0	0	1
17147	0	1	0
17634	0	1	0
17922	0	0	1
18016	0	0	1
18154	0	0	1
18569	0	1	0
18758	0	0	1
18934	0	0	1
19183	0	1	0
19201	0	0	1
19386	0	0	1
19682	1	0	0
19798	0	1	0
19926	0	0	1
19969	0	1	0
20239	0	0	1
20291	1	0	0
20439	0	0	1
20600	1	0	0
20711	1	0	0
21127	0	1	0
21212	0	0	1
21997	0	0	1
22058	0	0	1
22089	0	1	0
22307	0	1	0
22727	0	0	1
22959	0	0	1
23018	1	0	0
23113	0	0	1
23167	1	0	0
23219	0	0	1
23394	0	0	1
23797	0	0	1
24050	0	1	0
24078	0	0	1
24092	0	0	1
24114	0	0	1
24122	0	0	1
24146	0	0	1
24154	0	0	1
24245	0	0	1
24287	0	0	1
24334	0	0	1
24386	0	0	1
24409	0	0	1
24475	0	0	1
24551	0	0	1
24597	0	0	1
24866	1	0	0
24942	1	0	0
25050	0	0	1
25301	0	0	1
25478	0	0	1
25555	0	0	1
25578	1	0	0
25595	0	0	1
25676	0	0	1
25690	0	0	1
25714	0	0	1
25743	0	0	1
25798	0	0	1
25833	0	0	1
25916	0	1	0
25969	0	0	1
25984	0	0	1
26035	0	0	1
26114	1	0	0
26225	0	0	1
26248	0	0	1
26277	0	0	1
26294	0	0	1
26439	0	1	0
26628	0	0	1
26639	0	0	1
27081	0	0	1
27252	0	0	1
27254	0	0	1
27255	0	0	1
27261	0	0	1
27269	0	0	1
27275	0	0	1
27316	0	1	0
27574	0	0	1
27585	0	0	1
27687	0	0	1
27845	0	0	1
27936	0	0	1
27942	0	0	1
27955	0	0	1
28140	0	0	1
28622	0	1	0
28669	0	0	1
28709	0	1	0
28766	0	0	1
28836	1	0	0
28859	1	0	0
28873	0	0	1
28988	1	0	0
29101	1	0	0
29270	0	0	1
29275	0	0	1
29300	0	0	1
29408	0	0	1
29453	0	0	1
29566	0	0	1
29574	0	0	1
29642	0	0	1
29729	0	1	0
29747	0	0	1
29813	0	0	1
29848	0	1	0
29897	0	0	1
30034	0	1	0
30047	0	0	1
30078	0	0	1
30164	0	0	1
30173	0	0	1
30187	0	1	0
30305	0	0	1
30339	0	0	1
30649	0	0	1
30687	0	0	1
30733	0	0	1
30976	1	0	0
31065	0	0	1
31197	0	0	1
31284	0	1	0
31473	0	0	1
31588	1	0	0
31591	1	0	0
31941	0	0	1
31976	0	1	0
32004	0	0	1
32028	0	0	1
32059	0	0	1
32302	0	0	1
32390	1	0	0
32439	0	1	0
32452	0	1	0
32458	0	0	1
32492	0	1	0
32501	0	0	1
32561	0	0	1
32681	0	0	1
32798	0	0	1
32903	0	0	1
32916	0	1	0
33043	0	0	1
33123	0	0	1
33253	0	0	1
33405	0	1	0
33591	1	0	0
33631	0	0	1
33723	0	1	0
33996	0	0	1
34201	0	0	1
34258	0	0	1
34303	0	0	1
34320	0	0	1
34331	0	0	1
34340	0	0	1
34349	0	0	1
34350	0	0	1
34354	0	0	1
34362	0	0	1
34369	0	0	1
34372	0	0	2
34377	0	0	2
34381	0	0	1
34383	0	0	1
34387	0	0	2
34393	0	0	1
34394	0	0	2
34398	0	0	1
34399	0	0	2
34407	0	0	1
34408	0	0	1
34410	0	0	1
34411	0	0	1
34413	0	0	1
34426	0	0	1
34427	0	0	4
34428	0	0	1
34429	0	0	1
34430	0	0	1
34433	0	0	1
34435	0	0	1
34439	0	0	1
34452	0	0	1
34454	0	0	1
34458	0	0	1
34462	0	0	1
34464	0	0	1
34466	0	0	1
34468	0	0	1
34486	0	0	1
34514	0	0	1
34523	0	0	1
34524	1	0	0
34614	1	0	0
34653	0	0	1
34850	0	0	1
34866	1	0	0
34939	0	0	1
34947	0	0	1
35023	0	0	1
35108	0	0	1
35136	0	1	0
35233	0	0	1
35264	1	0	0
35343	0	0	1
35368	0	0	1
35463	0	0	1
35471	0	1	0
35502	1	0	0
35510	1	0	0
35567	0	0	1
35878	0	0	1
35892	0	0	1
35951	0	0	1
36355	0	0	1
36635	0	0	1
36696	0	0	1
36772	0	0	1
36831	0	0	1
36854	0	0	1
36880	0	0	1
36917	1	0	0
36944	0	0	1
37115	0	0	1
37157	1	0	0
37163	0	0	1
37175	0	0	1
37187	1	0	0
37253	1	0	0
37257	0	0	1
37537	0	0	1
37661	0	0	1
37703	0	0	1
37760	0	1	0
37771	0	1	0
37780	0	0	1
37797	1	0	0
37887	0	0	1
37889	0	1	0
37895	0	1	0
37904	0	0	1
37913	0	1	0
37921	0	0	1
37996	0	1	0
38009	0	1	0
38014	0	1	0
38027	0	1	0
38041	0	1	0
38042	0	1	0
38100	0	0	1
38107	0	0	1
38192	0	0	1
38198	1	0	0
38227	0	1	0
38247	0	0	1
38270	0	1	0
38370	0	0	1
38442	0	0	1
38448	0	0	1
38604	0	1	0
38622	0	0	1
38718	1	0	0
38747	0	0	1
38748	1	0	0
38796	1	0	0
38798	1	0	0
38799	1	0	0
38802	3	0	0
38804	1	0	0
38807	2	0	0
38811	1	0	0
38812	2	0	0
38821	1	0	0
38822	2	0	0
38827	1	0	0
38830	1	0	0
38834	1	0	0
38840	1	0	0
38844	1	0	0
38845	1	0	0
38846	1	0	0
38897	1	0	0
39044	1	0	0
39046	1	0	0
39055	2	0	0
39057	1	0	0
39058	1	0	0
39060	1	0	0
39100	1	0	0
39134	1	0	0
39149	1	0	0
39180	1	0	0
39196	1	0	0
39287	0	0	1
39389	0	0	1
39500	0	0	1
39688	0	0	1
40194	0	1	0
40370	0	0	1
40373	0	0	1
40549	0	0	1
40559	0	1	0
40588	0	0	1
40806	0	1	0
40963	0	0	1
41103	0	0	1
41146	0	0	1
41273	0	0	1
41542	0	0	1
41544	0	0	1
41561	0	0	1
41605	0	0	1
42056	0	0	1
42497	0	0	1
42596	0	0	1
42603	0	0	1
42674	0	0	1
42753	0	0	1
42860	0	1	0
42966	0	0	1
42983	0	0	1
43027	0	0	1
43279	0	0	1
43373	0	1	0
44019	0	0	1
44031	0	1	0
44394	0	1	0
44407	0	0	1
44445	0	1	0
44494	1	0	0
44590	0	0	1
44890	0	0	1
44892	1	0	0
45044	1	0	0
45147	1	0	0
45321	0	1	0
45322	0	1	0
45342	0	1	0
45347	0	1	0
45360	0	0	1
45375	1	0	0
45417	0	1	0
45460	0	1	0
45466	0	1	0
45481	0	1	0
45485	0	1	0
45489	0	1	0
45603	1	0	0
45715	0	1	0
45771	0	0	1
45774	0	1	0
45791	0	0	1
45795	1	0	0
45833	0	1	0
45860	0	0	1
45862	0	1	0
45943	0	0	1
46107	1	0	0
46114	1	0	0
46139	1	0	0
46144	1	0	0
46152	1	0	0
46160	1	0	0
46204	1	0	0
46220	1	0	0
46231	1	0	0
46242	1	0	0
46261	1	0	0
46268	1	0	0
46314	1	0	0
46338	1	0	0
46342	1	0	0
46365	1	0	0
46376	1	0	0
46378	1	0	0
46460	1	0	0
46489	1	0	0
46490	1	0	0
46504	1	0	0
46505	1	0	0
46508	2	0	0
46519	1	0	0
46528	1	0	0
46551	1	0	0
46572	1	0	0
46594	1	0	0
46627	1	0	0
46635	1	0	0
46780	1	0	0
46806	1	0	0
46866	1	0	0
47721	0	0	1
48051	0	1	0
48076	0	1	0
48143	0	1	0
48339	0	1	0
48547	0	0	1
48561	0	1	0
48570	0	1	0
48575	0	1	0
48576	0	1	0
48587	0	1	0
48597	0	1	0
48606	0	1	0
48846	0	0	1
48869	0	1	0
48870	0	0	1
48878	0	1	0
48954	0	1	0
48992	0	0	1
49035	0	0	1
49037	0	0	1
49245	0	0	1
49285	0	0	1
49431	0	1	0
49634	1	0	0
49637	1	0	0
49655	0	1	0
49709	1	0	0
49804	0	1	0
50179	0	0	1
50733	0	0	1
51010	1	0	0
51019	0	0	1
51426	0	1	0
51854	0	0	1
51899	1	0	0
51903	1	0	0
51961	0	0	1
51964	1	0	0
52434	0	0	1
52508	1	0	0
52988	1	0	0
53174	0	1	0
53194	0	0	1
53493	1	0	0
53627	0	0	1
53764	0	0	1
54176	0	1	0
54524	1	0	0
54630	0	1	0
55291	1	0	0
55292	0	1	0
55341	0	0	1
55557	0	0	1
55656	0	0	1
55659	0	1	0
55660	0	13	0
55661	0	11	0
55662	0	131	0
55663	0	3	0
55668	0	1	0
55669	0	1	0
55760	1	0	0
55763	2	0	0
55764	2	0	0
55765	6	0	0
55766	1	0	0
55767	2	0	0
55768	1	0	0
55769	1	0	0
55770	9	0	0
55772	3	0	0
56169	1	0	0
56276	0	0	1
56303	1	0	0
56314	0	0	1
56391	0	1	0
56465	0	0	2
56466	0	0	1
56566	0	0	1
56903	0	1	0
56915	1	1	0
56918	0	1	0
56924	0	1	0
56929	0	1	0
56931	0	1	0
56960	0	2	0
56970	0	1	0
57008	0	1	0
57013	0	1	0
57033	0	1	0
57037	0	1	0
57040	0	1	0
57077	0	1	0
57078	0	1	0
57093	0	1	0
57111	0	1	0
57132	0	1	0
57136	0	1	0
57141	0	1	0
57143	0	1	0
57155	0	1	0
57157	0	1	0
57178	0	1	0
57217	0	0	1
57305	0	0	1
57321	0	1	0
57397	0	1	0
57427	0	1	0
57441	0	1	0
57462	0	0	1
57478	0	1	1
57542	0	1	0
57709	1	0	0
57845	0	0	1
57871	0	1	0
57881	1	0	0
57952	1	0	0
58034	1	0	0
58045	1	0	0
58074	1	0	0
58089	1	0	0
58160	1	0	0
58187	1	0	0
58198	1	0	0
58199	1	0	0
58203	1	0	0
58225	1	0	0
58227	1	0	0
58230	1	0	0
58239	1	0	0
58240	1	0	0
58246	1	0	0
58247	1	0	0
58265	1	0	0
58270	1	0	0
58282	1	0	0
58283	0	0	1
58287	1	0	0
58293	1	0	0
58296	1	0	0
58300	1	0	0
58320	1	0	0
58341	1	0	0
58369	1	0	0
58432	1	0	0
58526	0	1	0
58542	1	0	0
59973	1	0	0
60143	0	1	0
60680	1	0	0
61008	0	0	1
61250	0	0	1
62023	1	0	0
62489	0	1	0
62678	0	0	1
63011	0	0	1
63263	0	0	1
63522	0	0	1
64715	0	0	1
64906	0	0	1
65068	1	0	0
65112	0	1	0
67280	0	0	1
67703	0	0	1
67945	0	0	1
68255	0	0	1
68634	0	0	1
68836	0	0	1
68907	0	0	1
69346	0	0	1
69759	0	0	1
69935	1	0	0
70119	0	0	1
70435	0	1	0
70769	1	0	0
70854	0	0	1
71011	0	0	1
71737	0	0	1
73392	0	0	1
73876	0	0	1
74035	0	1	0
74046	0	0	1
74894	0	0	1
76053	0	0	1
76178	0	0	1
76212	1	0	0
76323	0	0	1
76752	0	1	0
76807	0	0	1
77046	0	1	0
77060	0	0	1
77147	1	0	0
77227	0	0	1
77268	0	0	1
77309	0	0	1
77315	0	0	1
77326	0	0	1
77334	0	0	1
77358	0	0	1
77444	0	0	1
77662	0	0	1
77766	0	0	1
78106	0	0	1
78142	0	0	1
78188	0	0	1
78224	0	0	1
78348	1	0	0
78357	1	0	0
78631	0	0	1
78680	0	0	1
78798	0	0	1
79052	0	1	0
79123	1	0	0
79151	0	0	1
79263	0	0	1
79376	1	0	0
79443	0	0	1
79576	1	0	0
79692	0	0	1
79943	0	0	1
80460	0	0	1
80745	0	0	1
80999	1	0	0
81174	1	0	0
81179	0	0	1
81278	0	1	0
81491	0	0	1
81998	0	0	1
82305	0	0	1
83010	1	0	0
83754	0	0	1
83877	0	2	0
84177	0	0	1
84351	0	1	0
84354	0	1	0
84991	0	1	0
85169	0	0	1
85541	0	0	1
85579	0	1	0
85647	0	0	1
86495	0	0	1
86549	0	1	0
86633	0	0	1
86946	0	1	0
86982	0	1	0
87015	0	1	0
87041	1	0	0
87076	1	0	0
87099	0	0	1
87141	0	1	0
87505	0	0	1
87667	0	1	0
88298	1	0	0
88657	0	0	1
88953	0	0	1
89107	0	1	0
89220	1	0	0
89890	1	0	0
90074	0	0	1
90304	0	1	0
90456	0	1	0
90978	0	1	0
91126	1	0	0
91361	1	0	0
91517	0	0	1
91674	0	0	1
92276	0	0	1
92370	0	1	0
92975	0	0	1
93001	0	0	1
93131	0	1	0
93135	0	1	0
93170	0	1	0
93185	0	1	0
93195	0	1	0
93295	0	1	0
93411	0	1	0
93422	0	2	0
93425	0	1	0
93456	0	1	0
93476	0	1	0
93492	0	1	0
93554	0	0	1
93586	0	1	0
93628	1	0	0
93724	1	0	0
93793	1	0	0
93839	1	0	0
93900	1	0	0
93905	1	0	0
94095	1	0	0
94096	1	0	0
94216	1	0	0
94220	1	0	0
94265	1	0	0
94508	1	0	0
94529	1	0	0
94585	1	0	0
94588	1	0	0
94739	1	0	0
94799	0	1	0
94915	1	0	0
95196	0	0	1
95265	0	0	1
95734	0	1	0
95769	1	0	0
96284	0	0	1
96401	1	0	0
96949	0	0	1
97175	0	0	1
97183	0	0	1
97189	0	0	1
97207	0	0	1
97435	1	0	0
97486	0	0	1
97529	0	0	1
97559	0	0	1
97647	0	0	2
97662	0	0	1
97739	0	0	1
97752	0	0	1
97796	0	0	1
98513	0	0	1
98988	0	1	0
99122	0	1	0
99147	0	1	0
99154	0	1	0
99163	0	1	0
99451	0	1	0
99511	0	1	0
99516	0	1	0
99517	0	1	0
99519	0	3	0
99531	0	1	0
99532	0	3	0
99533	0	1	0
99540	0	5	0
99543	0	1	0
99544	0	1	0
99545	0	5	0
99546	0	1	0
99562	0	1	0
99589	0	1	0
99594	0	2	0
99595	0	5	0
99596	0	1	0
99597	0	4	0
99600	0	1	0
99602	0	4	0
99604	0	3	0
99605	0	4	0
99607	0	3	0
99608	0	5	0
99609	0	5	0
99610	0	3	0
99611	0	3	0
99612	0	1	0
99617	0	5	0
99619	0	5	0
99620	0	4	0
99621	0	1	0
99623	0	2	0
99624	0	9	0
99625	0	13	0
99626	0	1	0
99627	0	8	0
99628	0	11	0
99629	0	4	0
99630	0	3	0
99631	0	4	0
99633	0	3	0
99635	0	1	0
99636	0	1	0
99637	0	1	0
99638	0	6	0
99639	0	20	0
99640	0	8	0
99641	0	17	0
99642	0	1	0
99644	0	6	0
99646	0	1	0
99648	0	1	0
99649	0	1	0
99652	0	1	0
99665	0	1	0
99683	0	1	0
99713	0	1	0
99726	0	1	0
99874	0	0	1
99991	1	0	0
100004	1	0	0
100026	1	0	0
100038	1	0	0
100045	1	0	0
100050	1	0	0
100051	2	0	0
100054	1	0	0
100055	1	0	0
100056	2	0	0
100057	2	0	0
100058	6	0	0
100059	4	0	0
100060	3	0	0
100061	18	0	0
100062	14	0	0
100063	23	0	0
100064	8	0	0
100065	2	0	0
100067	2	0	0
100069	1	0	0
100070	1	0	0
100071	1	0	0
100073	9	0	0
100074	17	0	0
100075	18	0	0
100076	6	0	0
100077	18	0	0
100078	16	0	0
100079	3	0	0
100080	1	0	0
100081	1	0	0
100082	9	0	0
100083	9	0	0
100084	4	0	0
100085	2	0	1
100091	3	0	0
100092	3	0	0
100093	4	0	0
100094	6	0	0
100095	1	0	0
100097	7	0	0
100100	5	0	0
100102	3	0	0
100103	1	0	0
100105	7	0	0
100107	7	0	0
100108	3	0	0
100121	1	0	0
100126	1	0	0
100142	1	0	0
100146	1	0	0
100148	1	0	0
100152	1	0	0
100153	1	0	0
100156	2	0	0
100157	4	0	0
100158	11	0	0
100159	2	0	0
100161	2	0	0
100162	7	0	0
100163	1	0	0
100164	1	0	0
100166	1	0	0
100168	2	0	0
100169	6	0	0
100170	13	0	0
100172	2	0	0
100176	1	0	0
100182	1	0	0
100183	3	0	0
100185	2	0	0
100189	1	0	0
100190	1	0	0
100198	0	0	1
100264	0	0	1
100652	1	0	0
100719	1	0	0
100782	1	0	0
102009	0	0	1
102284	0	0	1
102443	1	0	0
102838	1	0	0
103477	1	0	0
103701	0	1	0
103738	0	1	0
104067	0	0	1
104096	0	0	1
104339	0	0	1
104484	0	0	1
105045	0	0	1
105048	0	0	1
105094	0	1	0
105324	0	0	1
105330	0	1	0
105346	0	0	1
105370	0	0	1
105426	0	0	1
105428	0	1	0
105484	0	0	1
105501	0	0	1
105589	0	0	1
105614	0	0	1
105616	0	0	1
105651	0	0	1
105659	0	0	1
105666	0	0	1
105739	1	0	0
105803	0	0	1
105848	0	0	1
105864	0	0	1
105883	0	0	1
105949	0	0	1
105985	0	0	1
105998	0	0	1
106110	0	0	1
106166	0	0	1
106176	0	0	1
106214	0	0	1
106217	0	0	1
106226	0	0	2
106241	0	0	1
106251	0	0	1
106256	0	0	1
106262	0	0	1
106311	0	0	1
106336	0	0	1
106410	0	0	1
106497	0	0	1
106526	0	0	1
106527	0	0	1
106532	0	0	1
106544	0	0	1
106552	0	0	1
106563	0	0	1
106599	0	0	1
106604	0	0	1
106693	0	0	1
106706	0	0	1
106744	0	0	1
106865	0	0	1
106889	0	0	1
106975	0	0	1
106995	0	0	1
107091	0	0	1
107111	0	0	1
107133	0	0	2
107170	0	0	1
107179	0	0	1
107202	0	0	1
107210	0	0	1
107306	0	0	1
107314	0	0	1
107548	0	0	2
107568	0	0	1
107592	0	0	1
107614	0	0	1
107623	0	0	1
107671	0	1	0
107708	0	0	1
107766	0	1	0
107788	0	1	0
107794	0	1	0
107800	0	1	0
107838	0	1	0
107876	0	0	1
107924	0	1	0
107991	0	0	1
108005	0	0	1
108157	0	0	1
108188	0	1	0
108200	0	0	1
108271	0	1	0
108284	0	0	1
108285	0	0	1
108307	0	0	1
108406	0	0	1
108580	0	1	0
108612	1	0	0
108682	0	0	1
108693	0	1	0
108732	0	1	0
108739	0	0	1
108742	1	0	0
108775	0	1	0
108788	0	0	1
108789	0	0	1
108791	0	0	1
108816	0	1	0
108827	0	1	0
108858	0	0	1
108894	0	0	1
108901	0	0	1
108961	1	0	1
108989	0	0	1
109004	0	0	1
109102	0	1	0
109140	0	0	1
109144	0	1	0
109167	0	1	0
109257	0	0	1
109349	1	0	0
109446	0	0	1
109514	0	0	1
109544	1	0	0
109552	1	0	0
109562	0	0	1
109569	1	0	0
109573	1	0	0
109579	1	0	0
109586	0	0	1
109596	0	0	1
109598	1	0	1
109612	1	0	0
109619	1	0	0
109862	1	0	0
109865	1	0	0
109868	1	0	0
109880	1	0	0
109898	1	0	0
109914	0	0	1
109919	1	0	0
109922	1	0	0
109987	0	0	1
109991	0	0	1
110050	1	0	0
110057	0	0	1
110078	0	1	0
110114	1	0	0
110129	0	1	0
110233	0	1	0
110243	0	1	0
110249	0	1	0
110253	0	1	0
110328	0	1	0
110338	0	0	1
110368	1	0	0
110382	0	1	0
110385	0	0	2
110387	0	0	1
110402	0	0	1
110403	0	1	0
110406	0	0	1
110411	0	0	1
110418	0	2	0
110419	0	0	1
110432	0	1	0
110481	0	0	1
110521	0	0	1
110531	0	0	1
110577	0	1	0
110579	0	1	0
110586	0	1	0
110587	0	1	0
110589	0	1	0
110601	0	2	0
110605	0	1	0
110607	0	1	0
110610	0	1	0
110612	0	1	0
110616	0	1	0
110618	0	1	0
110622	0	1	0
110623	0	1	0
110625	0	1	0
110626	0	1	0
110627	0	2	0
110628	0	1	0
110636	0	1	0
110637	0	1	0
110638	0	1	0
110640	0	2	0
110641	0	1	0
110642	0	2	0
110656	0	1	0
110657	0	1	0
110658	0	1	0
110661	0	1	0
110662	0	1	0
110664	0	1	0
110665	0	1	1
110674	0	1	0
110680	0	1	0
110684	0	1	0
110686	0	1	0
110689	0	0	1
110692	0	1	0
110696	0	1	0
110702	0	1	0
110705	0	1	0
110716	0	1	0
110775	0	0	1
110785	0	0	1
110807	0	0	1
110814	0	0	1
110849	0	0	1
110864	0	1	0
110887	0	0	1
110964	0	0	1
110975	0	0	1
111044	0	1	0
111046	0	0	1
111146	0	0	1
111149	0	0	1
111202	1	0	0
111315	0	1	0
111378	0	1	0
111428	0	0	1
111442	0	0	1
111491	1	0	0
111525	0	0	1
111527	1	0	0
111545	0	1	0
111580	1	0	0
112186	0	0	1
112294	0	0	1
112305	0	0	1
112322	0	0	1
112349	0	0	1
112456	0	0	1
112559	0	0	1
112604	1	0	0
112609	0	0	1
112610	0	0	1
112620	0	0	2
112721	0	0	1
112900	0	0	1
112992	0	0	1
113022	0	0	1
113054	0	0	1
113568	0	0	1
113589	0	0	1
113704	0	0	1
113952	0	0	1
114075	0	0	1
114080	0	0	1
114121	0	0	1
114300	0	0	1
114363	0	0	1
114523	0	0	1
114545	0	0	1
114564	0	0	1
114574	0	0	1
114590	0	0	1
114654	0	0	1
114690	0	0	1
114707	0	0	1
114746	0	0	1
114778	0	0	1
114791	0	0	1
114948	1	0	0
114951	1	0	0
115038	0	0	1
115128	0	0	1
115171	0	0	1
115198	0	0	1
115215	0	0	2
115317	0	0	1
115331	0	0	1
115349	1	0	0
115441	1	0	0
115499	0	0	1
115527	0	0	1
115561	0	0	1
115596	1	0	0
115672	1	0	0
115698	0	0	1
115715	0	0	1
115750	1	0	0
116135	0	0	1
116405	1	0	0
116748	0	0	1
116912	0	0	1
116953	0	0	1
116996	0	0	1
117012	0	0	1
117309	0	0	1
117994	0	0	1
117997	0	0	1
118008	0	0	1
118042	0	0	1
118198	0	0	1
118251	0	0	1
118405	1	0	0
118507	1	0	0
118786	0	0	1
118865	1	0	0
118986	0	0	1
119078	0	0	1
119360	0	0	1
119433	0	0	1
119527	0	0	1
119679	0	1	0
119793	0	0	1
119930	0	1	0
119994	0	0	1
120344	0	0	1
120553	0	0	1
120584	0	0	1
120735	0	0	1
120749	0	0	1
120754	0	0	1
120777	0	0	1
120932	0	0	1
121219	0	0	1
121579	0	0	1
121776	1	0	0
122044	0	0	1
122134	0	0	1
122153	0	0	1
122593	1	0	0
122729	0	0	1
122995	1	0	0
123292	0	1	0
123315	0	1	0
123333	0	1	0
123337	0	1	0
123489	1	0	0
123823	0	1	0
124503	0	0	1
124719	1	0	0
125337	1	0	0
125348	0	0	1
126636	0	0	1
126980	0	0	1
127096	1	0	0
127375	1	0	0
128739	0	0	1
128762	0	1	0
128853	0	0	1
128867	1	0	0
128941	0	1	0
128962	1	0	0
128963	1	0	0
128964	3	0	0
128968	2	0	0
128969	2	0	0
128970	2	0	0
128988	2	0	0
128989	2	0	0
129022	1	0	0
129024	1	0	1
129032	0	0	1
129058	0	1	0
129182	1	0	0
129232	0	0	1
129258	1	0	0
129664	0	1	0
130001	0	0	1
130047	0	1	0
131065	1	0	0
131349	0	1	0
131531	0	1	0
131600	0	1	0
132018	1	0	0
132079	0	0	1
132324	0	1	0
132332	0	0	1
132619	1	0	0
132712	0	0	1
132937	1	0	0
133609	0	1	0
134217	0	1	0
134237	1	0	0
134338	0	0	1
134378	0	0	1
134509	0	1	0
134533	0	0	1
134695	0	1	0
134698	0	1	0
134775	0	2	0
134819	0	1	0
134839	0	1	0
134840	0	1	0
134892	0	1	0
135019	0	0	1
135096	0	0	1
135139	0	0	1
135156	0	0	1
135556	1	0	0
136711	1	0	0
136757	0	0	1
136760	1	0	0
137104	0	0	1
137331	0	0	1
137658	0	1	0
137681	1	0	0
137703	0	1	0
138071	0	0	1
139044	0	0	1
139155	0	0	1
139229	0	1	0
139262	0	0	1
139462	0	0	1
139467	0	0	1
140107	0	0	1
140134	0	0	1
140546	0	1	0
141134	1	0	0
141184	1	0	0
141412	0	0	1
141797	0	1	0
142029	0	0	1
142600	0	1	0
142611	0	1	0
143307	0	1	0
143765	0	0	1
144151	0	0	1
144788	0	0	1
145835	0	0	1
146259	0	0	1
146427	0	0	1
146727	0	1	0
147999	1	0	0
148686	1	0	0
148835	0	1	0
149038	0	0	1
149413	0	1	0
149464	1	0	0
149478	1	0	0
149939	1	0	0
150028	0	0	1
150299	1	0	0
150338	1	0	0
150867	0	0	1
150874	0	0	1
152055	0	1	0
152210	0	0	1
152451	0	0	1
153507	0	0	1
153820	0	1	0
154486	0	0	1
154736	0	0	1
155443	0	1	0
155927	0	0	1
155936	0	0	1
155968	0	0	1
156009	0	0	1
156239	0	0	1
156272	0	0	1
156342	0	1	0
156384	1	0	0
156454	0	0	1
157147	1	0	0
157233	0	0	1
157470	0	0	1
157661	0	1	0
157679	0	0	1
158072	0	1	0
158335	0	0	1
158368	0	0	1
158525	0	1	0
158551	0	0	1
158592	0	0	1
158628	0	0	1
158723	0	0	1
158845	0	0	1
158900	0	0	1
158973	0	1	0
160489	0	1	0
160492	0	1	0
160903	0	0	1
160955	0	0	1
161130	0	0	1
161161	0	0	1
161176	0	0	1
161228	1	0	0
161513	0	0	1
161539	0	0	1
161547	0	0	1
161598	0	0	1
161603	0	0	1
162265	0	0	1
162266	0	0	1
162282	1	0	0
162380	1	0	0
162383	0	0	1
162396	0	1	0
162472	0	1	0
162542	0	0	1
162579	0	0	1
162609	0	1	0
162617	0	0	1
162688	0	1	0
162699	0	0	1
162771	0	1	0
162823	0	1	0
162834	0	0	1
162897	0	0	1
163183	0	1	0
163216	0	0	1
163704	0	0	1
164138	0	1	0
165462	0	0	1
166201	0	1	0
166337	0	1	0
166698	0	0	1
166722	0	0	1
166992	0	1	0
167240	0	0	1
167486	0	0	1
167639	0	1	0
167678	0	0	1
167702	0	0	1
167879	1	0	0
167949	0	0	1
168249	0	1	0
169000	0	0	1
169048	0	0	1
169300	0	0	1
169324	1	0	0
169330	0	1	0
169461	0	0	1
169516	1	0	0
169582	0	0	1
169775	0	0	1
169860	0	0	1
169902	0	0	1
170029	0	0	1
170220	0	0	1
170382	0	1	0
170406	0	0	1
170528	0	0	1
170637	0	0	1
170657	0	0	1
170678	0	0	1
171011	0	0	1
171028	0	0	1
171061	0	0	1
171373	0	0	1
171571	0	0	1
171745	0	0	1
171786	0	0	1
171819	0	0	1
171899	0	0	1
172118	0	0	1
172142	1	0	0
172209	1	0	0
172426	1	0	0
172477	0	0	1
172490	0	0	1
172722	0	0	1
172948	0	0	1
172971	0	0	1
172975	0	0	1
172996	0	0	1
173033	0	0	1
173555	0	0	1
173570	1	0	0
173598	0	0	1
173640	0	0	1
173747	0	0	1
174186	1	0	0
174249	0	0	1
174277	0	0	1
174468	0	0	1
174501	0	0	1
174546	0	0	1
174567	0	0	1
174572	0	0	1
174596	0	0	1
174611	0	0	1
174622	0	0	1
174635	0	0	1
174657	0	0	1
174666	0	0	1
174695	0	0	1
174699	0	0	1
174710	0	0	1
174845	0	0	1
174963	0	0	1
174966	0	0	1
174982	0	0	1
174989	0	0	1
175035	0	0	1
175137	0	0	1
175258	0	1	0
175287	0	0	1
175401	0	0	1
175453	0	0	1
175478	0	0	1
175530	0	0	1
175536	0	0	1
175656	0	0	1
175724	0	0	1
175735	0	0	1
175743	0	0	1
175744	0	0	1
175757	0	0	1
175762	0	0	1
175780	0	0	1
175784	0	0	1
175808	0	0	1
175837	0	0	1
175838	0	0	1
175840	0	0	1
175845	0	0	1
175865	0	0	1
175878	0	0	1
175897	0	0	1
175902	0	0	2
176029	0	0	1
176033	0	0	1
176039	0	0	1
176055	0	0	1
176066	0	0	1
176093	0	0	1
176100	0	0	1
176197	0	0	1
176204	0	0	1
176212	0	0	1
176230	0	0	1
176480	0	0	1
176535	0	0	1
176546	0	0	1
176669	0	0	1
176680	0	0	1
176720	0	0	1
176822	0	0	1
176847	0	0	1
176870	0	0	1
176873	0	0	1
176929	0	0	1
176958	0	0	1
176987	0	0	1
177083	0	0	1
177096	0	0	1
177124	0	0	1
177155	1	0	0
177177	0	0	1
177198	0	0	1
177202	0	0	1
177203	0	0	1
177206	0	0	1
177209	0	0	1
177217	0	0	1
177256	0	0	1
177280	0	0	1
177281	0	0	1
177285	0	0	1
177291	0	0	1
177301	0	0	1
177303	0	0	1
177304	0	0	1
177313	0	0	1
177314	0	0	1
177316	0	0	1
177317	0	0	3
177319	0	0	1
177341	0	0	1
177362	0	0	1
177390	0	0	1
177479	0	0	1
177623	0	0	1
177634	0	0	1
177652	0	0	1
177662	0	0	1
177663	0	0	1
177689	0	0	1
177696	0	0	1
177710	0	0	1
177750	0	0	1
177757	0	0	1
177768	0	0	2
177774	0	0	1
177780	0	0	1
177789	0	0	2
177839	0	0	1
177887	0	0	1
177906	0	0	1
177916	0	0	1
177924	0	0	2
178059	0	0	1
178155	0	0	1
178159	0	0	1
178162	0	0	2
178163	0	0	1
178166	0	0	1
178170	0	0	1
178185	0	0	1
178192	0	0	1
178194	0	0	7
178203	0	0	1
178269	0	0	1
178284	0	0	1
178291	0	0	1
178297	0	0	1
178309	0	0	1
178315	0	0	1
178369	0	0	2
178376	0	0	1
178405	0	0	1
178494	0	0	1
178520	1	0	0
178553	1	0	0
178605	0	0	1
178617	0	0	1
178626	0	0	1
178764	0	0	1
178785	0	0	1
178786	0	0	1
178828	0	0	1
178840	0	0	1
178914	0	0	1
178932	0	0	1
179075	0	1	0
179172	0	0	1
179213	1	0	0
179214	0	0	1
179223	0	0	1
179244	0	0	1
179254	0	0	1
179350	0	0	1
179384	1	0	0
179404	0	0	1
179420	0	0	1
179491	0	0	2
179635	0	0	1
179636	0	0	1
179760	0	0	1
179780	0	0	1
179894	0	0	1
179929	0	0	1
180057	0	1	0
180064	1	0	0
180075	0	0	1
180167	0	0	1
180215	0	0	1
180216	0	0	1
180294	0	0	1
180305	0	0	1
180331	0	0	1
180340	0	0	2
180342	0	0	1
180352	0	0	1
180354	0	0	1
180355	0	0	1
180356	0	0	1
180358	0	0	1
180360	0	0	1
180364	0	0	1
180366	0	0	1
180367	0	0	1
180372	0	0	3
180373	0	0	1
180374	0	0	1
180375	0	0	3
180378	0	0	2
180380	0	0	1
180381	0	0	4
180386	0	0	1
180388	0	0	1
180389	0	0	1
180391	0	0	1
180396	0	0	1
180400	0	0	1
180407	0	0	1
180410	0	0	1
180414	0	0	1
180419	0	0	2
180421	0	0	1
180422	0	0	1
180434	0	0	1
180436	0	0	2
180437	0	0	1
180455	0	0	2
180457	0	0	1
180460	0	0	1
180468	0	0	1
180469	0	0	1
180473	0	0	1
180475	0	0	1
180476	0	0	1
180493	0	0	1
180496	0	0	1
180506	0	0	1
180508	0	0	1
180513	0	0	1
180525	0	0	1
180695	0	0	1
180713	0	0	1
180756	0	0	1
180769	0	0	1
180811	0	0	1
180908	0	0	1
181405	0	0	1
182146	0	0	1
182409	1	0	0
182605	0	1	0
182908	0	0	1
183423	0	1	0
183521	0	0	1
183541	0	0	1
183623	0	0	1
183628	0	0	1
183633	0	0	1
184420	0	0	1
184511	0	1	0
184747	1	0	0
184760	0	0	1
184793	0	0	1
185083	2	0	0
185331	0	0	1
185589	0	0	1
185692	0	0	1
185877	0	0	1
185994	0	0	2
186030	0	0	1
186272	0	0	1
186283	0	0	1
186307	0	1	0
186487	0	0	1
186583	0	1	0
186619	0	1	0
186640	0	1	0
186657	0	1	0
186659	0	1	0
186776	1	0	0
186810	0	0	1
186887	0	0	1
186927	0	1	0
187014	0	1	0
187036	0	0	1
187081	0	0	1
187103	0	0	1
187127	0	0	1
187136	0	0	1
187155	0	0	1
187217	0	0	1
187329	0	0	1
187351	1	0	0
187378	0	0	1
187456	0	0	1
187482	0	0	1
187486	0	0	1
187497	0	0	1
187519	1	0	0
187526	0	0	1
187566	0	0	1
187570	0	0	1
187627	0	0	1
187655	0	0	1
187664	0	0	1
187691	0	0	1
187699	0	0	1
187750	0	0	1
187876	0	0	1
187886	0	0	1
187922	0	0	1
188125	1	0	0
188244	0	0	1
188346	0	0	1
188397	0	0	1
188522	1	0	0
188655	1	0	0
188832	0	0	1
188972	0	1	0
189022	0	0	1
189673	0	1	0
189809	0	0	1
189823	0	0	1
189838	0	0	1
189886	0	0	1
190039	0	0	1
190043	0	0	1
190071	0	0	1
190138	0	1	0
190423	1	0	0
190559	0	0	1
190622	0	1	0
190641	0	0	1
190853	0	0	1
190879	0	0	1
190939	0	0	1
190944	0	0	1
191425	0	0	1
191748	2	0	0
191765	2	0	0
191879	0	0	1
192301	1	0	0
192645	0	0	1
192677	0	0	1
192724	1	0	0
194358	1	0	0
194541	0	1	0
195839	1	0	0
195933	0	1	0
196093	0	0	1
196457	0	0	1
197330	0	0	1
197463	0	1	0
197986	0	0	1
198628	0	0	1
199161	0	0	1
199207	0	0	1
199386	1	0	0
199461	0	1	0
199658	0	1	0
200311	1	0	0
200998	0	0	1
201005	0	0	1
201107	0	1	0
201712	0	1	0
202224	0	1	0
202573	0	0	1
202858	0	1	0
202958	0	0	1
203144	0	1	0
203149	0	0	1
203316	0	1	0
203472	0	1	0
203665	0	0	1
204173	0	1	0
204230	0	1	0
204402	0	0	1
204509	0	0	1
204511	0	0	1
204512	0	0	1
204537	1	0	0
204924	1	0	0
204972	1	0	0
205588	0	1	0
205627	0	0	1
206182	0	0	1
206849	0	0	1
206920	0	0	1
207136	0	1	0
207287	0	0	1
207438	0	1	0
207959	0	0	1
207999	0	1	0
208440	1	0	0
208449	0	0	1
209232	1	0	0
209942	0	0	1
210102	0	0	1
210366	1	0	0
210622	0	0	1
210792	0	0	1
210846	1	0	0
211018	0	1	0
211931	0	0	1
212151	1	0	0
212453	0	0	1
212454	0	0	1
212859	0	0	1
212873	0	0	1
212908	0	0	1
213005	0	0	1
213076	0	0	1
213201	0	0	1
213209	0	0	1
213231	0	0	1
213233	0	0	1
213243	0	0	1
213244	0	0	1
213252	0	0	1
213261	0	0	1
213262	0	0	1
213267	0	0	1
213276	0	0	1
213317	0	0	1
213324	0	0	1
213341	0	0	1
213379	0	0	1
213407	0	0	1
213417	0	0	1
213487	0	0	1
213499	0	0	1
213528	0	0	1
213536	0	0	1
213550	0	0	1
213645	0	0	1
213661	0	0	1
213693	0	0	1
213708	0	0	1
213715	0	0	1
213718	0	0	2
213738	0	0	1
213778	0	1	0
213835	0	0	1
213849	0	0	1
213852	0	0	1
213877	0	0	1
213920	0	0	1
213973	0	0	1
214028	0	0	1
214114	0	0	1
214277	0	0	1
214347	0	0	1
214424	0	0	1
214426	0	0	1
214459	0	0	1
214465	0	0	1
214478	0	0	1
214577	0	0	1
214604	0	0	1
214617	0	0	1
214769	0	0	1
214798	0	0	1
214828	0	0	1
214830	0	0	1
214835	0	0	1
214836	0	0	1
214838	0	0	4
214845	0	0	1
214852	1	0	1
214870	0	0	1
214874	0	0	1
214876	0	0	1
214879	0	0	1
215188	0	0	1
215245	0	0	1
215298	0	0	1
215305	0	0	1
215323	0	0	1
215349	0	0	1
215355	0	1	0
215433	0	0	1
215494	0	0	1
215497	0	0	1
215518	0	0	1
215541	0	0	1
215566	1	0	0
215584	0	0	1
215596	0	0	1
215609	0	1	0
215644	0	0	1
215657	1	0	0
215699	0	0	1
215721	0	0	1
215730	0	0	1
215733	0	0	1
215736	0	0	1
215742	0	0	1
215784	0	0	1
215799	0	0	1
215802	0	0	1
215832	0	0	1
215834	0	0	1
215841	0	0	1
215847	0	0	1
215859	0	0	1
215938	0	0	1
215949	0	0	1
215969	0	0	1
215995	0	0	2
216001	0	1	0
216009	0	0	1
216011	0	0	1
216013	0	0	1
216028	0	0	1
216077	0	0	1
216086	0	0	1
216123	0	0	1
216180	0	0	1
216237	0	0	1
216262	0	0	1
216323	0	0	1
216324	0	0	1
216327	0	0	1
216346	0	0	1
216373	0	1	0
216378	0	0	1
216400	0	0	1
216425	0	0	1
216486	0	0	1
216583	0	0	1
216644	0	0	1
216728	0	0	1
216732	0	0	1
216752	0	0	1
216849	0	0	1
216966	0	0	1
216991	0	0	1
217034	0	0	1
217049	0	0	1
217079	0	0	1
217456	0	0	1
217467	0	0	1
217516	0	0	1
217525	0	1	0
217545	0	0	2
217576	0	0	1
217603	0	0	1
217644	0	0	1
217646	0	0	1
217725	0	1	0
217900	0	0	1
218036	0	0	1
218052	0	0	1
218101	0	0	1
218161	0	0	1
218372	0	0	1
218441	0	0	1
218514	0	0	1
218516	0	0	1
218542	0	0	1
218546	0	0	1
218554	0	0	1
218597	0	0	1
218687	0	0	1
218749	0	0	1
218905	0	0	1
218950	0	0	1
218960	0	0	2
219096	0	0	1
219113	0	0	1
219197	1	0	0
219212	0	1	0
219573	0	0	1
219593	0	0	1
219600	1	0	0
219634	0	1	0
219651	0	1	0
219781	0	0	1
219982	0	0	1
220076	0	0	1
220234	0	0	1
220250	0	0	1
220281	0	0	1
220392	0	0	1
220400	0	0	1
220486	0	0	1
220505	0	0	1
220506	0	0	1
220514	0	0	1
220531	0	0	1
220654	0	0	1
220679	0	0	1
220771	0	0	1
220775	0	0	1
220781	0	0	1
220800	0	0	1
220842	0	0	1
220898	0	0	1
221037	0	0	1
221097	1	0	0
221109	1	0	0
221315	0	0	1
221329	1	0	0
221377	0	0	1
221514	0	0	1
221535	0	0	1
221770	0	0	1
221780	0	0	1
221907	0	0	1
221913	0	0	1
221988	0	0	1
222001	0	0	1
222011	0	0	1
222145	0	0	1
222169	0	0	1
222286	0	0	1
222331	0	0	1
222369	0	0	1
222466	0	0	1
222544	0	0	1
222599	1	0	0
222613	0	0	1
222682	0	1	0
222812	0	0	1
222825	0	0	1
222851	0	0	1
222873	0	0	1
222910	0	0	1
222937	0	0	1
223012	0	0	1
223065	0	0	1
223150	0	0	1
223159	0	0	1
223272	0	0	1
223304	0	1	0
223322	0	0	1
223323	0	0	1
223364	0	1	0
223409	0	0	1
223470	0	0	1
223533	0	0	1
223541	0	0	1
223555	1	0	0
223556	0	0	1
223593	0	0	1
223640	0	0	1
223674	0	0	1
223684	0	0	1
223688	0	0	1
223695	0	0	1
223703	0	0	1
223719	0	1	0
223741	0	0	1
223802	0	0	1
223819	0	0	1
223837	0	1	0
223852	0	0	1
223854	0	0	1
223892	0	0	1
223945	0	0	1
224108	1	0	0
224109	1	0	0
224111	1	0	0
224115	1	0	0
224117	1	0	0
224121	1	0	0
224126	1	0	0
224128	1	0	0
224129	1	0	0
224132	1	0	0
224133	1	0	0
224134	1	0	0
224139	1	0	0
224149	1	0	0
224150	1	0	0
224151	1	0	0
224155	1	0	1
224156	0	0	1
224159	2	0	0
224160	2	0	0
224161	1	0	0
224163	1	0	0
224164	1	0	0
224167	2	0	0
224172	1	0	1
224175	1	0	0
224176	2	0	0
224182	1	0	0
224184	1	0	0
224187	1	0	0
224191	1	0	0
224197	1	0	0
224257	0	0	1
224295	0	0	1
224334	0	0	1
224385	1	0	0
224464	0	0	1
224493	0	0	1
224609	0	1	0
224657	0	0	1
224760	0	1	0
224777	1	0	0
225026	0	0	1
225268	0	1	0
225290	1	0	0
225435	0	0	1
225654	0	0	1
226449	0	0	1
226511	0	0	1
226514	0	0	1
226538	0	0	1
226783	0	0	1
227000	0	0	1
227001	0	0	1
227004	0	0	1
227105	0	1	0
227191	0	1	0
227234	1	0	0
227824	0	0	1
228261	1	0	0
228639	1	0	0
228649	0	1	0
228699	0	0	1
229012	1	0	0
229170	1	0	0
229451	0	0	1
229582	0	0	1
229713	0	0	1
229764	0	0	1
229879	0	0	1
229911	0	0	1
229915	0	0	1
229923	1	0	0
229952	0	0	1
229977	0	0	1
229991	0	0	1
230177	1	0	1
230441	0	0	1
230453	0	0	1
230470	0	0	1
230511	0	0	1
230540	0	0	1
230546	0	0	1
230549	0	0	1
230572	0	1	0
230853	0	0	1
230900	0	0	1
230931	0	1	0
231752	0	0	1
232102	0	2	0
232125	0	1	0
232156	0	1	0
232246	0	1	0
232296	0	1	0
232525	0	1	0
232612	0	0	1
232613	0	0	1
232635	0	1	0
232653	0	0	1
232959	0	0	1
232982	1	0	0
233021	1	0	0
233386	1	0	0
233431	1	0	0
233435	1	0	0
233644	1	0	0
234377	0	0	1
235803	0	0	1
236382	1	0	0
236451	0	1	0
236497	0	1	0
236534	0	1	0
236628	0	0	1
236861	0	1	0
237015	0	0	1
237046	0	0	1
237880	0	0	1
237908	0	1	0
238102	0	0	1
238127	0	0	1
238650	1	0	0
238698	1	0	0
239006	0	0	1
239387	0	0	1
239551	1	0	0
239656	0	0	1
239744	0	0	1
239972	0	0	1
240150	0	0	1
240299	0	0	1
240414	0	0	1
240675	0	0	1
240698	0	0	1
240847	0	0	1
241214	0	0	1
241215	0	0	1
241726	0	0	1
241778	0	1	0
241961	0	0	1
241996	0	0	1
242162	0	0	1
242222	1	0	0
242312	1	0	0
242534	0	1	0
242731	0	0	1
242928	0	0	1
242997	0	0	1
243433	0	0	1
243445	0	0	1
243669	0	0	1
243704	0	0	1
244127	0	0	1
244171	0	0	1
244196	0	0	1
244350	0	0	1
244380	0	0	1
244451	0	0	1
244512	0	0	1
244592	1	0	0
244618	0	0	1
244754	0	0	1
244800	0	0	2
245325	0	1	0
245456	1	0	0
245484	0	0	1
245494	0	0	1
245543	0	0	1
245756	0	0	1
245919	0	0	1
245929	0	0	1
245988	0	0	1
246026	0	0	1
246172	0	0	1
246181	0	0	1
246286	0	0	1
246448	0	0	1
246462	0	1	0
246469	0	0	1
246641	0	0	1
246833	0	0	2
246842	0	0	1
246955	0	1	0
247080	0	0	1
247101	1	0	0
247124	0	1	0
247348	0	0	1
247467	1	0	0
247471	1	0	0
247537	1	0	0
247543	0	0	1
247628	0	0	1
247694	1	0	0
247720	0	0	1
247827	0	0	1
247859	0	0	1
248054	1	0	0
248129	0	0	1
248305	0	0	1
248674	0	0	1
249720	0	0	1
249888	0	0	1
250430	0	0	1
251222	1	0	0
252021	0	1	0
252167	0	1	0
252256	0	1	0
252309	0	0	1
253423	0	0	1
253845	0	0	1
253912	1	0	0
253959	0	0	1
254153	0	0	1
254262	0	1	0
254325	0	0	2
254462	0	1	0
254819	0	1	0
254872	0	1	0
255014	1	0	0
255291	0	0	1
255340	0	0	1
255346	0	0	1
255363	0	1	0
255375	0	0	1
255687	0	0	1
255743	0	0	1
255755	1	0	0
255839	1	0	0
256115	1	0	0
256123	1	0	0
256217	1	0	0
256225	1	0	0
256262	1	0	0
256440	0	0	1
257075	0	0	1
257309	0	0	1
257730	1	0	0
257764	1	0	0
257792	1	0	0
257805	1	0	0
257979	0	1	0
258294	1	0	0
258330	0	0	1
258391	0	0	1
258678	1	0	0
258838	1	0	0
259502	1	0	0
259600	1	0	0
260090	0	1	0
260137	0	1	0
260148	1	0	0
260168	0	1	0
260255	1	0	0
260301	0	1	0
260331	0	1	0
260359	1	0	0
260387	0	1	0
260687	0	0	1
260769	0	1	0
260868	0	0	1
260991	0	0	1
261299	1	0	0
261365	0	0	1
261488	1	0	0
261510	1	0	0
261547	0	0	1
261595	1	0	0
261616	0	0	1
261693	0	0	1
261944	0	0	2
261951	0	0	1
261971	0	0	1
262029	0	0	1
262036	0	1	0
262092	0	0	1
262193	0	1	0
262286	1	0	0
262381	0	0	1
263067	0	0	1
263315	1	0	0
263600	0	0	1
263939	0	0	1
264367	0	0	1
264484	0	0	1
264500	0	0	1
264536	0	0	1
264564	0	0	1
264568	0	0	1
264589	0	0	1
264797	1	0	0
265044	0	0	1
265107	0	0	1
265111	1	0	0
265201	0	2	0
265204	1	0	0
265677	1	0	0
265707	0	0	1
265723	0	0	1
265815	0	0	1
265920	0	0	1
266049	0	1	0
266071	0	0	1
266285	0	0	1
266349	0	0	1
266373	0	0	1
266493	0	0	1
266577	0	0	1
266690	0	0	1
266752	0	0	1
266787	0	0	1
266823	0	0	1
266915	0	0	1
267218	0	0	1
267292	1	0	0
267419	0	0	1
267430	0	0	1
267488	0	0	1
267667	0	1	0
268080	0	0	1
268193	0	0	1
268247	0	1	0
268439	0	1	0
268472	1	0	0
268574	0	0	1
269150	0	0	1
269255	0	0	1
269366	0	0	1
269396	0	0	1
269459	0	0	1
269464	0	0	1
269554	0	0	1
269767	0	0	1
269776	0	0	1
269806	0	0	1
269909	0	0	1
269998	0	0	1
270075	0	0	1
270247	0	0	1
270263	0	0	1
270920	0	0	1
271330	0	1	0
271470	0	0	1
271490	0	0	1
271537	0	0	1
271611	0	1	0
271690	0	1	0
271749	0	0	1
272481	1	0	0
272905	0	0	1
276184	0	0	1
276301	0	0	1
276345	1	0	0
276369	1	0	0
276378	0	0	1
276654	0	0	1
276657	0	0	1
276691	0	1	0
276717	0	1	0
276727	0	0	1
277053	0	0	1
277116	0	1	0
277188	0	0	1
277418	0	0	1
277437	0	0	1
277496	1	0	0
277687	0	0	1
277852	0	0	1
277974	0	0	1
278125	0	1	0
278693	1	0	0
279326	0	0	1
279684	0	0	1
279774	0	1	0
279802	0	0	1
279926	0	1	0
280129	1	0	0
280169	0	0	1
280307	0	1	0
280308	0	0	1
280350	0	0	1
280396	0	1	0
280523	0	1	0
280546	0	0	1
280579	0	0	1
280679	0	1	0
280707	0	1	0
280884	1	0	0
280981	1	0	0
281104	1	0	0
281356	1	0	0
281401	0	0	1
281409	0	0	1
281445	1	0	0
281560	0	0	1
281680	0	0	1
281747	0	0	1
281751	0	0	1
281771	0	0	1
281777	0	0	1
281779	0	0	1
281797	0	0	1
281814	0	0	1
281854	0	0	1
281894	0	0	1
281903	0	0	1
282032	0	0	1
282056	0	0	1
282145	0	0	1
282961	0	0	1
282984	0	0	1
283033	0	1	0
283040	0	1	0
283045	0	1	0
283069	0	0	1
283073	0	1	0
283110	0	1	0
283114	0	2	0
283264	0	1	0
283314	0	0	1
283357	0	0	1
283572	0	0	1
283575	0	0	1
283598	0	0	1
283675	1	0	0
283810	0	1	0
284129	0	1	0
284444	0	1	0
284499	0	0	1
284520	0	0	1
284604	0	0	1
284771	0	0	1
284793	0	0	1
284890	0	1	0
284967	0	0	1
284987	0	1	0
285064	0	0	1
285209	0	0	1
285773	0	0	1
285827	0	1	0
286321	0	0	1
286462	0	0	1
286472	0	0	1
287338	0	0	1
287362	0	0	1
287371	0	0	1
287385	0	0	1
287408	0	0	1
289220	1	0	0
289688	0	1	0
290007	0	0	1
290133	0	1	0
290216	0	1	0
290255	0	1	0
290699	0	0	1
291015	1	0	0
291052	1	0	0
291081	0	1	0
291542	1	0	0
292020	0	1	0
292304	0	0	1
292610	0	1	0
292622	0	1	0
292636	1	0	0
293092	1	0	0
293347	0	0	1
294720	0	0	1
294834	0	0	1
294860	0	0	1
295551	1	0	0
295552	1	0	0
295682	0	1	0
295749	1	0	0
296103	0	1	0
296507	0	1	0
297214	0	0	1
297274	1	0	0
297371	0	1	0
297554	0	1	0
297581	1	0	0
297681	0	1	0
297682	0	1	0
297706	1	0	0
297757	1	0	0
297928	1	0	0
298242	1	0	0
298602	0	1	0
299641	0	0	1
299661	0	1	0
299800	0	1	0
299859	1	0	0
300452	0	1	0
301096	1	0	0
301716	0	1	0
301734	0	1	0
302169	0	1	0
302413	0	0	1
302610	0	0	1
302970	0	1	0
303474	0	1	0
303488	0	0	2
303499	1	0	0
303550	0	0	1
303595	0	0	1
303623	0	0	1
303627	0	0	1
304666	0	1	0
304919	0	1	0
304989	1	0	0
305467	0	0	1
305934	0	1	0
308382	0	0	1
308715	0	0	1
309518	0	0	1
310043	0	1	0
310179	0	0	1
310597	0	1	0
311887	1	0	0
312069	0	1	0
312169	0	1	0
313018	0	1	0
313114	0	0	1
313222	0	1	0
313310	1	0	0
313815	0	0	1
314914	0	1	0
315170	0	1	0
315720	0	0	1
315881	1	0	0
316120	0	1	0
316262	0	1	0
316650	0	1	0
317584	0	0	1
317836	0	1	0
317974	1	0	0
318088	1	0	0
318696	0	0	1
318721	0	1	0
319357	0	1	0
320141	1	0	0
320441	0	0	1
320504	1	0	0
320712	0	0	1
322241	1	0	0
322403	0	0	1
323209	1	0	0
323457	0	0	1
323701	0	0	1
324006	0	0	1
324193	0	0	1
324217	1	0	1
324220	0	0	1
324269	0	0	1
324344	0	0	1
324427	0	0	1
324490	0	0	1
324587	0	0	1
324594	0	0	1
324614	0	0	1
324833	0	0	1
324869	0	0	1
324947	1	0	0
324955	0	0	1
324958	0	0	1
324993	0	0	1
325349	0	0	1
325555	0	0	1
325596	0	0	1
325599	0	0	1
325622	0	0	1
325634	0	1	0
325719	0	0	1
325762	0	0	1
325785	0	0	1
325838	0	0	1
325896	0	0	1
325937	0	0	1
326019	0	0	1
326026	0	0	1
326028	0	0	1
326046	0	0	1
326062	0	0	1
326084	0	0	1
326127	0	0	1
326217	0	0	1
326271	0	0	1
326281	0	0	1
326376	0	0	1
326396	0	0	1
326460	0	0	1
326601	0	0	1
326740	0	0	1
326760	0	0	1
326924	0	0	1
327475	1	0	0
327616	0	0	1
327735	0	1	0
327757	0	0	1
327848	0	0	1
327856	0	1	0
327932	1	0	0
327943	0	1	0
327989	0	0	1
328153	0	0	1
328233	0	0	1
328422	0	0	1
328446	0	1	0
328822	0	1	0
328940	0	0	1
329067	0	0	1
329106	0	0	1
329107	0	0	1
329176	0	0	1
329222	0	0	1
329234	0	1	0
329371	0	0	1
329410	0	0	1
329434	0	0	1
329437	0	0	1
329475	0	0	1
329544	0	0	1
329556	0	0	1
329575	0	0	1
329591	0	0	1
329616	0	0	1
329704	0	0	1
329711	0	0	1
329731	0	0	1
329743	0	0	1
329761	0	0	1
329764	0	0	1
329820	0	0	1
329831	0	0	1
329833	0	0	1
330001	0	0	1
330042	1	0	0
330050	0	0	1
330074	0	0	1
330162	0	0	1
330235	0	0	1
330398	0	1	0
330413	0	0	1
330474	0	0	1
331145	0	1	0
331188	0	0	1
331538	0	0	1
331701	0	0	1
332274	1	0	0
332593	0	0	1
332686	0	0	1
332778	0	0	1
332844	0	0	1
332856	0	0	1
332974	0	0	1
333068	0	0	1
333134	0	0	1
333211	1	0	0
333257	0	0	1
333308	0	0	1
333309	0	0	1
333422	0	0	1
334255	0	0	1
334265	0	1	0
334299	0	1	0
334310	0	1	0
334336	0	1	0
334443	0	0	1
334938	0	0	1
335349	1	0	0
335406	1	0	0
335588	1	0	0
335635	0	1	0
335663	0	0	1
335683	0	0	1
336003	0	0	1
336326	0	0	1
337593	1	0	0
339427	1	0	0
339651	0	0	1
339752	0	0	1
339760	0	0	1
339824	0	0	1
339837	0	1	0
339867	1	0	0
340039	0	0	1
340335	1	0	0
340574	0	0	1
340577	0	0	1
340585	0	1	0
340617	0	1	0
340622	0	1	0
340641	0	1	0
340655	0	1	0
340681	0	0	1
340707	0	1	0
340710	0	1	0
340967	0	0	1
341011	0	0	1
341070	0	0	1
341072	1	0	0
341128	0	0	1
341167	0	0	1
341448	1	0	0
341468	0	1	0
341814	1	0	0
341873	1	0	0
341934	1	0	0
342191	1	0	0
342670	1	0	0
342802	0	0	1
343246	0	0	1
343473	0	1	0
343805	0	0	1
344593	0	0	1
344800	0	0	1
344819	1	0	0
345204	0	0	1
345366	0	0	1
345626	1	0	0
345682	0	0	1
345766	0	0	1
346309	0	0	1
346568	0	1	0
346908	0	0	1
346972	1	0	0
347424	0	1	0
348621	0	0	1
348930	0	1	0
349300	0	0	1
349566	0	1	0
349690	0	0	1
350040	1	0	0
350139	1	0	0
350239	1	0	0
350703	0	0	1
350846	0	0	1
352959	0	0	1
353015	1	0	0
353042	0	1	0
353109	0	0	1
353150	0	0	1
353220	1	0	0
353228	1	0	0
353237	1	0	0
353410	0	0	1
354709	1	0	0
355201	0	0	1
355403	1	0	0
355933	0	0	1
355995	0	0	1
356285	0	1	0
356455	1	0	0
356650	1	0	0
356680	0	1	0
356790	0	0	1
357001	0	0	1
357006	0	0	1
357015	0	0	1
357016	0	0	1
357018	0	0	1
357054	0	0	1
357073	0	0	1
357137	0	1	0
357153	0	2	0
357654	0	0	1
357863	0	0	1
358033	1	0	0
358450	0	1	0
358951	1	0	0
358975	1	0	0
359350	1	0	0
359563	0	0	1
359795	0	0	1
359816	0	1	0
360516	0	0	1
360754	1	0	0
361350	0	0	1
361740	0	0	1
361752	0	0	1
361795	0	0	1
361884	1	0	0
362125	0	0	1
362230	0	0	1
362278	0	1	0
362468	0	1	0
362653	0	0	1
362835	0	0	1
362911	0	1	0
363042	0	0	1
363047	0	1	0
363973	0	0	1
363983	0	1	0
364984	1	0	0
365557	1	0	0
366428	1	0	0
367173	0	0	1
368949	0	1	0
370312	1	0	0
370768	0	0	1
371066	1	0	0
371438	0	0	1
371604	1	0	0
372128	0	1	0
372239	0	0	1
372495	1	0	0
372522	1	0	0
372877	0	0	1
373087	0	1	0
373168	0	0	1
373699	0	0	1
373734	0	0	1
373974	0	0	1
374097	0	0	1
374283	0	0	1
374352	0	0	1
374443	0	0	1
374841	0	0	1
374917	1	0	0
374943	0	0	1
375013	0	0	1
375025	0	0	1
375033	0	0	1
375055	0	0	1
375177	0	0	1
375631	0	0	1
375709	0	0	1
375726	0	0	1
375982	0	0	1
376191	0	1	0
376405	0	0	1
376422	0	0	1
376442	0	0	1
376474	0	0	1
376498	0	0	1
376521	0	0	1
376846	0	0	1
376867	0	1	0
377140	0	0	1
377146	0	0	1
377153	0	0	1
377155	1	0	0
377227	0	0	1
377389	0	0	1
377433	0	1	0
377845	0	0	1
378362	0	1	0
378646	0	1	0
379038	1	0	0
379648	0	0	1
379850	0	0	1
380034	1	0	0
380304	0	0	1
380744	0	1	0
380789	0	0	1
380851	0	0	1
380959	0	0	1
381103	0	1	0
381158	0	0	1
381349	0	1	0
381448	0	0	1
382027	0	0	1
383323	0	1	0
384363	0	1	0
384426	0	1	0
385059	1	0	0
385674	1	0	0
387656	0	0	1
387684	0	0	1
387698	0	0	1
387699	0	0	1
387729	0	0	1
388590	0	0	1
389288	0	0	1
389395	0	1	0
389599	0	0	1
389671	0	0	1
390191	0	0	1
390373	1	0	0
391336	0	0	1
391580	0	0	1
391584	0	0	1
391890	1	0	0
392076	1	0	0
393224	0	1	0
393284	1	0	0
393478	1	0	0
393762	0	0	1
394684	0	0	1
396192	0	0	1
396350	1	0	0
396794	0	1	0
397068	1	0	0
397753	1	0	0
398759	0	1	0
399036	1	0	0
399047	1	0	0
400936	0	1	0
401551	0	1	0
402159	0	1	0
402457	0	1	0
402816	1	0	0
403173	0	0	1
403398	0	1	0
403548	0	0	1
404001	0	0	1
404018	0	0	1
404054	0	0	1
405329	0	0	1
406240	1	0	0
406359	0	0	1
408108	1	0	0
409660	0	0	1
410233	0	0	1
411749	0	0	1
411990	1	0	0
412063	1	0	0
413697	0	0	1
415351	0	1	0
415974	0	0	1
416456	0	1	0
417176	0	0	1
417378	0	0	1
417426	0	0	1
417454	0	0	1
417504	0	0	1
417573	0	0	1
417803	0	0	1
417855	0	0	1
417991	0	0	1
418027	0	1	0
418861	0	0	1
419202	0	1	0
419309	0	0	1
419853	0	0	1
419883	0	0	1
420077	0	0	1
420482	0	0	1
420978	1	0	0
421656	0	0	1
422078	0	0	1
422348	0	0	1
423250	1	0	0
423865	0	0	1
423937	0	0	1
424059	0	0	1
424142	1	0	0
424477	0	0	1
424547	0	0	1
424892	0	0	1
425089	0	1	0
425100	0	1	0
425190	0	0	1
426878	0	1	0
427168	0	0	1
427292	0	0	1
427659	1	0	0
429089	0	1	0
429269	0	0	1
429887	0	0	1
431263	0	0	1
431648	0	0	1
431733	0	0	1
431746	0	0	1
432142	0	0	1
432393	0	0	1
432408	0	0	1
432441	0	0	1
432443	0	0	1
432464	0	0	1
432467	0	0	1
432521	0	0	1
432566	0	0	1
432865	0	0	1
433290	1	0	0
433295	0	0	1
433297	0	0	1
433373	0	0	1
433404	0	0	1
433834	0	0	1
433845	0	0	1
433880	0	0	1
433887	0	0	1
433890	0	0	1
433903	0	0	1
433906	0	0	1
433971	0	0	1
434080	0	0	1
434146	0	0	1
434171	0	0	1
434228	0	0	1
434259	0	0	1
434263	0	0	1
434277	0	0	1
434283	0	0	1
434328	0	0	1
434383	0	0	1
434820	0	0	1
434824	0	0	1
434872	0	0	1
435706	0	0	1
436479	0	0	1
436581	0	1	0
437510	0	0	2
437517	0	0	1
437799	1	0	0
438139	1	0	0
438956	0	0	1
438986	0	0	1
439305	1	0	0
439759	0	0	1
439915	0	0	1
440399	0	0	1
440772	0	0	1
441240	0	1	0
441693	0	1	0
441959	1	0	0
442541	0	0	1
443883	0	0	1
444899	0	1	0
445117	1	0	0
445201	0	0	1
445214	0	0	1
445468	0	0	1
445492	0	0	1
445495	0	0	1
445854	0	0	1
446144	0	0	1
446200	0	0	1
446208	0	0	1
446375	0	0	1
446377	0	0	1
446444	0	0	1
446482	0	0	1
446489	0	0	1
446539	0	0	1
446569	0	0	1
446777	0	0	1
446795	0	0	1
446867	0	0	1
446897	0	0	1
446901	0	0	1
447075	0	0	1
447258	0	0	1
447388	0	0	1
447596	1	0	0
448084	0	0	1
448177	0	0	1
448295	0	0	1
448612	0	0	1
448784	0	0	1
448807	0	0	1
448817	0	0	1
448946	0	0	1
449049	0	0	1
449092	0	0	1
449095	0	0	1
449106	0	0	1
449163	0	0	1
449402	0	0	1
449500	0	0	1
449695	1	0	0
450019	0	0	1
450267	0	0	1
450381	0	0	1
450545	0	0	1
450650	0	1	0
450718	0	0	1
450726	0	0	1
450782	0	0	1
450859	0	0	1
450953	0	0	1
451016	0	0	1
451018	0	0	1
451022	0	0	1
451025	0	0	1
451046	0	0	1
451144	0	0	1
451164	0	0	1
451203	0	0	1
451246	0	0	1
451247	0	1	0
451252	0	0	1
451276	0	0	1
451280	0	0	1
451282	0	0	1
451290	0	0	1
451300	0	0	1
451308	0	0	1
451334	0	0	1
451343	0	0	1
451348	0	0	1
451447	0	0	1
451449	0	0	1
451470	0	0	1
451489	0	0	1
451533	0	0	1
451549	0	0	1
451564	0	0	1
451567	0	0	1
451604	0	0	1
451701	0	0	1
451712	0	0	1
451745	0	0	1
451746	0	0	1
451764	0	0	1
451839	0	0	1
451867	0	0	1
451893	0	0	1
451904	0	0	1
451965	0	0	1
452013	0	0	1
452030	0	0	1
452070	0	0	1
452417	0	0	1
452725	0	0	1
452797	0	1	0
452825	0	1	0
452883	0	0	1
452921	0	0	1
452966	0	0	1
452973	0	0	1
453172	0	0	1
453496	0	1	0
453502	0	0	1
453955	0	1	0
454151	0	0	1
454184	0	0	1
454245	0	1	0
454310	0	0	1
454356	0	0	1
454538	1	0	0
454579	0	0	1
454583	0	0	1
454584	0	0	1
454595	0	0	1
454598	0	0	1
454614	0	0	2
454615	0	0	1
454619	0	0	1
454627	0	0	1
454639	0	0	1
454642	0	0	1
454644	0	0	1
454650	0	0	1
454653	0	0	1
454662	0	0	1
454663	0	0	1
454668	0	0	1
454672	0	0	1
454680	0	0	1
454686	0	0	1
454687	0	0	1
454697	0	0	1
454725	0	0	1
454734	0	0	1
455492	0	1	0
455683	0	1	0
455996	1	0	0
456415	0	1	0
458779	0	0	1
459966	1	0	0
461263	0	1	0
461421	0	0	1
462185	1	0	0
462282	0	0	1
462988	0	0	1
464093	0	1	0
464386	0	0	1
464655	0	1	0
464827	0	1	0
465005	0	0	1
465054	0	0	1
465442	0	0	1
466340	0	0	1
466481	0	0	1
466561	0	0	1
466809	0	0	1
467075	0	0	1
467685	0	0	1
467989	0	0	1
468026	0	0	1
468108	0	0	1
468373	0	0	1
468407	0	0	1
468632	0	0	1
468647	0	0	1
468697	1	0	0
468878	0	0	1
468930	0	0	1
469046	0	0	1
469131	0	0	1
469416	0	0	1
469532	0	0	1
470549	0	0	1
470734	0	0	1
470844	0	0	1
470971	0	0	1
471117	0	0	1
471157	0	0	1
471265	0	0	1
471747	1	0	0
472189	0	0	1
472227	0	0	1
472319	0	0	1
472843	0	0	1
473168	0	0	1
473575	1	0	0
473585	1	0	0
474007	0	0	1
474038	0	0	1
474920	0	0	1
476120	0	1	0
476340	0	1	0
476422	0	1	0
476511	0	1	0
476546	0	1	0
476556	0	1	0
476586	0	1	0
476595	0	1	0
476610	0	1	0
476646	0	1	0
476822	0	1	0
476870	0	1	0
476873	0	0	1
476896	0	1	0
476897	0	1	0
476931	0	1	0
476941	0	1	0
477187	1	0	0
477291	0	0	1
477320	1	0	0
477328	1	0	0
477335	1	0	0
477336	1	0	0
477618	1	0	0
477648	1	0	0
477649	2	0	0
477658	1	0	0
477663	1	0	0
477665	1	0	0
477682	1	0	0
477700	1	0	0
477710	1	0	0
477762	1	0	0
477914	1	0	0
477917	1	0	0
478138	0	0	1
478345	1	0	0
478992	1	0	0
479124	0	0	1
479737	0	0	1
481870	0	0	1
482142	0	1	0
483006	0	0	1
483414	0	0	1
483723	0	0	1
484196	0	0	1
485886	0	0	1
486375	0	0	1
486757	0	0	1
487318	0	1	0
487739	0	1	0
489320	1	0	0
490250	0	1	0
490620	1	0	0
491592	0	0	1
494402	1	0	0
494446	0	0	1
496197	1	0	0
496915	0	1	0
497485	0	0	1
498209	0	0	1
498814	1	0	0
498890	0	0	1
500138	1	0	0
500152	1	0	0
501930	0	0	1
503635	0	0	1
504423	1	0	0
504961	0	0	1
505475	0	0	1
506196	0	0	1
507348	0	1	0
507564	0	0	1
507582	1	0	0
507727	0	1	0
508997	0	0	1
509266	1	0	0
509564	1	0	0
511629	0	1	0
512303	0	0	1
512393	0	0	1
512772	0	0	1
513722	1	0	0
513727	0	0	1
518238	1	0	0
518277	1	0	0
519458	0	0	1
519612	0	0	1
520306	0	0	1
520495	0	1	0
522888	0	0	1
524898	0	0	1
525234	0	1	0
526054	1	0	0
526103	1	0	0
528409	0	0	1
529896	0	0	1
531417	1	0	0
531873	1	0	0
534575	0	1	0
534704	0	0	1
536158	0	0	1
537254	0	0	1
537379	1	0	0
537408	0	0	1
537605	0	1	0
537642	0	1	0
538129	0	0	1
538537	0	0	1
540025	1	0	0
540698	0	0	1
542104	0	0	1
543778	0	0	1
544652	0	1	0
544775	1	0	0
545757	0	1	0
546071	0	0	1
546199	1	0	0
547148	0	1	0
549152	0	1	0
549239	0	1	0
551190	0	1	0
552401	0	0	1
553051	0	0	1
553367	0	0	1
553599	0	0	1
555336	1	0	0
555780	0	0	1
555967	0	0	1
556324	0	0	1
556358	0	0	1
556375	0	0	1
556397	0	0	1
556528	0	0	1
556536	0	0	1
556581	0	0	1
556636	0	0	1
556639	0	0	1
556652	0	0	1
556655	0	0	1
556659	0	0	1
556806	0	0	1
556811	0	0	1
556929	0	0	1
557101	0	0	1
557127	0	0	1
557257	0	0	1
557326	0	0	1
557395	0	0	1
557464	0	0	1
557508	0	0	1
557539	0	0	1
557550	0	0	1
557589	0	0	1
557931	0	0	1
558319	0	0	1
558482	0	0	1
558829	0	0	1
559222	0	0	1
559282	0	0	1
559646	0	0	1
559823	0	0	1
560615	0	0	1
560635	0	0	1
560686	0	0	1
560700	0	0	1
560774	0	0	1
560805	0	0	1
560815	0	0	1
560832	0	0	1
561000	0	0	1
561094	0	0	1
561128	0	0	1
561237	0	0	1
561730	0	0	1
561807	0	0	1
561816	0	1	0
561986	0	0	1
562219	0	0	1
562870	0	0	1
562881	0	0	2
562884	0	0	1
562894	0	0	1
563242	1	0	0
563593	0	0	1
563767	0	0	1
563901	0	0	1
564152	0	0	1
564536	0	0	1
564788	0	0	1
564799	0	0	1
564814	0	0	1
564840	0	0	1
564888	0	0	1
564913	0	0	1
564927	0	0	1
564929	0	0	1
564932	0	0	1
564934	0	0	1
565057	0	0	1
565204	1	0	0
565231	0	0	1
565428	0	0	1
565592	0	0	1
565604	0	0	1
565607	0	0	1
565621	0	0	1
565677	0	0	1
565852	0	0	1
565899	0	0	1
566219	0	0	1
566911	0	0	1
567895	0	0	1
568073	0	0	1
568240	1	0	0
568969	0	0	1
569263	0	0	1
570762	0	0	1
571576	0	0	1
572491	0	0	1
572932	1	0	0
573896	0	1	0
574670	0	1	0
574759	0	0	1
574884	0	1	0
574975	0	0	1
574998	0	0	1
575839	0	0	1
576382	0	0	1
577270	1	0	0
578957	1	0	0
580166	0	1	0
581736	0	0	1
581775	0	0	1
581816	0	0	1
581856	0	0	1
582004	0	0	1
582095	1	0	0
582369	0	0	1
582643	1	0	0
583513	0	0	1
584106	0	0	1
584681	0	0	1
585819	0	0	1
586141	0	0	1
586283	0	0	1
586313	0	0	1
586390	0	0	1
586418	0	0	1
586423	0	0	1
586424	0	0	1
586430	0	0	1
586432	0	1	0
586435	0	0	1
586440	0	0	1
586449	0	0	1
586451	0	0	1
586452	0	0	1
586463	0	0	1
586483	0	0	1
586496	0	0	1
586509	0	0	1
586510	0	0	1
586519	0	0	1
586531	0	0	1
586533	0	0	1
586537	0	0	1
586548	0	0	1
586578	0	0	1
586593	0	0	1
588232	1	0	0
590506	0	0	1
591503	1	0	0
591648	0	1	0
591877	0	0	1
591943	0	0	1
592407	0	0	1
595834	0	1	0
596844	0	1	0
596953	1	0	0
598189	0	1	0
599204	0	0	1
599462	0	0	1
601573	0	0	1
602789	0	1	0
604575	1	0	0
604692	0	1	0
605023	0	0	1
605491	0	1	0
606045	0	0	1
606101	0	0	1
606766	1	0	0
609340	0	1	0
611554	0	0	1
611761	0	0	1
612870	0	1	0
612878	1	0	0
619962	0	0	1
620084	0	0	1
620234	0	0	1
620809	1	0	0
621009	1	0	0
623772	1	0	0
624007	0	0	1
625006	1	0	0
625443	0	0	1
626400	0	0	1
626425	0	0	1
627765	0	0	1
627835	1	0	0
628494	0	0	1
630922	0	0	1
631849	0	0	1
633449	0	0	1
635741	1	0	0
636149	0	1	0
636577	0	0	1
638793	1	0	0
640055	1	0	0
642618	0	1	0
643488	0	1	0
644543	1	0	0
647303	1	0	0
649702	1	0	0
655234	1	0	0
655406	1	0	0
656236	0	1	0
658008	0	0	1
658158	1	0	0
661643	1	0	0
663161	0	0	1
664074	0	0	1
668198	0	0	1
668473	1	0	0
668478	0	1	0
669927	0	0	1
671739	0	0	1
672094	0	0	1
674504	0	0	1
676721	0	1	0
677516	0	0	1
678810	0	0	1
682051	0	1	0
683609	0	1	0
684481	0	0	1
688209	0	0	1
688576	0	0	1
690231	0	0	1
691776	0	0	1
694266	1	0	0
696644	0	0	1
696733	0	0	1
696779	0	0	1
696857	0	0	1
696941	0	0	1
697083	0	0	1
697125	0	0	1
697252	0	0	1
697389	1	0	0
697678	0	0	1
698014	0	0	1
700529	0	0	1
701873	1	0	0
701953	0	0	1
706321	0	0	1
706514	0	0	1
711119	0	0	1
713626	1	0	0
714076	0	0	1
714389	0	1	0
716240	0	0	1
716740	0	0	1
719697	0	1	0
721344	1	0	0
722214	0	0	1
726021	0	0	1
727566	0	0	1
728398	1	0	0
728991	0	1	0
730610	0	0	1
732853	0	0	1
735394	0	0	1
735487	1	0	0
736106	0	0	1
737419	0	0	1
738366	0	0	1
740471	1	0	0
742787	0	0	1
742865	1	0	0
743393	0	0	1
743497	0	0	1
744188	0	0	1
744592	0	0	1
744848	0	0	1
745555	0	0	1
745739	0	0	1
745763	0	0	1
745771	0	0	1
745853	0	0	1
746335	0	0	1
746500	0	0	1
746536	0	0	1
746966	0	0	1
747061	1	0	0
747557	0	0	1
747672	0	0	1
748333	0	0	1
748334	0	0	1
749166	0	0	1
749610	0	0	1
749619	0	0	2
749646	0	0	1
749648	0	0	1
749656	0	0	1
749657	0	0	1
749690	0	0	2
750115	1	0	0
750147	0	0	1
750161	0	0	1
750178	0	0	1
750212	0	0	1
750252	0	0	1
750354	0	0	1
750363	0	0	1
750419	0	0	1
750546	0	0	1
751148	0	0	1
751182	0	0	1
751205	0	0	1
751232	0	0	1
751318	0	0	1
751438	0	1	0
751446	0	0	1
751449	0	0	1
751734	0	0	1
751752	0	0	1
751782	0	0	1
751855	0	0	1
751921	0	0	1
752184	0	0	1
752282	0	0	1
752295	0	1	0
752529	0	0	1
752879	0	0	1
752900	0	0	1
753012	0	0	1
753013	0	0	1
753025	0	0	1
753045	0	0	1
753073	0	0	1
753084	0	0	1
753260	0	0	1
753373	0	0	1
753386	0	0	1
753922	0	0	1
757078	1	0	0
760191	0	1	0
760536	0	0	1
760896	1	0	0
760903	1	0	0
760904	1	0	0
760906	1	0	0
760908	1	0	0
760909	1	0	0
760921	1	0	0
760923	1	0	0
760924	2	0	0
760926	1	0	0
760927	1	0	0
760931	1	0	0
760937	1	0	0
760946	1	0	0
760950	1	0	0
760953	1	0	0
760956	1	0	0
760960	1	0	0
760971	1	0	0
760973	1	0	0
760974	1	0	0
760976	2	0	0
760978	1	0	0
760980	1	0	0
760984	1	0	0
760994	1	0	0
761004	1	0	0
761006	1	0	0
761012	1	0	0
761258	1	0	0
764950	0	0	1
767100	0	0	1
772161	0	1	0
772182	0	1	0
773261	0	0	1
773982	0	0	1
776997	0	0	1
777823	0	0	1
782935	1	0	0
786212	1	0	0
787029	0	1	0
787133	0	1	0
787260	0	1	0
787386	0	1	0
787397	0	1	0
787398	0	1	0
787405	0	1	0
787406	0	1	0
787424	0	1	0
787432	0	1	0
787440	0	1	0
787441	0	1	0
787446	0	1	0
787448	0	1	0
787466	0	2	0
787653	0	1	0
787738	0	1	0
787752	0	1	0
787760	0	1	0
787779	0	1	0
787786	0	1	0
787822	0	1	0
787830	0	1	0
787871	0	1	0
787891	0	1	0
787895	0	1	0
788041	1	0	0
788060	1	0	0
788083	0	0	1
788117	1	0	0
788134	1	0	0
788167	1	0	0
788178	1	0	0
788184	1	0	0
788205	1	0	0
788221	1	0	0
788228	1	0	0
788246	0	0	1
788477	1	0	0
788482	1	0	0
788489	1	0	0
788509	0	0	1
788520	1	0	0
788522	1	0	0
788584	1	0	0
788590	1	0	0
788635	1	0	0
788643	1	0	0
788676	1	0	0
789031	0	0	1
789107	0	0	1
789595	0	0	1
789811	0	0	1
789824	0	0	1
789907	0	0	1
789919	0	0	1
789974	0	0	1
790044	0	0	1
790064	0	0	1
790235	1	0	0
790450	0	0	1
790459	0	0	1
790462	0	0	2
790551	1	0	0
790595	0	0	1
790810	0	0	1
792403	0	0	1
792405	0	0	1
792416	0	0	1
792424	0	0	1
793099	0	0	1
793428	0	0	1
794119	0	0	1
795063	0	0	1
795217	0	0	1
795584	0	0	1
795899	0	0	1
795944	0	0	1
796047	0	0	1
796083	0	0	2
796104	0	0	1
796131	0	0	1
796401	0	0	1
796512	0	0	1
796618	0	0	1
796926	0	1	0
797038	0	0	1
797046	0	1	0
797076	0	0	1
797262	0	0	1
797267	0	0	1
797305	0	0	1
797330	0	0	1
797411	0	0	1
797439	0	0	1
797477	0	0	1
797571	0	0	1
797602	0	0	1
797631	0	0	1
797707	0	0	1
797787	0	0	1
797910	0	0	1
797998	0	0	1
798041	0	0	1
798052	0	0	1
798061	0	0	1
798087	0	0	1
798115	0	0	1
798125	0	0	1
798204	0	0	1
798240	0	1	0
798282	0	0	1
798309	0	0	1
798324	0	0	1
798348	0	0	1
798415	0	0	1
798421	0	0	1
798423	0	0	1
798427	0	0	1
798630	0	0	1
799124	0	0	1
799208	0	0	1
808982	0	0	1
809654	1	0	0
815633	0	1	0
817074	0	0	1
821476	0	0	1
833087	0	1	0
834814	1	0	0
838571	0	0	1
843932	0	0	1
844469	0	0	1
845198	1	0	0
846203	0	0	1
849745	0	0	1
853154	1	0	0
853345	1	0	0
853550	1	0	0
853729	0	1	0
859238	0	0	1
859622	0	1	0
862070	1	0	0
862323	0	0	1
865296	0	1	0
871539	0	1	0
872121	1	0	0
873451	0	1	0
880998	0	1	0
881180	1	0	0
883097	1	0	0
888676	0	0	1
901523	0	0	1
909449	0	1	0
914144	0	0	1
919468	0	0	1
924411	0	1	0
929160	0	0	1
930134	1	0	0
934183	0	0	1
934569	1	0	0
936318	0	0	1
936846	0	0	1
937230	0	0	1
940802	0	0	1
941534	0	0	1
942626	0	0	1
944565	1	0	1
952364	0	0	1
952942	1	0	0
956152	1	0	0
969153	1	0	0
979684	0	0	1
980722	0	0	1
983636	0	0	1
1001541	0	0	1
1008741	0	0	1
1015356	0	0	1
1025132	0	0	1
1041862	1	0	0
1053239	0	0	1
1055338	0	0	1
1058312	0	0	1
1059340	0	1	0
1060422	0	0	1
1062559	0	0	1
1063901	0	0	1
1064341	0	0	1
1064563	0	0	1
1064601	0	0	1
1065096	0	0	1
1065118	0	0	1
1066224	0	0	1
1067781	0	0	1
1069778	0	0	1
1069807	0	0	1
1070521	0	1	0
1071303	0	0	1
1071822	0	0	1
1073867	0	0	1
1074978	0	0	1
1076311	0	0	1
1076406	0	0	1
1076613	0	0	1
1084474	1	0	0
1088093	1	0	0
1116804	0	0	1
1118851	0	0	1
1119128	1	0	0
1119385	0	0	1
1122933	0	0	1
1139358	0	0	1
1141473	0	0	1
1173662	1	0	0
1175235	1	0	0
1178107	0	1	0
1203026	1	0	0
1221395	0	0	1
1223071	1	0	0
1224571	1	0	0
1280019	0	0	1
1312400	0	0	1
1356124	0	0	1
1362444	0	0	1
1363471	0	0	1

