## htsjdk.samtools.metrics.StringHeader
# CollectInsertSizeMetrics --Histogram_FILE /u/home/s/samdemar/project-guillom/upf1_rrp6/7_INSERT_HISTOGRAMS/U_R_3YPD_1.fq.gz_hist.pdf --DEVIATIONS 1.0E7 --MINIMUM_PCT 0.0 --INPUT /u/home/s/samdemar/project-guillom/upf1_rrp6/4_REMOVE_PCR/U_R_3YPD_1.fq.gz.bam --OUTPUT /u/home/s/samdemar/project-guillom/upf1_rrp6/7_INSERT_HISTOGRAMS/U_R_3YPD_1.fq.gz_output.txt --METRIC_ACCUMULATION_LEVEL ALL_READS --INCLUDE_DUPLICATES false --ASSUME_SORTED true --STOP_AFTER 0 --VERBOSITY INFO --QUIET false --VALIDATION_STRINGENCY STRICT --COMPRESSION_LEVEL 5 --MAX_RECORDS_IN_RAM 500000 --CREATE_INDEX false --CREATE_MD5_FILE false --GA4GH_CLIENT_SECRETS client_secrets.json --help false --version false --showHidden false --USE_JDK_DEFLATER false --USE_JDK_INFLATER false
## htsjdk.samtools.metrics.StringHeader
# Started on: Mon Nov 15 17:00:03 PST 2021

## METRICS CLASS	picard.analysis.InsertSizeMetrics
MEDIAN_INSERT_SIZE	MODE_INSERT_SIZE	MEDIAN_ABSOLUTE_DEVIATION	MIN_INSERT_SIZE	MAX_INSERT_SIZE	MEAN_INSERT_SIZE	STANDARD_DEVIATION	READ_PAIRS	PAIR_ORIENTATION	WIDTH_OF_10_PERCENT	WIDTH_OF_20_PERCENT	WIDTH_OF_30_PERCENT	WIDTH_OF_40_PERCENT	WIDTH_OF_50_PERCENT	WIDTH_OF_60_PERCENT	WIDTH_OF_70_PERCENT	WIDTH_OF_80_PERCENT	WIDTH_OF_90_PERCENT	WIDTH_OF_95_PERCENT	WIDTH_OF_99_PERCENT	SAMPLE	LIBRARY	READ_GROUP
260	250	38	2	1304634	279.415684	2348.870863	19156337	FR	15	29	43	59	77	97	119	151	201	255	503			
223	55662	201	2	1415398	48380.436401	135364.438178	4434	RF	121	219	299	361	403	441	3185	110879	220349	596475	1574181			
198	131	87	2	1321318	84663.460306	180205.649579	8175	TANDEM	33	65	99	135	175	235	597	349523	650117	994663	1591763			

## HISTOGRAM	java.lang.Integer
insert_size	All_Reads.fr_count	All_Reads.rf_count	All_Reads.tandem_count
2	18	20	3
3	19	20	1
4	21	15	2
5	16	18	0
6	17	20	0
7	32	14	1
8	10	15	1
9	23	25	0
10	19	22	0
11	15	25	0
12	24	17	1
13	23	28	1
14	30	16	1
15	18	25	3
16	34	20	2
17	22	30	0
18	34	29	1
19	1527	26	3
20	67	20	2
21	70	24	4
22	839	29	4
23	52	26	0
24	69	22	2
25	84	23	3
26	115	31	4
27	65	20	3
28	245	18	1
29	47	21	5
30	399	26	5
31	47	13	6
32	284	22	5
33	107	14	5
34	57	18	2
35	369	10	7
36	84	22	5
37	59	18	8
38	74	10	6
39	89	15	5
40	86	17	7
41	109	16	9
42	479	17	12
43	160	18	6
44	608	11	10
45	133	18	8
46	143	13	6
47	144	17	9
48	153	19	10
49	156	17	7
50	141	12	14
51	1514	15	9
52	197	14	9
53	125	18	9
54	647	10	14
55	218	12	15
56	163	11	13
57	160	16	7
58	545	14	13
59	197	16	11
60	165	14	13
61	175	6	12
62	196	9	21
63	329	14	15
64	265	13	22
65	272	6	12
66	306	14	15
67	302	14	21
68	235	9	16
69	229	19	14
70	296	7	19
71	315	8	15
72	363	16	20
73	402	8	12
74	402	9	16
75	514	10	16
76	431	8	18
77	504	5	23
78	519	7	12
79	525	11	24
80	611	13	16
81	696	10	16
82	660	14	21
83	643	13	19
84	617	9	18
85	810	11	17
86	934	7	16
87	842	7	20
88	971	8	19
89	978	10	18
90	1109	8	26
91	1159	10	22
92	1166	9	30
93	1179	11	22
94	1284	11	26
95	1991	6	24
96	1445	14	24
97	1467	6	27
98	1734	8	26
99	1736	10	25
100	1819	14	20
101	1858	2	22
102	2214	8	15
103	2169	6	26
104	2234	4	27
105	2406	10	28
106	2538	9	32
107	2916	7	30
108	2960	9	26
109	2939	11	27
110	3151	6	37
111	3464	6	33
112	3442	11	35
113	3770	7	35
114	3913	9	24
115	4151	8	29
116	4318	10	38
117	4378	9	29
118	4971	7	38
119	5063	4	39
120	5160	3	25
121	5495	8	22
122	5622	7	39
123	5684	6	25
124	6012	13	34
125	6261	11	22
126	6624	12	25
127	6951	2	28
128	7302	7	46
129	7665	9	35
130	8104	6	32
131	8277	1	49
132	8571	7	32
133	9013	7	31
134	9288	10	36
135	9436	6	30
136	9952	4	33
137	10474	10	38
138	10762	7	20
139	11500	7	30
140	11918	7	31
141	12324	2	29
142	13132	7	32
143	13415	8	43
144	13688	9	46
145	14468	7	33
146	15096	11	29
147	15724	9	37
148	16012	12	20
149	16731	7	38
150	17431	8	35
151	18247	4	36
152	18755	4	30
153	19336	7	33
154	20335	2	32
155	20803	4	33
156	21601	5	36
157	22598	6	30
158	23391	8	25
159	23999	8	37
160	24904	5	32
161	25912	5	32
162	26669	4	29
163	27411	5	29
164	28467	4	28
165	29044	5	39
166	30340	2	32
167	31438	4	27
168	31887	9	34
169	33132	5	34
170	34362	6	32
171	35121	7	44
172	36441	3	35
173	37876	8	33
174	39226	10	33
175	40468	4	37
176	41245	9	34
177	42499	4	25
178	44189	6	30
179	45248	4	19
180	46418	5	35
181	48043	7	28
182	48817	7	33
183	49883	8	30
184	51922	7	32
185	52880	3	18
186	54319	4	36
187	55653	1	37
188	57375	8	17
189	58597	2	25
190	60572	4	30
191	61766	4	26
192	63623	6	30
193	65590	4	22
194	66791	7	19
195	67897	2	15
196	69759	8	19
197	71557	6	31
198	72955	5	23
199	74235	6	30
200	76203	1	26
201	77747	3	28
202	79826	5	28
203	81273	3	29
204	83546	1	20
205	84593	3	31
206	86596	6	24
207	86857	6	19
208	89426	4	17
209	91714	5	28
210	92934	1	17
211	95055	4	19
212	97066	1	20
213	98393	1	30
214	99789	3	15
215	101843	4	20
216	103438	3	24
217	105296	3	16
218	107016	6	20
219	107809	3	20
220	109936	2	18
221	111549	2	28
222	112907	3	17
223	114653	8	22
224	116236	0	23
225	117143	1	11
226	118425	3	18
227	120024	0	20
228	120717	3	16
229	123152	3	22
230	124058	3	20
231	124573	5	22
232	126524	3	17
233	128053	3	19
234	127991	6	24
235	129656	6	12
236	130027	6	17
237	131103	6	12
238	132303	2	23
239	133739	2	8
240	134059	2	17
241	134894	7	11
242	135919	1	16
243	136064	5	8
244	136703	2	12
245	138228	2	18
246	137560	1	18
247	138627	5	14
248	138677	2	11
249	139287	3	13
250	139565	0	22
251	138844	3	15
252	138963	2	13
253	139492	4	13
254	139467	3	16
255	138316	2	10
256	139009	1	10
257	139094	3	8
258	138011	2	12
259	138413	6	12
260	137252	6	14
261	136591	4	16
262	136869	3	13
263	136338	3	13
264	135164	1	14
265	135372	3	10
266	134846	2	7
267	133125	1	11
268	133762	1	15
269	132994	2	4
270	131885	2	9
271	131187	2	8
272	129967	4	6
273	128666	2	11
274	128473	4	8
275	127534	4	10
276	124966	4	13
277	124770	0	3
278	123773	3	4
279	122508	3	6
280	121443	1	4
281	120690	2	9
282	118979	0	6
283	118239	4	7
284	117423	3	2
285	116217	1	5
286	115046	2	4
287	113402	1	3
288	111821	4	2
289	111019	0	7
290	109258	1	4
291	107144	0	10
292	105764	2	3
293	104733	2	7
294	103163	3	3
295	102087	3	5
296	100876	3	4
297	98887	1	5
298	98046	2	7
299	96631	3	2
300	95047	3	6
301	93522	1	2
302	92300	2	3
303	89789	2	5
304	89248	2	2
305	87698	0	2
306	86246	4	0
307	84969	5	4
308	83284	2	2
309	81886	1	3
310	80810	4	3
311	79429	1	2
312	78217	1	5
313	76573	1	2
314	75424	4	4
315	73279	1	2
316	72167	1	5
317	71314	2	1
318	69162	1	1
319	68636	5	5
320	67402	1	1
321	65824	1	4
322	64619	3	1
323	63277	0	4
324	61346	2	1
325	60684	1	2
326	59898	0	5
327	58146	6	6
328	57155	2	4
329	55572	2	2
330	54861	2	6
331	53735	3	2
332	52344	6	2
333	51442	3	3
334	50479	3	2
335	49842	1	1
336	48310	3	1
337	47268	3	1
338	46215	1	1
339	44756	5	3
340	44459	2	0
341	43404	3	1
342	42201	2	2
343	41525	4	1
344	40532	4	2
345	39366	2	4
346	38776	2	1
347	37868	2	1
348	36775	6	2
349	36160	0	2
350	35218	3	0
351	34487	1	1
352	33786	4	1
353	32788	2	3
354	31936	2	2
355	31341	0	2
356	30908	2	4
357	29769	2	1
358	29306	3	1
359	28665	3	1
360	27584	2	1
361	27088	1	1
362	26107	2	2
363	25821	2	1
364	24981	0	1
365	24532	1	3
366	23607	1	0
367	23427	2	0
368	22910	1	0
369	22258	1	1
370	21778	0	1
371	21241	3	2
372	20588	2	0
373	20352	1	0
374	19574	0	1
375	18984	0	1
376	18742	2	0
377	18145	1	0
378	17544	2	1
379	17346	2	0
380	17138	2	0
381	16503	3	0
382	16215	3	1
383	15639	1	1
384	15072	1	1
385	14859	4	0
386	14505	1	1
387	14054	3	1
388	13939	1	1
389	13605	0	1
390	13126	2	1
391	12896	0	1
392	12500	2	0
393	11993	1	0
394	11796	2	1
395	11581	1	0
396	11227	1	1
397	11129	1	1
398	10946	1	2
399	10503	0	1
400	10386	2	0
401	10113	0	0
402	9681	3	0
403	9774	2	0
404	9429	0	1
405	9233	2	0
406	9072	2	0
407	8744	4	0
408	8607	1	1
409	8436	4	0
410	8159	2	0
411	7743	0	0
412	7630	0	1
413	7382	0	1
414	7325	1	1
415	7027	1	0
416	6904	1	0
417	6711	1	0
418	6543	2	0
419	6457	5	0
420	6258	2	1
421	6184	2	1
422	5989	2	1
423	5744	4	0
424	5753	1	4
425	5522	2	0
426	5414	2	1
427	5499	3	2
428	5044	2	0
429	5185	2	1
430	4948	0	0
431	5040	2	0
432	4752	2	0
433	4574	0	1
434	4569	3	1
435	4472	1	0
436	4500	1	0
437	4239	7	0
438	4297	2	0
439	4142	1	0
440	4004	1	1
441	3743	1	0
442	3871	0	1
443	3679	1	0
444	3507	2	0
445	3598	0	1
446	3365	1	0
447	3215	2	0
448	3267	2	1
449	3279	2	0
450	3219	0	0
451	3175	0	0
452	3018	1	0
453	2955	1	1
454	3023	2	0
455	2923	1	0
456	2798	1	0
457	2733	1	0
458	2729	2	0
459	2631	1	0
460	2546	2	1
461	2612	0	0
462	2477	1	1
463	2494	1	0
464	2381	0	1
465	2336	1	1
466	2342	1	0
467	2287	0	0
468	2178	1	0
469	2118	2	1
470	2099	2	1
471	2076	2	0
472	2058	1	0
473	2011	1	0
474	1951	3	0
475	1885	1	0
476	1889	1	0
477	1848	4	1
478	1869	1	0
479	1844	2	1
480	1921	1	0
481	1743	1	1
482	1773	1	0
483	1654	2	0
484	1703	1	0
485	1670	2	0
486	1507	3	0
487	1621	2	2
488	1572	1	0
489	1627	3	0
490	1481	1	0
491	1468	0	1
492	1425	2	0
493	1411	1	1
494	1421	2	0
495	1327	1	0
496	1405	1	1
497	1348	0	0
498	1361	0	0
499	1381	3	0
500	1431	0	0
501	1401	3	1
502	1280	1	1
503	1235	2	0
504	1177	0	0
505	1181	2	0
506	1124	1	0
507	1128	0	0
508	1028	1	0
509	1088	0	0
510	1114	1	0
511	1089	4	1
512	1028	0	0
513	966	0	0
514	986	3	0
515	1011	0	0
516	985	0	0
517	922	0	0
518	955	1	0
519	939	0	0
520	982	0	1
521	973	1	0
522	934	2	0
523	911	0	0
524	973	2	0
525	903	1	0
526	901	0	0
527	927	1	0
528	840	0	0
529	868	0	0
530	863	0	0
531	806	1	0
532	891	1	0
533	873	0	0
534	850	1	0
535	788	0	0
536	830	1	0
537	820	0	1
538	844	1	1
539	815	0	0
540	852	0	0
541	826	0	1
542	809	1	0
543	798	0	0
544	856	2	0
545	798	0	0
546	768	3	0
547	756	0	0
548	721	1	0
549	767	1	1
550	722	0	1
551	775	0	0
552	763	0	0
553	774	0	0
554	734	0	0
555	760	1	0
556	762	2	1
557	751	0	0
558	732	0	0
559	760	1	0
560	751	0	0
561	747	0	0
562	781	0	1
563	734	0	1
564	762	0	1
565	723	1	1
566	742	0	0
567	724	0	1
568	703	1	0
569	718	0	0
570	671	0	0
571	666	0	0
572	670	0	1
573	678	2	0
574	715	1	0
575	694	0	0
576	658	1	0
577	696	0	0
578	694	0	0
579	715	0	0
580	720	0	1
581	646	1	1
582	688	0	0
583	674	0	1
584	673	0	0
585	669	0	0
586	644	0	0
587	703	0	0
588	674	1	0
589	637	0	0
590	683	1	0
591	674	0	0
592	676	1	0
593	631	0	0
594	649	0	1
595	631	0	1
596	648	1	0
597	680	0	0
598	691	1	0
599	651	4	0
600	641	1	0
601	646	1	1
602	656	0	0
603	612	1	0
604	696	0	0
605	672	1	0
606	681	1	1
607	657	1	0
608	682	1	0
609	632	2	0
610	717	2	0
611	650	0	0
612	657	2	0
613	701	0	0
614	642	0	0
615	681	0	0
616	671	1	0
617	664	0	0
618	687	0	0
619	690	1	1
620	719	0	1
621	677	1	0
622	684	0	0
623	638	1	1
624	631	2	0
625	666	1	0
626	658	0	0
627	673	2	0
628	657	1	0
629	679	1	0
630	624	1	0
631	676	0	0
632	658	0	1
633	638	1	0
634	637	3	1
635	612	0	0
636	628	0	1
637	618	1	1
638	580	1	1
639	582	0	0
640	634	1	0
641	613	1	0
642	589	0	0
643	593	0	0
644	626	2	0
645	558	2	0
646	556	2	0
647	578	2	0
648	576	2	0
649	618	0	1
650	607	0	1
651	575	0	0
652	603	1	1
653	555	2	1
654	583	0	1
655	559	0	0
656	592	1	1
657	590	1	0
658	570	0	1
659	620	2	0
660	593	1	0
661	567	0	0
662	573	0	0
663	555	0	0
664	551	0	0
665	541	1	0
666	550	1	0
667	569	2	0
668	582	0	0
669	593	1	0
670	585	0	0
671	504	0	1
672	504	2	0
673	542	0	0
674	516	0	0
675	522	1	0
676	539	1	0
677	520	0	0
678	496	2	0
679	496	2	0
680	537	1	0
681	489	0	0
682	520	1	0
683	536	0	0
684	484	1	0
685	481	2	0
686	494	0	0
687	461	2	0
688	500	0	0
689	506	1	0
690	485	1	0
691	481	0	0
692	520	1	1
693	470	2	0
694	457	0	0
695	467	0	0
696	458	0	0
697	462	0	0
698	456	1	0
699	471	0	0
700	456	0	0
701	421	0	1
702	437	0	0
703	429	0	1
704	409	1	1
705	449	1	0
706	439	0	0
707	453	1	0
708	440	0	0
709	425	0	0
710	444	3	0
711	413	0	1
712	410	2	0
713	440	0	0
714	405	2	0
715	387	1	0
716	425	0	0
717	407	1	0
718	413	0	1
719	420	0	0
720	411	2	0
721	430	0	0
722	405	0	0
723	421	0	0
724	411	0	0
725	364	1	0
726	396	1	0
727	414	0	0
728	399	1	0
729	428	1	1
730	412	1	0
731	404	0	0
732	389	0	0
733	381	2	0
734	406	1	0
735	378	1	0
736	391	0	0
737	382	0	0
738	386	2	0
739	381	1	0
740	404	0	0
741	363	0	0
742	402	0	0
743	392	0	0
744	396	1	0
745	398	0	0
746	427	1	0
747	392	2	0
748	370	2	0
749	363	0	0
750	378	3	0
751	367	0	0
752	367	1	0
753	350	0	0
754	394	0	0
755	352	0	0
756	368	1	0
757	342	1	0
758	330	0	1
759	321	0	0
760	323	0	0
761	326	1	0
762	301	1	0
763	290	2	0
764	304	0	0
765	315	1	0
766	307	0	0
767	291	2	0
768	278	0	0
769	292	0	0
770	283	0	0
771	264	0	0
772	257	2	0
773	280	1	1
774	274	1	0
775	285	1	0
776	310	1	0
777	296	1	0
778	252	0	0
779	261	0	0
780	261	1	0
781	253	3	0
782	243	0	0
783	253	1	0
784	248	2	0
785	258	0	0
786	263	0	0
787	242	1	1
788	240	0	0
789	227	0	0
790	227	1	0
791	208	0	0
792	220	1	0
793	225	0	0
794	223	0	0
795	216	0	0
796	198	0	0
797	222	0	0
798	221	0	0
799	205	0	0
800	201	0	1
801	214	0	0
802	202	1	0
803	208	0	0
804	191	3	0
805	209	1	0
806	194	2	0
807	206	0	0
808	194	1	0
809	183	0	0
810	185	1	0
811	196	2	0
812	172	0	0
813	172	2	0
814	161	0	0
815	157	1	0
816	193	1	0
817	161	0	0
818	166	0	0
819	157	1	0
820	170	0	0
821	166	0	0
822	155	1	0
823	173	1	0
824	172	0	0
825	138	0	0
826	146	0	0
827	133	0	0
828	142	0	0
829	129	1	0
830	140	0	0
831	146	0	0
832	140	2	0
833	125	0	0
834	134	1	0
835	141	0	0
836	132	2	0
837	115	0	0
838	148	0	0
839	125	1	0
840	121	0	0
841	141	2	0
842	131	1	0
843	129	0	0
844	126	0	0
845	134	0	0
846	113	0	0
847	102	0	1
848	127	0	0
849	111	0	0
850	114	0	0
851	121	0	0
852	120	2	0
853	100	1	0
854	111	3	0
855	111	0	0
856	112	1	0
857	106	0	0
858	106	0	0
859	110	0	0
860	96	0	0
861	110	1	0
862	99	0	0
863	93	0	0
864	101	0	0
865	97	2	0
866	115	0	0
867	99	0	0
868	109	0	0
869	100	0	0
870	97	0	0
871	96	1	0
872	94	0	0
873	101	1	0
874	84	1	0
875	93	1	0
876	78	0	0
877	85	0	0
878	85	0	0
879	83	0	0
880	77	0	0
881	85	0	0
882	85	0	0
883	78	0	0
884	86	0	0
885	86	0	0
886	63	0	0
887	80	0	0
888	55	2	0
889	78	1	0
890	68	1	0
891	67	0	0
892	56	1	0
893	57	0	0
894	65	0	0
895	76	0	0
896	71	1	0
897	67	0	0
898	65	0	0
899	67	0	0
900	77	0	0
901	66	1	0
902	65	0	0
903	53	0	0
904	53	0	0
905	53	0	0
906	62	1	0
907	70	0	0
908	51	0	0
909	62	0	0
910	72	1	0
911	52	0	0
912	59	0	0
913	54	0	0
914	51	1	0
915	69	0	0
916	55	1	0
917	66	0	0
918	47	0	0
919	53	0	0
920	63	0	0
921	56	0	1
922	60	0	0
923	52	1	0
924	65	0	0
925	52	1	0
926	54	0	0
927	41	0	0
928	56	0	0
929	44	0	0
930	40	0	0
931	56	0	0
932	63	1	0
933	49	0	0
934	56	1	0
935	53	0	0
936	57	0	0
937	40	0	0
938	40	0	0
939	50	0	0
940	35	0	0
941	48	0	0
942	47	0	0
943	47	0	0
944	40	0	0
945	44	0	0
946	46	0	0
947	47	0	0
948	38	0	0
949	47	0	0
950	51	1	0
951	37	1	0
952	43	0	0
953	45	1	0
954	35	0	0
955	46	0	0
956	28	0	0
957	47	0	0
958	41	0	0
959	36	0	0
960	36	0	0
961	45	0	0
962	48	1	0
963	28	0	0
964	36	0	0
965	38	0	0
966	36	0	0
967	31	1	0
968	45	1	0
969	39	0	0
970	38	0	0
971	39	0	0
972	35	0	0
973	32	0	0
974	28	0	0
975	24	0	0
976	27	0	0
977	36	0	0
978	21	0	0
979	37	0	0
980	35	1	0
981	28	1	0
982	36	1	0
983	31	0	0
984	28	0	0
985	16	1	0
986	36	0	0
987	31	0	0
988	22	0	0
989	21	0	0
990	26	0	0
991	23	0	0
992	32	0	0
993	23	0	0
994	17	0	0
995	16	1	0
996	20	0	0
997	27	0	0
998	21	0	0
999	28	1	0
1000	24	1	0
1001	25	0	0
1002	20	0	0
1003	23	0	0
1004	22	0	0
1005	20	0	0
1006	25	0	0
1007	22	0	0
1008	21	1	0
1009	27	0	0
1010	21	0	0
1011	21	0	0
1012	20	0	0
1013	20	0	0
1014	16	2	0
1015	21	1	0
1016	24	0	0
1017	18	0	0
1018	14	1	0
1019	21	1	0
1020	25	0	0
1021	34	0	0
1022	20	0	0
1023	26	0	0
1024	23	0	0
1025	24	0	0
1026	19	0	0
1027	27	0	0
1028	19	0	0
1029	20	0	0
1030	14	0	0
1031	25	0	0
1032	21	0	0
1033	18	1	0
1034	16	1	0
1035	22	0	0
1036	14	1	0
1037	18	1	0
1038	7	0	0
1039	22	0	0
1040	20	0	0
1041	24	0	0
1042	23	0	0
1043	23	0	0
1044	20	1	0
1045	24	0	0
1046	25	0	0
1047	23	1	0
1048	29	1	0
1049	35	0	0
1050	27	0	0
1051	23	0	0
1052	23	1	0
1053	15	0	0
1054	21	0	0
1055	15	1	0
1056	12	0	0
1057	20	0	0
1058	18	1	0
1059	15	0	0
1060	16	1	0
1061	14	0	0
1062	20	0	0
1063	24	0	0
1064	24	0	0
1065	12	0	0
1066	14	0	0
1067	20	0	0
1068	20	0	0
1069	18	0	0
1070	23	0	0
1071	13	0	0
1072	18	0	0
1073	16	0	0
1074	19	0	0
1075	13	1	0
1076	16	0	0
1077	17	0	0
1078	11	0	0
1079	20	0	0
1080	16	1	0
1081	17	0	0
1082	15	0	0
1083	14	0	0
1084	14	0	0
1085	16	1	0
1086	13	0	0
1087	14	0	0
1088	14	0	0
1089	14	0	0
1090	14	0	0
1091	14	0	0
1092	20	0	0
1093	9	0	0
1094	17	0	0
1095	14	0	0
1096	12	0	1
1097	10	0	0
1098	11	0	0
1099	11	0	0
1100	7	0	0
1101	6	1	0
1102	5	0	0
1103	13	0	0
1104	8	0	0
1105	9	0	0
1106	10	0	0
1107	9	0	0
1108	9	0	0
1109	12	0	0
1110	11	1	0
1111	12	0	0
1112	10	0	0
1113	7	0	0
1114	8	0	0
1115	10	0	0
1116	6	0	0
1117	8	0	0
1118	8	0	0
1119	5	0	0
1120	13	0	0
1121	6	0	0
1122	9	2	0
1123	8	0	0
1124	8	0	0
1125	13	0	0
1126	6	0	0
1127	7	0	0
1128	10	0	0
1129	10	0	0
1130	6	0	0
1131	6	0	0
1132	5	0	0
1133	8	0	0
1134	6	0	0
1135	6	1	0
1136	4	0	0
1137	10	0	0
1138	2	0	0
1139	7	0	0
1140	7	0	0
1141	6	1	0
1142	6	0	0
1143	8	0	0
1144	7	0	0
1145	5	0	0
1146	9	0	0
1147	8	0	0
1148	5	0	0
1149	5	0	0
1150	7	1	0
1151	1	0	0
1152	8	0	0
1153	3	0	0
1154	10	0	0
1155	3	2	0
1156	5	0	0
1157	6	0	0
1158	5	0	0
1159	6	1	0
1160	7	0	0
1161	4	0	0
1162	9	0	0
1163	5	0	0
1164	2	0	0
1165	10	0	0
1166	2	0	0
1167	8	1	0
1168	4	0	0
1169	2	0	0
1170	8	1	0
1171	3	0	0
1172	7	0	0
1173	1	0	0
1174	3	1	0
1175	3	0	0
1176	2	1	0
1177	5	0	0
1178	2	1	0
1179	2	0	0
1180	5	0	0
1181	5	0	0
1182	1	0	0
1183	3	0	0
1184	7	0	0
1185	10	0	0
1186	3	0	0
1187	7	0	0
1188	3	0	0
1189	3	0	0
1190	2	0	0
1191	6	0	0
1192	4	0	0
1193	3	2	0
1194	3	0	0
1195	4	0	0
1196	4	0	0
1197	7	0	0
1198	4	0	0
1199	4	1	0
1200	3	0	0
1201	8	0	0
1202	5	0	0
1203	3	0	0
1204	6	0	1
1205	2	0	0
1206	7	0	0
1207	2	0	0
1208	1	0	0
1209	5	0	0
1210	1	0	0
1211	2	0	0
1212	7	0	0
1213	7	0	0
1214	6	0	0
1215	4	0	0
1216	6	0	0
1217	5	0	0
1218	5	0	0
1219	5	0	0
1220	6	0	0
1221	6	0	0
1222	3	0	0
1224	5	0	0
1225	1	0	0
1226	4	0	0
1227	5	0	0
1228	8	0	0
1229	8	0	0
1230	3	0	0
1231	2	0	1
1232	5	0	0
1233	3	0	0
1234	2	0	0
1235	5	0	0
1236	4	0	0
1237	1	0	0
1238	1	0	0
1239	6	1	0
1240	2	0	0
1241	2	0	0
1242	5	0	1
1243	2	0	0
1244	8	0	0
1245	4	0	0
1246	3	0	0
1247	2	0	0
1248	6	0	0
1249	3	0	0
1250	3	0	1
1251	6	0	0
1252	1	0	0
1253	4	0	0
1254	4	0	0
1255	6	0	0
1256	5	0	0
1257	5	0	0
1258	3	0	0
1259	1	0	0
1260	1	0	0
1261	5	0	1
1262	3	0	0
1263	8	0	0
1265	7	0	0
1266	4	0	0
1267	3	0	0
1268	9	0	0
1269	7	1	0
1270	6	0	0
1271	5	0	0
1272	2	0	0
1273	3	0	0
1274	8	0	0
1275	6	0	0
1276	8	0	0
1277	8	0	0
1278	4	0	0
1279	7	0	0
1280	7	0	0
1281	4	0	1
1282	3	0	1
1283	3	0	0
1284	1	0	0
1285	5	0	0
1286	3	0	0
1287	5	0	0
1288	7	0	0
1289	5	0	0
1290	4	0	0
1291	1	0	0
1292	8	0	1
1293	3	0	0
1294	4	0	0
1295	9	0	0
1296	6	1	0
1297	6	0	0
1298	6	1	0
1299	8	0	0
1300	4	0	0
1301	7	0	1
1302	3	0	0
1303	7	0	0
1304	6	0	0
1305	7	0	0
1306	4	0	0
1307	5	0	0
1309	4	0	0
1310	1	0	0
1311	3	0	0
1312	6	0	0
1313	4	0	0
1314	6	0	0
1315	9	0	0
1316	2	0	0
1317	3	0	0
1318	6	0	0
1319	2	0	0
1320	6	0	1
1321	5	0	0
1322	9	0	0
1323	2	0	0
1324	4	0	0
1325	3	0	0
1326	5	0	0
1327	3	0	0
1328	7	0	0
1329	2	0	0
1330	3	0	0
1331	3	0	0
1332	3	0	0
1333	2	0	0
1334	5	0	0
1335	5	1	0
1336	6	0	0
1337	2	1	0
1338	3	1	0
1339	2	0	0
1340	6	0	0
1341	3	0	0
1342	2	1	1
1343	4	0	0
1344	7	0	0
1345	9	0	0
1346	6	0	0
1347	7	1	0
1348	5	0	0
1349	7	0	0
1350	6	0	0
1351	4	0	0
1352	5	0	0
1353	9	0	0
1354	8	0	0
1355	11	0	0
1356	7	0	0
1357	7	0	0
1358	8	0	0
1359	10	0	0
1360	11	0	0
1361	7	0	0
1362	7	0	0
1363	15	0	0
1364	11	0	0
1365	14	0	0
1366	15	0	0
1367	14	0	1
1368	11	0	0
1369	10	0	0
1370	9	0	0
1371	13	0	0
1372	19	0	0
1373	9	0	0
1374	9	0	0
1375	11	0	0
1376	14	0	0
1377	14	0	0
1378	14	0	0
1379	12	0	0
1380	8	0	0
1381	17	0	0
1382	10	0	0
1383	19	0	0
1384	16	0	0
1385	13	0	0
1386	14	0	0
1387	9	0	0
1388	10	0	0
1389	10	0	0
1390	14	0	0
1391	19	0	0
1392	18	0	0
1393	15	0	0
1394	24	0	0
1395	18	0	0
1396	14	1	0
1397	23	0	0
1398	17	0	0
1399	22	0	0
1400	17	0	0
1401	20	0	0
1402	20	0	0
1403	19	0	0
1404	19	0	0
1405	16	0	0
1406	20	0	0
1407	20	0	0
1408	17	0	0
1409	13	1	0
1410	13	0	0
1411	18	0	0
1412	17	1	0
1413	14	0	0
1414	22	0	0
1415	15	0	0
1416	14	0	0
1417	21	0	0
1418	17	0	0
1419	24	0	0
1420	19	0	0
1421	15	1	0
1422	17	0	0
1423	23	0	0
1424	23	0	0
1425	19	0	0
1426	22	0	0
1427	23	0	0
1428	23	0	0
1429	19	0	0
1430	26	0	1
1431	20	0	0
1432	21	0	0
1433	26	1	0
1434	22	0	0
1435	25	0	0
1436	24	0	0
1437	26	0	0
1438	25	0	0
1439	25	0	0
1440	30	0	0
1441	20	0	0
1442	24	0	0
1443	19	0	0
1444	22	0	0
1445	25	0	0
1446	26	0	0
1447	30	0	0
1448	23	0	0
1449	23	0	0
1450	32	0	0
1451	27	0	0
1452	25	0	0
1453	23	0	0
1454	21	0	0
1455	27	0	0
1456	27	0	0
1457	26	0	0
1458	30	0	0
1459	17	0	0
1460	24	0	0
1461	24	0	0
1462	23	0	0
1463	33	0	0
1464	30	0	0
1465	29	1	0
1466	27	0	0
1467	23	0	0
1468	26	0	0
1469	28	0	0
1470	21	0	0
1471	22	0	0
1472	15	0	0
1473	19	0	0
1474	19	0	0
1475	17	0	0
1476	18	1	0
1477	20	0	0
1478	17	1	0
1479	17	0	0
1480	17	0	0
1481	20	0	0
1482	22	0	0
1483	22	0	0
1484	19	0	0
1485	16	0	0
1486	15	0	0
1487	22	0	0
1488	19	0	0
1489	13	0	0
1490	14	0	0
1491	12	0	0
1492	14	0	0
1493	14	0	0
1494	12	0	0
1495	14	0	0
1496	20	0	0
1497	15	0	0
1498	14	0	0
1499	16	0	0
1500	14	0	0
1501	8	0	0
1502	7	0	0
1503	9	0	0
1504	6	0	0
1505	9	0	0
1506	6	0	0
1507	12	0	0
1508	10	0	0
1509	10	0	0
1510	15	1	0
1511	16	0	0
1512	9	0	0
1513	11	0	0
1514	14	0	0
1515	15	1	0
1516	13	0	0
1517	11	0	1
1518	13	0	0
1519	11	0	0
1520	9	0	0
1521	12	0	0
1522	11	0	0
1523	12	0	0
1524	11	0	0
1525	10	0	0
1526	8	0	0
1527	8	0	0
1528	11	0	0
1529	9	0	0
1530	9	0	0
1531	10	0	0
1532	12	0	0
1533	10	0	0
1534	14	0	0
1535	11	0	0
1536	10	0	0
1537	9	0	0
1538	11	0	0
1539	12	0	0
1540	6	0	0
1541	8	0	0
1542	8	0	0
1543	14	0	0
1544	8	0	0
1545	11	0	0
1546	11	0	0
1547	5	0	0
1548	2	0	0
1549	9	0	0
1550	5	0	0
1551	6	0	0
1552	9	0	0
1553	9	0	1
1554	10	0	0
1555	8	0	0
1556	7	0	0
1557	4	0	0
1558	6	0	0
1559	6	0	0
1560	6	0	0
1561	7	0	0
1562	4	0	0
1563	4	0	0
1564	3	0	0
1565	2	0	0
1566	3	0	0
1567	6	0	0
1568	4	0	0
1569	6	0	0
1570	6	0	0
1571	6	0	0
1572	8	0	0
1573	3	0	0
1574	4	0	0
1575	10	0	0
1576	6	0	0
1577	9	0	0
1578	10	0	0
1579	13	0	0
1580	11	0	0
1581	5	0	0
1582	5	0	0
1583	6	0	0
1584	6	0	0
1585	4	0	0
1586	8	0	0
1587	8	0	0
1588	12	0	0
1589	8	0	0
1590	10	0	0
1591	14	0	0
1592	8	0	0
1593	7	0	0
1594	6	0	0
1595	5	0	0
1596	9	0	0
1597	6	0	0
1598	14	0	0
1599	10	0	0
1600	5	0	0
1601	10	0	0
1602	6	0	0
1603	8	0	0
1604	10	0	0
1605	11	0	0
1606	9	0	0
1607	7	0	0
1608	9	0	0
1609	8	0	0
1610	9	0	0
1611	9	0	0
1612	10	0	0
1613	7	0	0
1614	7	0	0
1615	9	0	0
1616	5	0	0
1617	2	0	0
1618	2	0	1
1619	8	0	0
1620	7	0	0
1621	4	0	0
1622	8	1	0
1623	5	0	0
1624	7	0	0
1625	10	0	0
1626	7	0	0
1627	1	0	0
1628	9	0	0
1629	7	0	0
1630	7	1	0
1631	6	0	0
1632	5	0	0
1633	14	0	0
1634	5	0	0
1635	11	0	1
1636	9	0	0
1637	7	0	0
1638	9	0	0
1639	7	0	0
1640	11	0	0
1641	7	0	0
1642	6	0	0
1643	6	0	0
1644	2	0	0
1645	2	0	0
1646	5	0	0
1647	3	0	0
1648	10	0	0
1649	3	0	0
1650	5	0	0
1651	3	0	0
1652	10	0	0
1653	6	0	0
1654	4	0	0
1655	8	0	0
1656	3	0	0
1657	7	0	0
1658	12	0	0
1659	8	1	1
1660	3	0	0
1661	4	0	0
1662	5	0	0
1663	3	0	0
1664	2	0	0
1665	5	0	0
1666	6	0	0
1667	6	0	0
1668	3	0	0
1669	3	0	0
1670	5	0	0
1671	3	0	0
1672	2	0	0
1673	8	0	0
1674	2	0	0
1675	2	0	0
1676	2	0	0
1677	4	0	0
1678	5	0	0
1679	3	0	0
1680	1	0	0
1681	3	0	0
1682	2	0	0
1683	4	0	0
1684	4	0	0
1685	2	0	0
1686	5	0	0
1687	2	0	0
1688	3	0	0
1689	1	0	0
1690	2	0	0
1691	6	0	0
1692	4	0	0
1693	4	0	0
1694	9	0	0
1695	5	0	0
1696	3	0	0
1697	6	0	0
1698	3	0	0
1699	15	1	0
1700	5	0	0
1701	1	0	0
1702	2	0	0
1703	3	0	0
1704	3	0	0
1705	4	0	0
1706	2	0	0
1707	1	0	0
1708	3	0	0
1709	2	1	0
1710	1	0	0
1711	3	0	0
1712	4	0	0
1713	4	0	0
1714	5	0	0
1715	4	0	0
1716	3	0	0
1718	3	0	0
1719	1	0	0
1720	3	0	0
1721	2	0	0
1722	2	0	0
1723	2	0	0
1724	4	0	0
1725	2	0	0
1726	2	0	0
1727	4	0	0
1728	7	0	0
1729	4	0	0
1730	4	0	0
1731	5	0	0
1732	5	0	0
1733	2	0	0
1734	1	0	0
1735	4	0	0
1736	4	0	0
1737	1	0	0
1738	6	1	0
1739	4	0	0
1740	3	0	0
1741	2	0	0
1742	5	0	0
1743	6	0	0
1744	3	0	0
1745	4	0	0
1746	1	0	0
1747	2	0	0
1748	3	0	0
1749	1	0	0
1750	5	0	0
1751	4	0	0
1752	2	0	0
1753	2	0	0
1754	7	0	0
1755	4	0	0
1756	4	0	0
1757	5	0	0
1758	7	0	0
1759	7	0	0
1760	4	0	0
1761	7	0	0
1762	3	0	0
1763	6	1	0
1764	7	0	0
1765	4	0	0
1766	6	0	0
1767	7	0	0
1768	5	0	0
1769	9	0	0
1770	5	1	0
1771	5	0	0
1772	7	0	0
1773	8	1	0
1774	9	0	0
1775	5	0	0
1776	4	0	0
1777	7	0	0
1778	6	0	0
1779	5	1	0
1780	4	0	0
1781	8	0	0
1782	9	1	0
1783	9	0	0
1784	10	0	0
1785	9	0	0
1786	9	0	0
1787	6	0	0
1788	10	0	0
1789	10	0	0
1790	5	0	0
1791	8	0	0
1792	9	0	0
1793	13	1	0
1794	9	0	0
1795	9	0	0
1796	7	0	0
1797	5	0	0
1798	8	0	0
1799	6	0	0
1800	8	0	0
1801	8	0	0
1802	8	0	0
1803	6	0	0
1804	5	0	0
1805	5	0	0
1806	8	0	0
1807	7	0	0
1808	10	0	0
1809	9	0	0
1810	7	0	0
1811	11	0	0
1812	5	0	0
1813	8	0	0
1814	8	0	0
1815	6	1	0
1816	8	0	0
1817	4	0	0
1818	5	0	0
1819	10	0	0
1820	14	0	0
1821	6	1	0
1822	6	0	0
1823	8	0	0
1824	5	0	0
1825	9	0	0
1826	8	0	0
1827	2	0	0
1828	7	0	0
1829	6	1	0
1830	7	0	0
1831	3	0	0
1832	15	1	0
1833	6	0	0
1834	27	0	0
1835	12	0	0
1836	17	0	0
1837	21	0	0
1838	5	0	0
1839	6	0	0
1840	6	0	0
1841	2	0	0
1842	3	0	0
1843	5	0	0
1844	8	0	0
1845	5	0	0
1846	8	0	0
1847	6	0	1
1848	4	0	0
1849	6	0	0
1850	4	0	0
1851	3	0	0
1852	3	0	0
1853	8	0	0
1854	24	0	0
1855	26	0	0
1856	24	0	1
1857	14	0	0
1858	29	0	0
1859	14	0	0
1860	8	0	0
1861	1	0	0
1862	1	0	0
1863	4	0	0
1864	3	0	0
1865	3	0	0
1866	2	0	0
1867	4	0	0
1868	3	0	0
1869	1	0	0
1870	4	0	0
1871	3	1	0
1872	3	0	0
1873	5	0	0
1874	7	0	0
1875	3	1	0
1876	4	1	0
1877	2	0	0
1878	7	0	0
1879	7	0	0
1880	3	0	0
1881	3	0	0
1882	4	0	0
1883	4	0	1
1884	4	0	0
1885	4	0	0
1886	3	0	0
1887	0	1	0
1888	2	0	0
1889	3	1	0
1890	7	0	0
1891	4	0	0
1892	5	0	0
1894	4	0	0
1895	3	0	1
1896	3	0	0
1897	3	0	0
1898	1	0	0
1900	1	0	0
1901	1	0	0
1902	3	0	0
1903	1	0	0
1904	3	0	0
1907	2	0	1
1909	3	0	0
1910	1	0	0
1911	1	0	0
1912	2	0	0
1913	1	1	0
1914	2	0	0
1916	3	1	0
1919	2	0	0
1920	1	0	0
1922	0	1	0
1923	2	0	0
1924	2	0	0
1925	2	0	0
1926	1	0	0
1927	1	0	0
1928	2	0	0
1929	1	0	0
1930	2	0	0
1931	7	0	0
1932	1	0	0
1933	2	0	0
1934	2	0	0
1935	5	0	0
1936	2	0	0
1937	2	0	0
1938	1	0	0
1939	2	0	0
1941	1	0	0
1943	1	0	0
1944	3	0	0
1945	1	0	0
1946	2	0	0
1947	1	0	0
1949	5	0	0
1950	1	0	0
1951	2	0	0
1952	64	0	0
1953	5	0	0
1956	2	0	0
1958	2	0	0
1959	1	0	0
1960	3	0	0
1961	1	0	0
1962	3	0	0
1963	1	0	0
1964	1	0	0
1966	1	0	0
1967	1	0	0
1968	2	0	0
1970	1	0	0
1971	2	0	0
1972	1	0	0
1973	1	0	0
1976	1	0	0
1977	2	0	0
1981	1	0	0
1982	1	0	0
1983	1	0	0
1984	1	0	0
1986	1	0	0
1988	1	0	0
1990	1	0	0
1992	2	0	0
1994	1	0	0
1996	0	1	0
1997	1	1	0
2002	1	0	0
2005	1	0	0
2009	2	0	0
2012	1	0	0
2019	1	0	0
2025	1	0	0
2027	1	0	0
2031	1	0	0
2036	1	0	0
2038	2	0	0
2040	0	0	1
2044	1	0	0
2048	1	0	0
2050	1	0	0
2052	1	0	0
2053	1	0	0
2056	0	0	1
2061	0	1	0
2073	0	0	1
2079	1	0	0
2083	2	0	0
2088	1	0	0
2090	1	0	0
2091	2	0	0
2103	1	0	0
2104	1	0	0
2106	1	0	0
2110	0	1	0
2111	1	0	0
2123	1	0	0
2134	1	0	0
2141	1	0	0
2144	1	0	0
2151	0	0	1
2165	1	0	0
2171	1	0	0
2172	1	0	0
2180	0	0	1
2190	1	0	0
2193	1	0	0
2194	1	0	0
2200	1	0	0
2201	0	1	0
2202	1	0	0
2205	1	0	0
2211	1	0	0
2220	1	0	0
2226	0	1	0
2239	1	0	0
2242	1	0	0
2247	1	0	0
2256	1	0	0
2289	1	0	0
2293	1	0	0
2313	1	0	0
2326	1	0	0
2334	2	0	0
2335	2	0	0
2337	2	0	0
2338	3	0	0
2339	3	0	0
2340	4	0	0
2341	3	0	0
2342	2	0	0
2343	2	0	0
2344	1	0	0
2345	4	0	0
2346	3	0	0
2347	2	0	0
2348	4	0	0
2350	1	0	0
2351	1	0	0
2352	4	0	0
2353	6	0	0
2354	4	0	0
2355	2	0	0
2356	2	0	0
2357	1	0	0
2358	3	0	0
2359	1	0	0
2360	5	0	0
2361	3	0	0
2362	4	0	0
2363	4	0	0
2364	3	0	0
2365	5	0	1
2366	3	0	0
2367	3	0	0
2368	6	0	0
2369	4	0	0
2370	3	0	0
2371	3	0	0
2372	5	0	0
2373	6	0	0
2374	9	0	0
2375	6	0	0
2376	4	0	0
2377	4	0	0
2378	8	0	0
2379	3	0	0
2380	9	0	0
2381	4	0	0
2382	1	0	0
2383	1	0	0
2384	7	0	0
2385	5	0	0
2386	7	0	0
2387	5	0	0
2388	4	0	0
2389	5	0	0
2390	2	0	0
2391	2	0	0
2392	3	0	0
2393	5	0	0
2394	3	0	0
2395	6	0	0
2396	7	0	0
2397	7	0	0
2398	6	0	0
2399	4	0	0
2400	8	0	0
2401	5	0	0
2402	2	0	0
2403	7	0	0
2404	4	0	0
2405	7	0	0
2406	6	0	0
2407	5	0	0
2408	2	0	0
2409	4	0	0
2410	7	0	0
2411	9	0	0
2412	7	0	0
2413	7	0	0
2414	5	0	0
2415	8	0	0
2416	3	0	0
2417	10	0	0
2418	12	0	0
2419	4	0	0
2420	4	0	0
2421	5	0	0
2422	1	0	0
2423	6	0	0
2424	3	0	0
2425	1	0	0
2426	7	0	0
2427	3	0	0
2428	7	0	0
2429	5	0	0
2430	3	0	0
2431	2	0	0
2432	5	0	0
2433	1	0	0
2434	4	0	0
2435	2	0	0
2436	5	0	0
2437	5	0	0
2438	5	0	0
2439	5	0	0
2440	4	0	0
2441	5	0	0
2442	6	0	0
2443	2	0	0
2444	6	0	0
2445	4	0	0
2446	9	0	0
2447	3	0	0
2448	2	0	0
2449	5	0	0
2450	3	0	0
2451	7	0	0
2452	3	0	0
2453	2	0	0
2454	2	0	0
2455	2	0	0
2456	4	0	0
2457	4	0	0
2458	6	0	0
2459	7	0	0
2460	5	0	0
2461	3	0	0
2462	5	0	0
2463	4	0	0
2464	5	0	0
2465	3	0	0
2466	6	0	0
2467	7	0	0
2468	4	0	0
2469	5	0	0
2470	7	0	0
2471	9	0	0
2472	5	0	0
2473	4	0	0
2474	7	0	0
2475	5	0	0
2476	2	0	0
2477	4	0	0
2478	5	0	0
2479	3	0	0
2480	7	0	0
2481	8	0	0
2482	5	0	0
2483	6	0	0
2484	2	0	0
2485	4	0	0
2486	2	0	0
2487	5	0	0
2488	3	0	0
2489	3	0	0
2490	5	0	0
2491	5	0	0
2492	5	0	0
2493	1	0	0
2494	1	0	0
2495	3	0	0
2496	5	0	0
2497	4	0	0
2498	3	0	0
2499	5	0	0
2500	5	0	0
2502	5	0	0
2503	4	0	0
2504	2	0	0
2505	3	0	0
2506	4	0	0
2507	4	0	0
2508	2	0	0
2509	3	0	0
2510	3	0	0
2511	3	0	0
2512	3	0	0
2513	5	0	0
2514	5	0	0
2515	2	0	0
2516	4	0	0
2517	5	0	0
2518	3	0	0
2519	1	0	0
2520	1	0	0
2521	1	0	0
2524	4	0	0
2525	3	0	0
2526	2	0	0
2527	2	0	0
2528	2	0	0
2529	2	0	0
2530	4	0	0
2531	1	0	0
2532	4	0	0
2533	3	0	0
2534	2	0	0
2535	2	0	0
2536	3	0	0
2537	3	0	0
2538	3	0	0
2539	4	0	0
2540	2	0	0
2542	4	0	0
2544	2	0	0
2545	1	0	0
2547	1	0	0
2548	2	0	0
2549	1	0	0
2552	1	0	0
2553	1	0	0
2557	1	0	0
2560	1	0	0
2561	1	0	0
2563	1	0	0
2569	1	0	0
2570	1	0	0
2572	1	0	0
2576	2	0	0
2578	2	0	0
2579	1	0	0
2580	1	0	0
2581	2	0	0
2582	2	0	0
2583	1	0	0
2586	2	0	0
2590	1	0	0
2591	2	0	0
2593	1	0	0
2596	1	0	0
2601	1	0	0
2602	1	0	0
2603	1	0	0
2604	1	0	0
2605	1	0	0
2609	1	0	0
2614	1	0	0
2627	1	0	0
2633	1	0	0
2636	1	0	0
2640	1	0	0
2647	2	0	0
2648	2	0	0
2655	2	0	0
2656	1	0	0
2657	1	0	0
2658	3	0	0
2664	1	0	0
2665	1	0	0
2667	1	0	0
2669	2	0	0
2670	2	0	0
2671	1	0	0
2673	1	0	0
2675	4	0	0
2677	2	0	0
2678	1	1	0
2679	3	0	0
2680	1	0	0
2681	3	0	0
2682	2	0	1
2683	2	0	0
2684	5	0	0
2685	1	0	0
2687	1	0	0
2688	1	0	0
2689	2	0	0
2690	2	0	0
2692	2	0	0
2693	3	1	0
2694	1	0	0
2695	5	0	0
2696	2	0	0
2697	4	0	0
2698	4	0	0
2699	5	0	0
2700	5	0	0
2702	3	0	0
2703	2	0	0
2704	3	0	0
2705	4	0	0
2706	4	0	0
2707	1	0	0
2708	1	0	0
2709	2	0	0
2710	3	0	0
2711	3	0	0
2712	3	0	0
2713	2	0	2
2714	14	0	0
2715	17	0	0
2716	4	0	0
2717	1	0	0
2718	7	0	0
2719	9	0	0
2720	5	0	0
2721	5	0	0
2722	2	0	0
2723	3	0	0
2724	2	0	0
2725	7	0	0
2726	6	0	0
2727	7	0	0
2728	6	0	0
2729	4	0	0
2730	5	0	0
2731	2	0	0
2732	6	0	0
2733	5	0	0
2734	4	0	0
2735	4	0	0
2736	4	0	0
2737	6	0	0
2738	9	0	0
2739	7	0	0
2740	7	0	0
2741	7	0	0
2742	5	0	0
2743	6	0	0
2744	2	0	0
2745	9	0	0
2746	6	0	0
2747	9	0	0
2748	15	0	0
2749	7	0	0
2750	7	0	0
2751	7	0	0
2752	6	0	0
2753	3	0	0
2754	3	0	0
2755	3	0	0
2756	2	0	0
2757	4	0	0
2758	4	0	0
2759	3	0	0
2760	5	0	0
2761	1	0	0
2762	4	0	0
2763	7	0	0
2764	9	0	0
2766	4	0	0
2767	6	0	0
2768	3	0	0
2769	11	0	0
2770	5	0	0
2771	7	0	0
2774	4	0	0
2775	2	0	0
2776	6	0	0
2777	3	0	0
2778	2	0	0
2779	1	0	0
2780	3	0	0
2781	1	0	1
2784	1	0	0
2787	2	0	0
2788	1	0	0
2789	2	0	0
2791	1	0	0
2792	3	0	0
2793	2	0	0
2794	1	0	0
2795	1	0	0
2797	1	0	0
2798	1	0	0
2799	5	0	0
2800	2	0	0
2801	2	0	0
2802	1	0	0
2803	2	0	0
2804	4	0	0
2805	1	0	0
2809	2	0	0
2810	2	0	0
2811	1	0	0
2812	2	0	0
2813	1	0	0
2815	4	0	0
2816	1	1	0
2817	1	0	0
2819	1	0	0
2820	1	0	0
2822	1	0	0
2824	1	0	0
2825	1	0	0
2826	1	0	0
2827	1	0	0
2830	2	0	0
2831	1	0	0
2834	1	0	0
2838	2	0	0
2839	1	0	0
2840	1	0	0
2842	1	0	0
2844	1	0	0
2846	2	0	0
2847	1	0	0
2849	1	0	0
2853	1	0	0
2855	1	0	0
2857	1	0	0
2859	0	1	0
2860	1	0	0
2862	1	0	0
2868	1	0	0
2869	1	0	0
2872	1	0	0
2877	1	0	0
2885	0	0	1
2894	1	0	0
2900	1	0	0
2901	1	0	0
2902	1	0	0
2908	2	0	0
2912	1	0	0
2915	1	0	0
2950	0	1	0
2960	1	0	0
2964	2	0	0
2970	1	0	0
2971	1	0	0
2987	1	0	0
2995	1	0	0
3004	0	1	0
3011	1	0	0
3013	1	0	0
3016	0	1	0
3021	1	0	0
3026	1	0	0
3034	1	1	0
3037	1	0	0
3044	1	0	0
3045	1	0	0
3046	1	0	0
3047	1	0	0
3048	1	0	0
3050	1	0	0
3061	0	1	0
3077	0	1	0
3081	1	0	0
3096	1	0	0
3112	0	1	0
3115	0	1	0
3122	0	0	1
3126	0	1	0
3148	1	0	0
3149	0	1	0
3151	1	0	0
3156	0	1	0
3161	1	0	0
3186	0	1	0
3202	1	0	0
3209	0	1	0
3210	0	1	0
3240	0	1	0
3262	0	1	0
3266	0	0	1
3280	1	0	0
3283	1	0	0
3288	1	0	0
3291	0	1	0
3293	1	0	0
3296	0	2	0
3312	0	1	0
3319	0	1	0
3328	0	0	1
3331	1	0	0
3334	0	1	0
3345	0	1	0
3356	0	1	0
3359	0	1	0
3364	0	1	0
3369	0	1	0
3370	0	1	0
3399	0	1	0
3499	0	1	0
3502	0	1	0
3509	0	0	1
3529	0	1	0
3570	1	0	0
3578	1	0	0
3593	0	1	0
3623	1	0	0
3639	1	0	0
3649	1	0	0
3651	0	1	0
3652	0	1	0
3663	0	1	0
3676	0	1	0
3704	0	1	0
3722	0	1	0
3723	0	1	0
3724	0	1	0
3725	0	1	0
3742	0	1	0
3744	0	1	0
3791	0	0	1
3797	1	0	0
3837	0	1	0
3866	1	0	0
3873	1	0	0
3878	0	0	1
3908	1	0	0
3946	1	0	0
3998	1	0	0
4014	1	0	0
4024	1	0	0
4028	1	0	0
4033	1	0	0
4036	1	0	0
4037	1	0	0
4038	1	0	0
4041	1	0	0
4043	0	0	1
4049	1	0	0
4050	1	0	0
4054	1	0	0
4055	1	0	1
4057	1	0	0
4058	1	0	0
4060	1	0	0
4061	2	0	0
4062	1	0	0
4064	2	0	0
4065	2	0	0
4067	1	0	0
4068	2	0	0
4070	2	0	0
4071	1	0	0
4073	2	0	0
4077	2	0	0
4078	1	0	0
4079	1	0	0
4081	2	0	0
4082	2	0	1
4083	1	0	0
4084	3	0	0
4086	1	0	0
4087	2	0	0
4088	1	0	0
4089	4	0	0
4090	2	0	0
4091	3	0	0
4092	4	0	0
4093	1	0	0
4095	2	0	0
4096	2	0	0
4097	3	0	0
4098	3	0	0
4099	2	0	0
4100	3	0	0
4101	2	0	0
4102	2	0	0
4103	4	0	0
4104	2	0	0
4105	2	0	0
4107	5	0	0
4109	6	0	0
4110	5	0	0
4111	4	0	0
4112	2	0	0
4113	1	0	0
4114	4	0	0
4115	1	0	0
4116	4	0	0
4117	3	0	0
4118	2	0	0
4119	5	0	0
4120	1	0	0
4121	2	0	0
4122	2	0	0
4123	4	0	0
4124	4	0	0
4125	3	0	0
4126	4	0	0
4127	3	0	0
4128	1	0	0
4129	2	0	0
4130	2	0	0
4131	3	0	0
4132	2	0	0
4133	1	0	0
4134	2	0	0
4137	1	0	0
4138	3	0	0
4139	1	0	0
4140	2	0	0
4141	2	0	0
4142	1	0	1
4143	1	0	0
4144	1	0	0
4146	1	0	0
4147	2	0	0
4148	3	0	0
4149	1	0	0
4150	2	0	0
4151	1	0	0
4154	1	0	0
4156	1	0	0
4157	2	0	0
4158	1	0	0
4159	3	0	0
4160	2	0	0
4161	4	0	0
4163	2	0	0
4165	2	0	0
4166	1	0	0
4167	2	0	0
4168	1	0	0
4169	1	0	0
4170	1	0	0
4172	2	0	0
4174	1	0	0
4175	1	0	0
4176	1	0	0
4177	1	0	0
4181	1	0	0
4183	2	0	0
4184	1	0	0
4185	1	0	0
4189	1	0	0
4190	2	0	0
4194	1	0	0
4197	1	0	0
4199	3	0	0
4200	1	0	0
4204	1	0	0
4205	2	0	0
4206	1	0	0
4207	1	0	0
4208	1	0	0
4210	1	0	0
4211	2	0	0
4213	1	0	0
4215	3	0	0
4216	1	0	0
4218	2	0	0
4219	1	0	0
4220	2	0	0
4221	1	0	0
4222	2	0	0
4223	3	0	0
4227	2	0	0
4228	4	0	0
4230	1	0	0
4232	2	0	0
4233	1	0	0
4234	1	0	0
4237	3	0	0
4238	2	0	0
4239	3	0	0
4240	1	0	0
4241	2	0	0
4242	3	0	0
4243	1	0	0
4244	5	0	0
4245	4	0	0
4246	1	0	0
4248	1	0	0
4249	1	0	0
4250	2	0	0
4251	1	0	0
4252	1	0	0
4253	2	0	0
4254	2	0	0
4255	2	0	0
4256	1	0	0
4257	4	0	0
4260	1	0	0
4261	1	0	0
4263	1	0	0
4264	1	0	0
4265	1	0	0
4266	2	0	0
4267	1	0	0
4268	3	0	0
4269	2	0	0
4270	2	0	0
4271	4	0	0
4273	2	0	0
4274	3	0	0
4275	3	0	0
4276	1	0	0
4277	3	0	0
4278	4	0	1
4280	7	0	0
4281	5	0	0
4283	2	0	0
4284	4	0	0
4285	1	0	0
4286	2	0	0
4287	2	0	0
4288	1	0	0
4289	1	0	0
4290	4	0	0
4291	5	0	0
4292	2	0	0
4293	6	0	0
4294	1	0	0
4295	1	0	0
4296	1	0	0
4297	5	0	0
4299	1	0	0
4300	1	0	0
4301	4	0	0
4302	2	0	0
4304	1	0	0
4305	1	0	0
4306	1	0	0
4307	2	0	0
4308	3	0	0
4309	2	0	0
4310	1	0	0
4311	3	0	0
4312	1	0	0
4313	1	0	0
4315	1	0	0
4316	1	0	0
4317	5	0	0
4318	1	0	0
4320	1	0	0
4322	3	0	0
4324	3	0	0
4325	4	0	0
4326	1	0	0
4327	3	0	0
4328	2	0	0
4330	5	0	0
4331	1	0	0
4332	4	1	0
4333	1	0	0
4335	1	0	0
4336	1	0	0
4337	1	0	0
4340	1	0	0
4341	1	0	0
4343	1	0	0
4344	2	0	0
4345	1	0	0
4346	1	0	0
4347	1	0	0
4348	1	0	0
4349	1	0	0
4350	1	0	0
4353	1	0	0
4354	1	0	0
4356	2	0	0
4360	1	0	0
4361	1	0	0
4364	1	0	0
4368	1	0	0
4370	1	0	0
4376	1	0	0
4378	1	0	0
4381	1	0	0
4382	3	0	0
4383	2	0	0
4384	1	0	0
4386	1	0	0
4388	1	0	0
4391	1	0	0
4392	1	0	0
4393	1	1	0
4396	1	0	0
4397	1	0	0
4400	1	0	0
4402	1	0	0
4403	1	0	0
4408	1	0	0
4409	2	0	0
4421	2	0	0
4422	1	0	0
4425	1	0	0
4427	1	0	0
4430	1	0	0
4432	1	0	0
4434	1	0	0
4435	1	0	0
4436	1	0	0
4437	1	0	0
4438	1	0	0
4440	1	0	0
4442	2	0	0
4444	2	0	0
4446	1	0	0
4448	1	0	0
4449	2	0	0
4464	0	0	1
4481	1	0	0
4482	1	0	0
4483	1	0	0
4484	1	0	0
4490	1	0	0
4491	1	0	0
4493	1	0	0
4498	1	0	0
4501	1	0	0
4503	1	0	0
4508	1	0	0
4513	1	0	0
4514	0	1	0
4522	1	0	0
4538	1	0	0
4542	1	0	0
4547	1	0	0
4551	1	0	0
4557	2	0	0
4565	0	1	0
4600	1	0	0
4603	1	0	0
4606	1	0	0
4620	0	1	0
4622	1	0	0
4626	1	0	0
4634	0	1	0
4646	0	1	0
4649	0	1	0
4652	0	1	0
4664	1	0	0
4666	1	0	0
4668	0	1	0
4674	0	1	0
4682	0	1	0
4691	0	2	0
4695	1	0	0
4705	0	1	0
4732	0	1	0
4744	0	1	0
4749	1	0	0
4775	0	1	0
4824	0	1	0
4833	0	1	0
4834	0	1	0
4839	1	0	0
4849	0	1	0
4889	0	1	0
4891	0	2	0
4906	0	1	0
4922	0	1	0
4933	0	1	0
4943	0	2	0
4974	0	1	0
4998	0	1	0
5000	0	0	1
5008	0	1	0
5015	0	1	0
5029	0	1	0
5033	0	1	0
5036	0	1	0
5040	0	1	0
5072	0	1	0
5079	0	2	0
5080	0	1	0
5097	0	1	0
5109	0	1	0
5127	1	0	0
5130	1	0	0
5150	1	0	0
5152	1	0	0
5155	1	0	0
5159	1	0	0
5165	1	0	0
5166	1	0	0
5168	3	0	0
5170	1	0	0
5172	1	0	0
5173	1	0	0
5176	1	0	0
5177	1	0	0
5179	1	0	0
5180	2	0	0
5181	1	0	0
5182	3	0	0
5183	2	0	0
5184	1	0	0
5185	1	0	0
5186	1	0	0
5188	2	0	0
5193	2	0	0
5194	1	0	0
5197	1	0	0
5198	1	0	0
5199	1	0	0
5203	1	0	0
5204	1	0	0
5207	1	0	0
5208	1	0	0
5210	2	0	0
5220	1	0	0
5221	1	0	0
5222	1	0	0
5223	2	0	0
5224	1	0	0
5227	1	0	0
5231	1	0	0
5238	1	0	0
5240	1	0	0
5246	1	0	0
5248	1	0	0
5250	1	0	0
5251	1	0	0
5254	2	0	0
5259	1	0	0
5260	1	0	0
5265	1	0	0
5275	1	0	0
5292	2	0	0
5298	0	1	0
5299	1	0	0
5307	1	0	0
5312	0	1	0
5344	0	1	0
5362	0	1	0
5372	1	0	0
5386	0	1	0
5387	0	1	0
5388	0	1	0
5390	0	2	0
5408	0	1	0
5432	0	1	0
5504	0	0	1
5528	0	0	1
5565	0	0	1
5637	0	1	0
5676	1	0	0
5694	1	0	0
5745	1	0	0
5751	1	0	0
5752	0	0	1
5759	0	0	1
5776	1	0	0
5777	1	0	0
5778	1	0	0
5780	1	0	0
5788	2	0	0
5795	2	0	0
5799	1	0	0
5824	0	0	1
5832	1	0	0
5841	1	0	0
5895	1	0	0
5898	1	0	0
5913	1	0	0
5929	0	1	0
5946	0	0	1
6076	1	0	0
6123	1	0	0
6134	1	0	0
6140	1	0	0
6146	1	0	0
6169	1	0	0
6192	1	0	0
6212	1	0	0
6239	1	0	0
6252	1	0	0
6260	0	1	0
6278	1	0	0
6306	1	0	1
6335	1	0	0
6336	1	0	0
6361	1	0	0
6369	1	0	0
6452	1	0	0
6519	1	0	0
6563	1	0	0
6583	1	0	0
6587	0	0	1
6621	0	0	1
6633	1	0	0
6639	1	0	0
6643	1	0	0
6648	1	0	0
6650	0	0	1
6651	1	0	0
6670	1	0	0
6678	1	0	0
6680	1	0	0
6681	2	0	0
6682	1	0	0
6683	1	0	0
6686	2	0	0
6687	2	0	0
6689	2	0	0
6690	1	0	0
6691	2	0	0
6692	2	0	0
6693	2	0	0
6694	2	0	0
6695	1	0	0
6696	3	0	0
6697	1	0	0
6698	5	0	0
6699	3	0	0
6700	3	0	0
6701	3	0	0
6703	2	0	0
6704	2	0	0
6705	1	0	0
6706	3	0	0
6707	3	0	0
6708	2	0	0
6709	2	0	0
6710	3	0	0
6711	2	0	0
6712	5	0	0
6713	2	0	0
6714	4	0	0
6715	4	0	0
6716	3	0	0
6717	2	0	0
6718	4	0	0
6719	3	0	0
6720	4	0	0
6721	5	0	0
6722	1	0	0
6723	2	0	0
6724	3	0	0
6726	1	0	0
6727	6	0	0
6728	4	0	0
6729	3	0	0
6730	6	0	0
6731	4	0	0
6732	6	0	0
6733	7	0	0
6734	2	0	1
6735	9	0	0
6736	5	0	0
6737	3	0	0
6738	5	0	0
6739	4	0	0
6740	7	0	0
6741	9	0	0
6742	12	0	0
6743	7	0	0
6744	10	0	0
6745	8	0	0
6746	8	0	0
6747	4	0	0
6748	5	0	0
6749	7	0	0
6750	5	0	0
6751	5	0	0
6752	3	0	0
6753	5	0	0
6754	3	0	0
6755	5	0	0
6756	4	0	0
6757	5	0	0
6758	2	0	0
6759	6	0	0
6760	6	0	0
6761	4	0	1
6762	7	0	0
6763	7	0	0
6764	5	0	0
6765	3	0	0
6767	2	0	0
6768	3	0	0
6769	4	0	0
6770	4	0	0
6771	6	0	0
6772	6	0	0
6773	4	0	0
6774	4	0	0
6775	2	0	0
6776	7	0	0
6777	4	0	0
6778	4	0	0
6779	4	0	0
6780	6	0	0
6781	3	0	0
6782	1	0	0
6783	2	0	0
6784	1	0	0
6785	3	0	0
6786	7	0	0
6787	5	0	0
6788	2	0	0
6789	3	0	0
6790	2	0	0
6791	2	0	0
6792	5	0	0
6793	5	0	0
6794	1	0	0
6795	3	0	0
6796	1	0	0
6797	3	0	0
6798	2	0	0
6799	1	0	0
6800	2	0	0
6801	3	0	0
6802	1	0	0
6803	3	0	0
6805	1	0	0
6806	2	0	0
6807	3	0	0
6808	1	0	0
6809	2	0	0
6810	5	0	0
6811	3	0	0
6812	3	0	0
6813	2	0	0
6815	1	0	0
6816	3	0	0
6817	1	0	0
6818	3	0	0
6819	3	0	0
6820	1	0	0
6821	1	0	0
6822	2	0	0
6823	2	0	0
6824	1	0	0
6826	1	0	0
6827	1	0	0
6830	3	0	0
6831	2	0	0
6832	1	0	0
6833	2	0	0
6835	1	0	0
6836	1	0	0
6837	2	0	0
6838	1	0	0
6839	2	0	0
6840	1	0	0
6841	1	0	0
6842	2	0	0
6843	1	0	0
6847	2	0	0
6848	3	0	0
6850	2	0	0
6851	1	0	0
6852	1	0	0
6861	1	0	0
6862	1	0	0
6863	2	0	0
6869	1	0	0
6873	2	0	0
6877	1	0	0
6881	1	0	0
6884	1	0	0
6885	1	0	0
6917	1	0	0
6919	0	1	0
6926	1	1	0
6938	1	0	0
6961	0	1	0
6975	1	0	0
6991	1	0	0
7009	1	0	0
7010	1	1	0
7018	1	0	0
7022	1	0	0
7029	1	0	0
7051	1	0	0
7059	1	0	0
7069	1	1	0
7072	0	1	0
7075	1	0	0
7079	1	0	0
7087	1	0	0
7088	1	0	0
7098	0	1	0
7118	1	1	0
7120	1	0	0
7130	1	0	0
7149	0	1	0
7171	0	1	0
7181	0	2	0
7208	1	0	0
7210	0	1	0
7242	0	0	1
7244	0	1	0
7253	0	1	0
7258	1	0	0
7263	1	0	0
7301	1	0	0
7353	0	0	1
7419	0	1	0
7519	0	0	1
7530	1	0	0
7540	0	0	1
7625	1	0	0
7644	0	0	2
7669	0	0	3
7700	0	0	1
7844	1	0	0
7868	1	0	0
7873	0	0	1
7878	1	0	0
7882	2	0	0
7884	1	0	0
7893	1	0	0
7911	2	0	0
7916	2	0	0
7917	1	0	0
7919	1	0	0
7922	1	0	0
7923	1	0	0
7926	1	0	0
7927	1	0	1
7929	1	0	0
7932	2	0	0
7935	1	0	0
7940	1	0	0
7941	1	0	0
7944	1	0	0
7949	1	0	0
7950	1	0	0
7954	1	0	0
7958	1	0	0
7964	2	0	0
7970	1	0	0
7971	1	0	0
7973	1	0	0
7976	2	0	0
7979	2	0	0
7980	1	0	0
7984	2	0	0
7992	1	0	0
7994	1	0	0
7999	1	0	0
8000	1	0	0
8001	2	0	0
8003	1	0	0
8004	1	0	0
8008	1	0	0
8009	1	0	0
8010	1	0	0
8011	1	0	0
8014	2	0	0
8015	1	0	0
8018	1	0	0
8019	1	0	0
8024	1	0	0
8025	0	0	1
8047	0	0	1
8052	1	0	0
8053	1	0	0
8054	1	0	0
8062	1	0	0
8077	1	0	0
8085	0	0	1
8141	0	0	1
8153	0	0	1
8163	0	0	1
8184	0	0	1
8303	1	0	0
8323	1	0	0
8386	1	0	0
8400	0	1	0
8435	0	1	0
8470	1	0	0
8522	0	2	0
8524	1	1	0
8525	0	1	0
8526	0	1	0
8528	0	1	0
8533	0	1	0
8535	0	1	0
8536	0	1	0
8537	0	0	1
8540	0	1	0
8544	0	1	0
8547	0	1	0
8563	0	1	0
8585	0	1	0
8594	0	1	0
8597	0	0	1
8599	0	2	0
8601	1	1	0
8607	0	2	0
8610	0	1	0
8611	0	1	0
8615	0	1	0
8618	0	1	0
8623	0	1	0
8627	0	1	0
8637	0	1	0
8727	0	1	0
8782	0	1	0
8812	0	1	0
8824	0	1	0
8830	0	0	1
8863	0	1	0
8867	0	1	0
8884	0	1	0
8889	0	1	0
8892	0	1	0
8895	0	1	0
8897	0	2	0
8898	0	1	0
8911	0	1	0
8915	0	1	0
8917	0	1	0
8919	0	1	0
8925	0	1	0
8927	0	1	0
8929	0	2	0
8934	0	1	0
8935	0	1	0
8946	0	1	0
8950	0	1	0
8955	0	1	0
8956	0	2	0
8958	0	1	0
8960	0	1	0
8963	0	1	0
8967	0	1	0
8970	1	0	0
8971	0	0	1
8978	0	1	0
8980	0	1	0
8983	1	0	0
8984	0	0	1
8989	0	0	1
9003	0	1	0
9008	0	1	0
9011	0	1	0
9015	0	0	1
9018	0	1	0
9024	0	2	0
9027	0	0	1
9037	0	1	0
9045	1	0	0
9053	0	1	0
9055	0	1	0
9058	0	1	0
9062	0	0	1
9072	1	0	0
9089	1	0	0
9102	0	0	1
9104	0	1	0
9174	1	0	0
9188	1	0	0
9216	1	0	0
9218	1	0	0
9229	0	0	1
9238	1	0	0
9240	1	0	0
9242	1	0	0
9247	1	0	0
9269	1	0	0
9272	1	0	0
9277	1	0	0
9278	2	0	0
9281	1	0	0
9283	1	0	0
9285	1	0	0
9286	1	0	0
9302	0	0	1
9310	1	0	0
9315	1	0	0
9316	2	0	0
9325	1	0	0
9329	1	0	0
9332	1	0	0
9335	2	0	0
9340	1	0	0
9342	1	0	0
9349	2	0	0
9356	1	0	0
9357	1	0	0
9377	0	0	1
9379	1	0	0
9382	1	0	0
9384	1	0	0
9385	0	0	1
9399	1	0	0
9401	1	0	0
9425	1	0	0
9599	1	0	0
9648	1	0	0
9649	1	0	0
9652	1	0	0
9653	1	0	0
9658	1	0	0
9664	1	0	0
9665	1	0	0
9666	1	0	0
9670	1	0	0
9671	1	0	0
9673	1	0	0
9675	2	0	0
9676	1	0	0
9677	1	0	0
9682	1	0	0
9685	1	0	0
9726	2	0	0
9727	1	0	0
9729	1	0	0
9731	1	0	0
9734	1	0	0
9738	1	0	0
9746	1	0	0
9748	2	0	0
9751	1	0	0
9752	1	0	0
9755	1	0	0
9756	1	0	0
9877	0	0	1
9952	0	1	0
9998	0	0	1
10155	1	0	0
10366	0	0	1
10601	1	0	0
10611	1	0	0
10653	0	0	1
10841	0	0	1
10940	1	0	0
11094	0	1	0
11161	1	0	0
11177	1	0	0
11312	0	0	1
11377	0	1	0
11479	0	1	0
11586	0	1	0
11621	0	1	0
11649	0	1	0
11706	0	0	1
11760	0	1	0
11853	1	0	0
11866	0	0	1
11940	0	1	0
11964	0	0	1
12051	0	1	0
12087	0	0	1
12097	0	1	0
12222	1	0	0
12333	0	1	0
12367	0	0	1
12374	1	0	0
12386	0	1	0
12389	0	1	0
12421	0	1	0
12422	1	0	0
12524	0	1	0
12607	0	1	0
12636	0	1	0
12651	0	1	0
12656	0	0	1
12676	0	1	0
12678	1	0	0
12690	0	1	0
12692	0	1	0
12695	1	0	0
12696	0	1	0
12704	0	1	0
12706	0	1	0
12707	1	0	0
12729	0	1	0
12742	1	0	0
12744	1	0	0
12799	1	0	0
12823	1	0	0
12913	1	0	0
12937	0	1	0
12947	1	0	0
12969	0	1	0
12971	0	1	0
12975	0	1	0
13025	0	1	0
13090	1	0	0
13095	0	1	0
13100	1	0	0
13138	0	1	0
13346	0	0	1
13367	0	0	1
13375	1	0	0
13377	1	0	0
13391	1	0	0
13412	1	0	0
13466	1	0	0
13484	1	0	0
13694	1	0	0
13740	1	0	0
13749	1	0	0
13770	1	0	0
13775	1	0	0
13776	1	0	0
13796	1	0	0
13804	1	0	0
13826	1	0	0
13830	1	0	0
13857	1	0	0
13881	1	0	0
13885	1	0	0
14050	0	1	0
14174	0	0	1
14603	1	0	0
14784	0	1	0
14942	0	1	0
14996	0	1	0
15029	0	1	0
15066	0	1	0
15072	0	1	0
15125	0	1	0
15144	0	2	0
15152	0	1	0
15484	0	1	0
15514	0	1	0
15681	0	1	0
15766	0	0	1
15936	0	0	1
15969	1	0	0
16086	0	0	1
16179	0	1	0
16249	1	0	0
16256	1	0	0
16273	1	0	0
16274	0	1	0
16291	1	0	0
16316	1	0	0
16990	0	1	0
17022	1	0	0
17040	1	0	0
17047	0	0	1
17129	0	1	0
17449	1	0	0
17453	1	0	0
17455	1	0	0
17477	1	0	0
17496	1	0	0
17515	0	0	1
17524	0	1	0
17733	0	1	0
17819	0	0	1
17871	0	0	1
18025	0	0	1
18048	0	0	1
18055	1	0	0
18059	1	0	0
18412	0	0	1
18714	0	0	1
19594	0	0	2
19747	0	0	1
20036	0	0	1
20215	0	0	1
21315	1	0	0
21437	0	1	0
21522	0	0	1
21716	1	0	0
22417	0	0	1
22477	0	0	1
22512	0	0	1
22644	0	0	1
22707	0	0	1
22823	0	1	0
22920	0	0	1
22937	0	0	1
23028	0	0	1
23033	0	1	0
23038	0	0	1
23096	0	0	1
23565	1	0	0
23764	0	0	1
23780	0	0	1
23785	0	0	1
24001	0	0	1
24009	0	0	1
24069	0	0	1
24072	0	0	1
24107	0	0	1
24112	0	0	1
24133	0	0	1
24158	0	1	0
24245	0	0	1
24328	0	0	1
24349	0	0	1
24805	0	0	1
24873	1	0	0
25204	0	0	1
25516	0	0	1
25582	0	0	1
25609	0	1	0
25615	1	0	0
25662	0	0	1
25691	0	0	1
25696	0	0	1
25699	0	0	1
25716	0	0	1
25725	0	0	1
26187	0	0	1
26247	1	0	0
26256	0	0	1
26283	0	0	1
26308	0	0	1
26647	0	0	1
26658	0	0	1
26695	0	0	1
26709	1	0	0
26753	0	0	1
26798	1	0	0
26872	0	0	1
26920	0	0	1
26933	0	0	1
27013	0	0	1
27157	0	1	0
27180	0	0	1
27234	0	0	1
27245	0	0	1
27260	0	0	1
27261	0	0	2
27271	0	0	1
27278	0	0	1
27373	0	0	1
27405	0	0	1
27572	0	0	1
27670	0	0	1
27742	0	0	1
27849	0	0	1
27956	0	0	1
27968	0	0	1
27992	0	0	1
28018	0	0	1
28191	0	1	0
28230	0	0	1
28613	1	0	0
28623	0	0	1
28624	0	1	0
28683	1	0	0
28709	0	0	1
28722	0	0	1
28909	0	0	1
28974	1	0	0
29051	0	1	0
29257	0	0	1
29340	0	0	1
29393	0	0	1
29433	0	0	1
29463	0	0	1
29479	1	0	0
29488	0	0	1
29575	0	0	1
29588	0	0	1
29792	0	0	1
29919	0	0	1
29947	0	0	1
30078	0	0	1
30227	0	0	1
30336	0	0	1
30767	0	1	0
30903	0	1	0
30917	0	0	1
30975	0	0	1
31065	0	0	1
31357	0	0	1
31441	1	0	0
31503	0	0	1
31965	0	0	1
31983	0	0	1
32066	0	0	1
33009	0	1	0
33182	0	0	1
33624	0	0	1
33965	0	1	0
34204	1	0	0
34288	0	1	0
34307	0	0	1
34312	0	0	1
34319	0	0	1
34321	0	0	1
34323	0	0	1
34330	0	0	1
34332	0	0	1
34334	0	1	0
34357	0	1	0
34362	0	0	1
34364	0	0	1
34366	0	0	1
34369	0	0	1
34372	0	0	1
34373	0	0	1
34381	0	0	1
34382	0	0	1
34388	0	0	2
34391	0	0	1
34392	0	0	1
34394	0	0	1
34397	0	0	2
34404	0	0	2
34405	0	0	1
34407	0	0	1
34409	0	0	1
34411	0	0	1
34414	0	0	1
34426	0	0	1
34427	0	0	1
34429	0	0	1
34434	0	0	1
34436	0	1	0
34440	0	0	1
34449	0	0	1
34450	0	0	2
34452	0	0	1
34455	0	0	1
34457	0	0	1
34459	0	0	2
34463	0	0	1
34473	0	0	1
34474	0	0	1
34493	0	0	1
34522	0	1	0
34536	0	0	1
34648	1	0	0
34744	0	0	1
34909	0	0	1
34977	0	0	1
35066	0	0	1
35075	0	0	1
35109	0	0	1
35311	0	0	1
35442	0	1	1
35456	0	0	1
35624	0	0	1
35728	0	0	1
35733	0	0	1
35877	0	0	1
35939	0	0	1
36137	0	0	1
36244	0	0	1
36431	0	0	1
36446	0	1	0
36518	0	0	1
36556	0	0	1
36683	0	0	1
36928	1	0	0
36955	0	0	1
36988	0	0	1
37026	0	0	2
37177	0	0	1
37205	1	0	0
37236	0	0	1
37344	0	0	1
37412	0	0	1
37495	0	0	1
37512	0	0	1
37538	0	0	1
37587	0	1	0
37601	1	0	0
37642	0	1	0
37738	0	1	0
37842	0	1	0
37859	0	1	0
37868	0	1	0
37889	0	1	0
37926	0	1	0
37940	0	1	0
37975	0	1	0
37976	0	1	0
37978	0	1	0
37979	0	1	0
37985	0	1	0
37989	0	0	1
38015	0	1	0
38024	0	1	0
38028	0	1	0
38034	0	1	0
38037	0	1	0
38104	1	0	0
38123	1	0	0
38139	1	0	0
38216	1	0	0
38352	0	0	1
38359	0	0	1
38369	0	0	1
38433	0	0	1
38435	0	0	1
38450	0	0	1
38512	0	0	1
38674	0	0	1
38722	0	0	1
38735	1	0	0
38784	1	0	0
38796	1	0	0
38797	1	0	0
38799	1	0	0
38801	1	0	0
38802	1	0	0
38822	0	0	1
38824	1	0	0
38826	1	0	0
38840	1	0	0
38921	1	0	0
39051	2	0	0
39059	1	0	0
39063	1	0	0
39064	1	0	0
39074	1	0	0
39087	1	0	0
39106	1	0	0
39107	1	0	0
39130	1	0	0
39134	1	0	0
39153	1	0	0
40019	0	0	1
40271	0	0	1
40328	0	0	1
40344	0	0	1
40353	0	1	0
40372	1	0	0
40387	0	0	1
40402	0	0	1
40429	0	0	1
40523	0	0	1
40536	0	0	1
40575	0	0	1
40603	0	0	1
40628	0	0	1
41173	1	0	0
41546	0	0	1
41582	0	0	1
41590	0	0	1
41638	0	0	1
41734	0	0	1
41951	0	1	0
41953	1	0	0
42322	0	1	0
42500	0	0	1
42590	1	0	0
42616	0	0	1
42674	0	0	1
43010	1	0	0
43053	0	0	1
43118	0	1	0
43236	1	0	0
43730	0	0	1
44186	0	0	1
44293	1	0	0
45068	0	1	0
45090	1	0	0
45169	0	0	1
45210	0	1	0
45236	0	1	0
45309	0	1	0
45319	0	1	0
45321	0	1	0
45399	0	1	0
45416	0	1	0
45426	0	1	0
45459	0	1	0
45467	0	1	0
45481	0	1	0
45635	0	1	0
45673	0	1	0
45742	0	1	0
45831	0	0	1
45927	0	0	1
45998	0	0	1
46017	0	0	1
46140	1	0	0
46173	1	0	0
46205	1	0	0
46214	1	0	0
46215	1	0	0
46348	1	0	0
46509	1	0	0
46516	1	0	0
46533	1	0	0
46536	1	0	0
46537	1	0	0
46610	1	0	0
46637	1	0	0
46693	1	0	0
46730	1	0	0
46885	0	1	0
47376	0	1	0
47641	0	0	1
47756	0	0	1
48309	0	1	0
48403	0	1	0
48562	0	1	0
48579	0	1	0
48594	0	1	0
48596	0	1	0
48599	0	1	0
48601	0	1	0
48799	0	1	0
48846	0	1	0
48909	0	0	1
48916	0	0	1
48917	0	0	1
49301	2	0	0
49357	1	0	0
49392	1	0	0
49428	1	0	0
49464	0	0	1
49509	0	0	1
49627	1	0	0
49635	1	0	0
49994	1	0	0
51311	0	1	0
52140	0	1	0
52875	0	0	1
53032	0	0	1
53479	0	0	1
53600	0	0	1
53785	1	0	0
54451	0	0	1
54681	1	0	0
55277	0	0	1
55420	0	0	1
55527	0	1	0
55659	0	1	0
55660	0	23	0
55661	0	14	0
55662	0	182	0
55663	0	4	0
55665	0	2	0
55760	1	0	0
55764	1	0	0
55765	3	0	0
55766	1	0	0
55767	1	0	0
55768	2	0	0
55769	1	0	0
55770	8	0	0
55771	1	0	0
55772	3	0	0
55819	1	0	0
56043	0	0	1
56088	0	0	1
56099	1	0	0
56172	0	1	0
56473	0	0	1
56988	0	1	0
57024	0	1	0
57034	0	1	0
57039	0	2	0
57050	0	1	0
57081	0	1	0
57124	0	1	0
57136	0	1	0
57140	0	1	0
57145	0	1	0
57148	0	1	0
57384	0	1	0
57486	0	1	0
57557	0	0	1
57565	0	0	1
57580	0	0	1
57877	1	0	0
57942	1	0	0
58056	1	0	0
58057	1	0	0
58153	1	0	0
58193	1	0	0
58195	1	0	0
58198	1	0	0
58200	1	0	0
58203	2	0	0
58205	1	0	0
58207	1	0	0
58232	1	0	0
58233	1	0	0
58235	1	0	0
58240	1	0	0
58242	1	0	0
58259	1	0	0
58266	1	0	0
58274	1	0	0
58281	1	0	0
58282	1	0	0
58298	2	0	0
58302	1	0	0
58325	1	0	0
58360	1	0	0
58376	1	0	0
58394	1	0	0
58414	0	0	1
58543	1	0	0
58666	1	0	0
58828	1	0	0
58930	1	0	0
59017	0	0	1
59041	1	0	0
59108	0	0	1
59167	1	0	0
59779	1	0	0
60376	1	0	0
61010	0	1	0
61124	0	0	1
61310	1	0	0
61974	1	0	0
62272	1	0	0
63042	1	0	0
63830	0	0	1
63994	0	0	1
64447	0	0	1
64610	1	0	0
64756	1	0	0
64966	1	0	0
66000	0	0	1
66226	1	0	0
66378	0	0	1
67114	0	0	1
67222	0	0	1
67355	0	0	1
67400	0	0	1
67413	0	0	2
68095	0	0	1
68265	1	0	0
68484	0	1	0
68997	1	0	0
69383	0	0	1
69843	0	0	1
70095	0	0	1
70131	1	0	0
70307	0	0	1
70932	0	0	1
71256	0	1	0
71454	1	0	0
72029	0	1	0
72042	1	0	0
72722	0	0	1
72752	0	0	1
74109	1	0	0
74712	0	1	0
74809	1	0	0
75214	0	0	1
75523	1	0	0
75700	0	0	1
75910	1	0	0
75920	0	1	0
75936	0	0	1
76709	0	1	0
76972	0	0	1
77098	1	0	0
77295	0	0	1
77317	0	0	1
77342	0	0	1
77359	0	0	1
77661	0	0	1
77821	1	0	0
77889	0	0	1
77901	0	1	0
78118	1	0	0
78129	0	0	1
78435	0	0	1
78499	1	0	0
78523	0	1	0
78536	0	1	0
78659	0	1	0
78815	0	0	1
79080	1	0	0
79136	0	0	1
79162	0	1	0
79587	0	0	1
79605	0	0	1
79856	0	0	1
79948	0	0	1
80150	0	1	0
80244	0	0	1
80365	1	0	0
80421	1	0	0
80725	0	0	1
80862	1	0	0
80899	1	0	0
81009	0	1	0
81042	0	1	0
81111	1	0	0
81323	0	0	1
81902	0	0	1
81994	1	0	0
82073	0	0	1
82208	0	0	1
82676	0	1	0
83015	0	1	0
83760	1	0	0
83764	0	1	0
83835	0	0	1
83892	0	1	0
83945	0	0	1
84106	0	0	1
84327	0	1	0
85648	1	0	0
85819	0	0	1
86188	1	0	0
86396	0	0	1
86852	1	0	0
86969	0	0	1
86989	0	1	0
87394	1	0	0
87496	1	0	0
87642	0	0	1
88407	1	0	0
88437	0	1	0
88515	1	0	0
88638	1	0	0
88946	0	0	1
89944	1	0	0
91313	1	0	0
91580	0	1	0
91699	0	0	1
91981	0	1	0
92113	0	1	0
92982	0	1	0
93172	0	1	0
93215	0	1	0
93226	0	1	0
93241	0	1	0
93244	0	1	0
93252	0	1	0
93254	0	1	0
93261	0	1	0
93327	0	1	0
93342	0	1	0
93378	0	1	0
93419	0	1	0
93425	0	1	0
93454	0	1	0
93486	0	0	1
93488	0	1	0
93685	0	1	0
93717	1	0	0
93775	1	0	0
93791	0	1	0
93881	1	0	0
93925	1	0	0
93941	1	0	0
94143	1	0	0
94161	0	1	0
94181	1	0	0
94214	0	0	1
94251	0	0	1
94263	1	0	0
94371	1	0	0
94473	1	0	0
94559	1	0	0
94581	1	0	0
94591	1	0	0
94648	1	0	0
94693	0	1	0
94842	1	0	0
94933	1	0	0
95042	1	0	0
95187	0	1	0
95744	0	0	2
95776	0	0	1
96192	0	0	1
96196	1	0	0
96935	0	1	0
97161	1	0	0
97348	1	0	0
97544	1	0	0
97636	0	0	1
97932	1	0	0
98609	0	0	1
98699	1	0	0
98791	1	0	0
98863	0	0	1
99112	0	1	0
99120	0	1	0
99158	0	1	0
99246	0	1	0
99319	1	0	0
99519	0	2	0
99532	0	4	0
99533	0	1	0
99536	0	1	0
99538	0	1	0
99539	0	1	0
99540	0	1	0
99541	0	1	0
99543	0	3	0
99544	0	4	0
99545	0	3	0
99548	0	1	0
99553	0	1	0
99560	0	1	0
99562	0	1	0
99570	0	1	0
99571	0	1	0
99594	0	2	0
99595	0	2	0
99596	0	1	0
99597	0	6	0
99598	0	1	0
99599	0	1	0
99600	0	2	0
99602	0	6	0
99605	0	5	0
99606	0	0	1
99607	0	3	0
99608	0	3	0
99609	0	4	0
99610	0	4	0
99612	0	3	0
99616	0	1	0
99617	0	4	0
99618	0	2	0
99619	0	5	0
99620	0	7	0
99622	0	1	0
99623	0	5	0
99624	0	5	0
99625	0	18	0
99626	0	1	0
99627	0	11	0
99628	0	10	0
99629	0	8	0
99630	0	1	0
99631	0	5	0
99634	0	1	0
99635	0	2	0
99637	0	2	0
99638	0	4	0
99639	0	19	0
99640	0	9	0
99641	0	14	0
99642	0	1	0
99644	0	5	0
99645	0	1	0
99646	0	1	0
99648	0	1	0
99651	0	2	0
99673	0	2	0
99678	0	1	0
99679	0	1	0
99696	0	1	0
99720	0	1	0
99777	0	1	0
99863	1	0	0
99971	0	0	1
99979	1	0	0
100006	1	0	0
100032	1	0	0
100035	1	0	0
100038	1	0	0
100043	1	0	0
100050	1	0	0
100051	3	0	0
100054	2	0	0
100055	1	0	0
100056	2	0	0
100057	1	0	0
100058	5	0	0
100059	1	0	0
100060	2	0	0
100061	16	0	0
100062	11	0	0
100063	20	0	0
100064	10	0	0
100065	1	0	0
100067	1	0	0
100068	1	0	0
100070	1	0	0
100071	2	0	0
100072	1	0	0
100073	12	0	0
100074	18	0	0
100075	13	0	0
100076	4	0	0
100077	22	0	0
100078	13	0	0
100079	6	0	0
100080	1	0	0
100081	5	0	0
100082	7	0	0
100083	9	0	0
100084	3	0	0
100085	6	0	0
100086	2	0	0
100090	1	0	1
100091	3	0	0
100092	5	0	0
100093	3	0	0
100094	4	0	0
100095	6	0	0
100096	1	0	0
100097	7	0	0
100098	3	0	0
100100	4	0	0
100102	3	0	0
100103	2	0	0
100104	6	0	0
100105	4	0	0
100106	2	0	0
100107	8	0	0
100108	2	0	0
100117	2	0	0
100118	1	0	0
100122	1	0	0
100152	1	0	0
100154	1	0	0
100156	2	0	0
100157	5	0	0
100158	14	0	0
100159	4	0	0
100161	2	0	0
100162	6	0	0
100163	1	0	0
100166	3	0	0
100167	3	0	0
100168	1	0	0
100169	10	0	0
100170	16	0	0
100171	3	0	0
100172	1	0	0
100176	1	0	0
100180	1	0	0
100183	6	0	0
100185	4	0	0
100196	1	0	0
100372	1	0	0
100390	1	0	0
100681	1	0	0
100690	0	0	1
101059	0	0	1
101285	0	0	1
101341	0	0	1
101367	1	0	0
101491	0	0	1
101499	0	0	1
101549	1	0	0
102699	0	1	0
103057	0	0	1
103675	1	0	0
104042	0	0	1
104067	0	0	1
104356	0	0	1
104611	0	0	1
104773	0	0	1
104782	0	0	1
105150	1	0	0
105235	0	0	1
105538	0	0	1
105615	0	0	1
105629	0	0	1
105652	0	0	1
105683	0	0	1
105716	0	0	1
105734	0	0	1
105749	1	0	0
105772	0	0	1
105806	0	0	2
105943	0	1	0
105968	0	1	0
105997	0	0	1
106024	0	0	1
106029	1	0	0
106043	0	0	1
106127	0	0	1
106143	0	0	1
106151	0	0	1
106177	0	0	1
106192	0	0	1
106212	0	0	1
106229	0	0	1
106246	0	0	1
106251	0	0	1
106253	0	0	2
106261	0	0	1
106308	0	0	1
106562	0	0	1
106610	0	0	1
106734	0	0	1
106766	0	0	1
106793	0	0	1
106812	0	0	1
106835	0	0	1
106848	0	1	0
106959	0	0	1
106975	0	0	1
107103	1	0	0
107108	0	0	1
107121	0	0	1
107144	0	0	1
107162	0	0	1
107275	0	0	1
107387	0	0	1
107557	0	0	1
107572	0	0	1
107577	0	0	1
107639	0	0	1
107671	0	1	0
107730	0	1	0
107773	0	1	0
107797	0	1	0
107805	0	0	1
107847	0	1	0
107852	0	1	0
107876	0	1	0
107901	0	1	0
107918	0	1	0
108067	0	0	1
108133	0	1	0
108140	0	0	1
108163	0	0	1
108188	0	0	1
108190	0	0	1
108202	0	1	0
108207	0	1	0
108230	0	0	1
108259	0	0	1
108264	1	0	0
108269	0	0	1
108289	0	0	1
108380	0	0	1
108562	0	0	1
108566	0	1	0
108648	0	0	1
108674	0	0	1
108680	0	1	0
108733	0	1	0
108763	0	1	0
108776	0	1	0
108781	1	0	0
108791	0	0	1
108811	0	1	0
108837	0	0	1
108912	0	0	1
108944	1	0	0
108952	0	0	1
108970	0	0	1
109071	0	1	0
109075	0	1	0
109178	0	1	0
109288	0	1	0
109312	1	0	0
109348	0	1	0
109371	0	0	1
109428	0	0	1
109448	0	0	1
109566	0	0	1
109644	1	0	0
109716	0	0	1
109749	1	0	0
109908	1	0	0
109937	1	0	0
109944	0	0	1
110111	0	1	0
110123	1	0	0
110169	1	0	0
110223	0	1	0
110334	0	0	1
110351	0	1	0
110374	0	0	1
110385	0	0	1
110394	0	0	3
110397	0	1	0
110404	0	1	0
110407	0	1	1
110409	0	0	1
110411	0	0	1
110414	0	1	0
110430	0	1	0
110506	0	0	1
110512	0	0	1
110564	0	1	0
110591	0	1	0
110594	0	0	1
110597	0	1	0
110599	0	1	0
110600	0	1	1
110602	0	1	0
110605	0	1	0
110608	0	1	1
110610	0	1	0
110611	0	2	0
110618	0	1	0
110621	0	1	0
110624	0	1	0
110626	0	1	0
110627	0	1	1
110628	0	3	0
110633	0	2	0
110634	0	1	0
110638	0	2	0
110641	0	1	0
110644	0	1	0
110646	0	0	1
110653	0	1	0
110655	0	1	0
110656	0	1	0
110664	0	1	1
110665	0	2	0
110666	0	1	0
110668	0	1	0
110671	0	0	1
110676	0	0	1
110682	0	0	1
110690	0	0	1
110695	0	0	1
110697	0	0	1
110706	0	1	0
110768	0	0	1
110787	0	0	1
110808	0	0	1
110814	0	0	1
110854	0	0	1
110874	0	1	0
110878	0	0	1
110901	0	0	1
110944	0	0	1
110974	0	0	1
110990	0	0	2
111004	0	0	1
111047	0	0	1
111060	1	0	0
111065	0	0	1
111104	0	0	1
111131	0	0	1
111209	0	0	1
111223	0	0	1
111264	0	0	1
111276	0	0	1
111340	0	0	1
111344	0	0	1
111404	0	0	1
111425	0	0	2
111448	1	0	0
111457	0	0	1
111500	0	0	1
111601	1	0	0
111625	1	0	0
111936	1	0	0
111977	0	0	1
112237	0	0	1
112338	0	0	1
112362	0	0	1
112368	0	0	1
112428	0	0	1
112438	1	0	0
112465	0	1	0
112478	0	0	1
112504	0	0	1
112575	0	1	0
112656	1	0	0
112747	0	0	1
113021	0	0	1
113051	0	1	0
113498	0	0	1
113510	0	0	1
113517	0	0	1
113548	0	0	1
113605	0	0	1
113798	0	0	1
114408	1	0	0
114513	0	0	1
114633	0	0	1
114655	0	0	1
114695	0	0	1
114862	0	0	1
114880	0	0	1
115018	0	0	1
115069	0	0	1
115102	0	0	1
115163	0	0	1
115201	1	0	0
115249	0	0	1
115406	0	0	1
115439	0	1	0
115516	0	0	1
115530	0	0	1
115652	0	1	0
115663	0	0	1
116073	0	0	1
116166	0	0	1
116287	0	0	1
116429	0	1	0
116774	0	0	1
116859	0	0	1
117046	1	0	0
117152	0	1	0
117358	0	0	1
117365	0	0	1
118043	0	0	1
118080	0	1	0
118604	0	0	1
119111	0	1	0
119217	0	1	0
119947	0	1	0
120368	0	0	1
120541	1	0	0
120713	0	0	1
120866	0	0	1
120869	0	0	1
121548	0	0	1
121818	1	0	0
121893	1	0	0
122079	0	0	1
122126	0	0	1
122250	1	0	0
122259	1	0	0
122415	0	0	1
122463	0	1	0
122885	0	0	1
122903	0	0	1
123345	0	1	0
123414	0	1	0
123739	0	0	1
124105	0	1	0
124488	0	0	1
124900	0	1	0
125200	0	0	1
125358	1	0	0
125607	1	0	0
126479	0	0	1
126620	1	0	0
126699	0	1	0
126722	1	0	0
126766	0	0	1
127057	1	0	0
127577	0	1	0
127660	0	1	0
128354	0	1	0
128734	0	0	1
128910	1	0	0
128960	1	0	0
128962	1	0	0
128963	1	0	0
128964	4	0	0
128969	4	0	0
128970	3	0	0
128977	1	0	0
128988	2	0	0
128989	1	0	0
129022	2	0	0
129024	1	0	0
129025	1	0	0
129057	1	0	0
129255	1	0	0
129259	1	0	0
129353	1	0	0
129588	0	0	1
129620	0	0	1
129738	0	0	1
129813	1	0	0
130115	0	0	1
130257	0	0	1
130269	0	0	1
130792	0	0	1
130955	1	0	0
131079	0	0	1
131635	0	1	0
131876	1	0	0
132019	0	1	0
132045	0	0	1
133679	0	0	1
134029	1	0	0
134335	1	0	0
134506	0	1	0
134507	0	1	0
134509	0	1	0
134572	0	0	1
134673	0	2	0
135165	0	1	0
135440	1	0	0
135542	1	0	0
135568	1	0	0
135918	0	1	0
135947	0	0	1
136118	0	0	1
136137	1	0	0
136163	1	0	0
136628	1	0	0
137057	0	1	0
137135	0	1	0
137195	0	1	0
137270	0	0	1
137383	0	0	1
137511	0	0	1
138098	1	0	0
138216	1	0	0
138242	0	1	0
138627	0	0	1
138737	0	1	0
139147	1	0	0
139544	0	0	1
139623	0	1	0
139752	0	1	0
139767	0	0	1
140297	0	0	1
140566	0	0	1
140598	0	1	0
140727	0	0	1
140750	0	0	1
140761	0	0	1
140899	1	0	0
140984	1	0	0
141009	1	0	0
141013	1	0	0
141044	1	0	0
142157	0	1	0
142402	0	0	1
142461	0	0	1
142564	0	1	0
142823	0	0	1
143065	0	0	1
143489	0	0	1
143968	0	0	1
144462	0	0	1
144698	0	1	0
146873	0	1	0
147136	0	0	1
147253	0	0	1
148000	1	0	0
148005	1	0	0
148043	0	0	1
148239	0	0	1
148694	0	0	1
148798	0	1	0
149099	1	0	0
149520	0	1	0
150528	1	0	0
150715	0	0	1
150853	0	0	1
151054	0	1	0
151522	0	1	0
151668	0	0	1
152157	0	0	1
152285	0	1	0
152495	0	1	0
152513	0	0	1
152752	0	0	1
153102	0	1	0
153252	0	0	1
153668	0	0	1
154219	0	0	1
154505	0	1	0
154524	0	0	1
154543	0	0	1
154596	0	0	1
154824	0	0	1
155046	0	0	1
155063	0	1	0
155241	0	0	1
155927	0	0	1
156478	0	1	0
157082	0	0	1
157455	0	1	0
157564	0	0	1
157875	1	0	0
157955	0	0	1
157972	1	0	0
158151	0	0	1
158335	0	0	1
158344	0	0	1
158345	0	0	1
158358	0	0	1
158518	0	0	1
158614	0	0	1
158846	0	0	1
158904	0	0	1
159069	0	1	0
159258	1	0	0
159712	0	0	1
160443	1	0	0
160859	0	1	0
160919	0	0	1
161096	0	0	1
161186	1	0	0
161285	1	0	0
161320	0	0	1
161360	0	0	1
161363	0	0	1
161381	0	0	1
161580	0	0	1
161587	0	0	1
161698	0	0	1
161809	0	0	1
162054	0	0	1
162077	0	0	1
162144	0	0	1
162269	0	1	0
162549	0	0	1
162559	0	0	1
162710	0	1	0
162774	0	0	1
162822	1	0	0
162829	0	0	1
162831	1	0	0
162856	0	0	1
162882	0	0	1
162903	0	0	1
162947	0	1	0
163058	1	0	0
163068	1	0	0
163371	0	0	1
163534	0	1	0
163577	0	0	1
163741	0	0	1
164178	0	0	1
164267	0	0	1
164903	0	0	1
165305	0	0	1
165596	0	0	1
165785	0	0	1
166360	1	0	0
167012	1	0	0
167479	0	0	1
167484	0	1	0
167784	1	0	0
168033	1	0	0
168395	1	0	0
168843	1	0	0
169369	0	1	0
169601	0	0	1
169702	0	0	1
169739	0	0	1
169885	0	0	1
169900	0	0	1
170008	0	0	1
170011	0	0	1
170019	0	0	1
170232	1	0	0
170327	0	0	1
170343	0	0	1
170444	0	0	1
170462	0	0	1
170509	0	0	1
170524	0	0	1
170540	0	0	1
170885	0	0	1
170935	0	0	1
170942	0	0	1
170992	0	0	1
171057	1	0	0
171093	1	0	0
171177	0	0	1
171395	0	0	1
171399	0	0	1
171467	0	0	1
171542	0	0	1
171545	0	0	1
171663	0	0	1
171799	0	0	2
172116	1	0	0
172147	1	0	0
172214	0	0	1
172532	0	0	1
172966	0	0	1
172967	0	0	1
173041	0	0	1
173203	0	0	1
173339	0	0	1
173476	1	0	0
173551	0	0	1
173563	0	0	1
173860	0	0	1
174085	0	0	1
174100	0	1	0
174257	0	0	1
174282	0	1	0
174292	0	0	1
174293	0	0	1
174296	0	0	1
174445	0	0	1
174571	0	0	1
174642	0	0	1
174698	0	0	1
174719	0	0	1
174831	0	0	1
174834	0	0	1
174845	0	0	1
174911	0	0	1
174930	0	0	1
174936	0	1	0
174943	0	0	1
174957	0	0	1
174959	0	0	1
174998	0	0	1
175050	0	0	1
175075	0	0	1
175083	0	0	1
175202	0	0	1
175299	0	0	1
175351	0	0	1
175371	0	0	1
175391	0	0	1
175412	0	0	1
175523	0	0	1
175716	0	0	1
175727	0	0	1
175751	0	0	1
175756	0	0	1
175802	0	0	1
175815	0	0	1
175826	0	0	1
175839	0	0	1
175875	0	0	1
175890	0	0	1
175891	0	0	1
175913	0	0	1
175923	0	0	1
175925	0	0	1
176046	0	0	1
176064	0	0	1
176171	0	0	1
176172	0	0	1
176188	0	0	1
176190	0	0	1
176197	0	0	1
176218	0	0	1
176255	0	0	1
176532	0	0	1
176554	0	0	1
176630	0	0	1
176639	0	0	1
176675	0	0	1
176795	0	0	1
176804	0	0	1
176823	0	0	1
176828	0	0	1
176834	0	0	1
176839	0	0	1
176852	0	0	1
176856	0	0	1
176951	0	0	1
177039	0	0	1
177086	0	0	1
177092	1	0	0
177108	0	0	1
177132	0	0	1
177191	0	0	1
177203	0	0	1
177208	0	0	1
177226	0	0	1
177228	0	0	1
177270	0	0	1
177300	0	0	1
177303	0	0	3
177317	0	0	3
177323	0	0	1
177352	0	0	1
177377	0	1	0
177427	0	0	1
177528	0	0	1
177535	0	0	1
177554	0	0	2
177622	0	0	1
177625	0	0	1
177636	0	0	1
177643	0	0	1
177684	0	0	1
177759	0	0	1
177766	0	0	1
177822	0	0	1
177826	0	0	1
177834	0	0	1
177865	0	0	1
177892	0	0	1
177915	0	0	1
177924	0	0	2
177943	0	0	1
178039	0	0	1
178041	0	0	1
178059	0	0	1
178141	0	0	1
178159	0	0	1
178163	0	0	1
178192	0	0	2
178194	0	0	6
178201	0	0	1
178202	0	0	1
178219	0	0	1
178243	0	0	1
178301	0	0	2
178304	0	0	1
178306	0	0	1
178318	0	0	1
178344	0	0	1
178347	0	0	1
178353	0	0	1
178357	0	0	2
178444	0	0	1
178464	0	1	1
178479	0	0	1
178627	0	0	1
178638	0	0	2
178752	0	0	1
178803	0	0	1
178812	0	0	1
178813	0	0	1
178816	0	0	1
178840	0	0	1
178852	1	0	0
178856	0	0	1
178954	0	0	1
178977	0	0	1
179028	0	0	1
179066	0	0	1
179069	0	0	1
179115	0	0	1
179123	0	0	1
179130	0	0	2
179136	0	0	1
179150	0	0	1
179164	0	0	1
179182	0	0	1
179237	0	0	1
179263	0	0	1
179268	0	0	1
179280	0	0	1
179403	0	0	1
179419	0	0	1
179421	0	0	1
179434	0	0	1
179472	0	0	1
179564	0	0	1
179699	0	0	1
179721	0	0	1
179730	0	0	1
179739	0	0	1
179748	0	0	1
179787	0	0	1
179845	0	0	1
179949	0	0	1
179950	0	0	1
179986	0	0	1
180077	0	0	1
180130	0	1	0
180211	0	0	1
180336	0	0	1
180339	0	0	1
180344	0	0	1
180349	0	0	1
180351	0	0	1
180357	0	0	1
180358	0	0	4
180365	0	0	1
180366	0	0	2
180369	0	0	1
180370	0	0	1
180371	0	0	1
180372	0	0	1
180373	0	0	1
180374	0	0	1
180375	0	0	1
180376	0	0	1
180377	0	0	1
180378	0	0	1
180380	0	0	1
180386	0	0	2
180387	0	0	1
180388	0	0	1
180390	0	0	1
180395	0	0	1
180397	0	0	1
180401	0	0	1
180402	0	0	1
180403	0	0	2
180413	0	0	1
180414	0	0	1
180416	0	0	1
180417	0	0	1
180422	0	0	1
180424	0	0	1
180425	0	0	1
180426	0	0	1
180428	0	0	1
180432	0	0	1
180434	0	0	1
180435	0	0	1
180439	0	0	1
180447	0	0	1
180456	0	0	1
180460	0	0	1
180531	0	0	1
180564	0	0	1
180824	0	0	1
180834	0	0	1
180854	0	0	1
180860	0	0	1
181031	0	0	1
181037	0	0	1
181143	1	0	0
181221	0	0	1
181696	1	0	0
181704	0	0	1
182428	0	1	0
182633	0	1	0
182659	0	0	1
182667	0	1	0
182972	0	0	1
183025	0	0	1
183076	0	0	1
183179	0	0	1
183503	0	0	1
183594	0	0	1
183635	0	0	1
183643	0	0	1
183927	1	0	0
183997	0	0	1
184127	0	0	2
185080	1	0	0
185160	0	1	0
185196	0	0	1
185316	0	0	1
185411	0	0	1
185605	0	0	1
185780	0	0	1
185836	0	0	1
185894	0	0	1
185970	1	0	0
186090	1	0	0
186199	0	0	1
186398	0	0	1
186402	1	0	0
186552	0	0	1
186863	0	1	0
186870	0	1	0
187014	0	1	0
187118	0	0	1
187208	0	0	1
187239	0	0	2
187241	1	0	0
187244	1	0	0
187324	0	0	1
187361	0	0	1
187378	1	0	0
187401	0	0	1
187492	0	0	1
187496	0	0	1
187502	0	0	1
187509	0	0	1
187518	0	0	1
187525	0	0	1
187542	0	0	1
187548	0	0	1
187564	0	0	1
187599	0	0	1
187619	0	0	1
187638	0	0	1
187659	0	0	1
187929	0	0	1
188295	0	0	1
188312	0	0	1
188440	0	0	1
188641	0	0	1
188822	0	0	1
188973	0	0	1
188977	0	0	1
189074	1	0	0
189537	0	0	1
189654	1	0	0
189786	0	0	1
189800	0	0	1
190009	0	0	1
190211	0	0	1
190371	0	1	0
190640	0	0	1
190656	0	0	1
190929	0	0	1
190956	0	1	0
190994	0	1	0
191005	0	0	1
191365	0	1	0
191392	0	0	1
191691	3	0	0
191707	0	0	1
191765	2	0	0
191821	1	0	0
191927	1	0	0
191936	0	1	0
192022	0	0	1
192391	0	0	1
192623	0	0	1
192742	0	0	1
192839	0	1	0
193403	0	0	1
193566	0	0	1
193568	1	0	0
193765	1	0	0
194157	1	0	0
194217	0	1	0
194296	1	0	0
194445	0	0	1
194916	0	1	0
195260	0	0	1
196262	0	1	0
196836	0	1	0
197110	0	0	1
197359	0	0	1
198205	1	0	0
198375	0	0	1
198438	0	0	1
199334	0	0	1
199542	0	0	1
199696	0	0	1
200167	1	0	0
200209	1	0	0
200439	0	0	1
200864	0	0	1
201878	0	1	0
201918	0	0	1
202543	0	0	1
202581	0	0	1
202985	0	0	1
203026	0	0	1
203136	0	1	0
203141	0	1	0
203187	0	1	0
203725	0	1	0
203766	0	1	0
204381	0	1	0
204497	0	0	1
205061	0	1	0
205159	0	1	0
205174	1	0	0
205785	0	0	1
206059	0	0	1
206106	0	1	0
206330	1	0	0
206424	0	0	1
207425	1	0	0
207504	0	0	1
208193	0	1	0
209482	0	0	1
210065	0	0	1
210400	0	1	0
210641	0	1	0
210682	1	0	0
211066	0	0	1
211105	0	0	1
211116	0	1	0
211835	0	0	1
212376	0	0	1
212780	0	0	1
212816	0	0	1
212863	0	0	1
212919	0	0	1
212927	0	0	1
212976	0	0	1
212989	0	0	1
213000	0	0	1
213029	0	0	1
213139	0	0	1
213163	0	0	1
213191	0	0	2
213202	0	0	1
213204	0	0	1
213234	0	0	1
213270	0	0	1
213282	0	0	1
213325	0	0	1
213347	0	0	1
213375	0	0	1
213382	0	0	1
213407	0	0	1
213432	0	0	1
213520	0	0	1
213575	0	0	1
213631	0	0	1
213737	0	0	1
214176	0	0	1
214200	0	0	1
214203	0	0	1
214210	0	0	1
214410	0	0	1
214496	0	0	1
214499	0	0	1
214516	0	0	1
214521	0	0	1
214531	0	0	1
214564	0	0	1
214752	0	0	1
214822	0	0	1
214835	0	0	1
214841	0	0	1
214854	0	0	1
214858	0	0	1
214869	0	0	1
214875	0	0	1
214885	0	0	1
214948	0	0	1
215002	0	0	1
215025	0	0	1
215098	0	0	1
215190	0	0	1
215228	0	0	1
215277	0	0	1
215278	0	0	1
215312	1	0	0
215481	0	0	1
215562	0	0	1
215575	0	0	1
215587	0	1	0
215616	0	0	1
215619	0	0	1
215671	1	0	0
215710	0	0	1
215718	0	0	1
215721	0	0	1
215740	0	0	1
215741	0	0	1
215757	0	0	1
215779	0	0	1
215789	0	0	1
215792	0	0	1
215809	0	0	1
215873	0	0	1
215883	0	0	1
215887	1	0	0
215899	0	0	1
215935	0	0	1
215940	0	0	1
216000	0	0	1
216019	0	0	1
216020	0	0	1
216041	0	0	2
216045	0	1	0
216090	0	1	0
216116	0	0	1
216142	0	0	1
216244	0	0	1
216248	0	0	1
216259	0	1	0
216291	0	0	1
216301	0	0	1
216358	0	0	1
216388	0	0	1
216599	0	0	1
216621	0	0	1
216754	0	0	1
216887	0	0	1
216901	0	1	0
216926	0	0	1
216953	0	0	1
216986	0	0	1
217010	0	0	1
217053	0	0	1
217063	0	0	1
217202	0	0	1
217284	0	0	1
217606	0	0	1
217623	0	0	1
217646	0	0	1
217647	0	0	1
217871	0	0	1
218028	0	0	1
218061	0	0	1
218100	0	0	1
218104	0	0	1
218356	0	0	1
218357	0	0	1
218415	0	0	1
218440	0	0	1
218448	0	0	1
218453	0	0	1
218564	0	0	1
218677	0	0	1
218845	0	1	0
218939	0	0	1
219004	0	0	1
219161	0	0	1
219267	0	0	1
219364	0	0	1
219372	0	0	1
219552	0	0	1
219777	1	0	0
220046	0	0	1
220091	0	0	1
220112	0	0	1
220239	0	0	1
220247	0	0	1
220569	0	0	1
220624	0	0	1
220628	0	0	1
220635	0	0	1
220655	0	0	1
220665	0	0	1
220730	0	1	0
220839	0	0	1
220857	0	0	1
220879	0	0	1
220898	0	0	1
220924	0	0	1
221024	0	0	1
221036	0	0	1
221194	0	0	1
221391	0	0	1
221550	0	0	1
221620	0	0	1
221673	0	0	1
221716	0	0	1
221736	0	0	1
221769	0	0	1
221795	0	0	1
221874	0	0	1
221898	0	0	1
221933	0	0	1
221934	0	0	1
222048	0	0	1
222070	0	0	1
222098	0	1	0
222154	0	0	1
222163	0	0	1
222191	0	0	1
222370	0	0	1
222421	0	0	1
222426	0	0	1
222489	0	0	1
222502	0	0	1
222522	0	0	1
222558	0	0	1
222562	0	0	1
222691	0	0	1
222707	0	0	1
222768	0	0	1
222789	0	0	1
222816	0	0	1
222830	0	0	1
222833	0	0	1
222838	0	0	1
222870	1	0	0
222873	0	0	1
222881	0	1	0
222931	0	0	1
222953	0	0	1
222969	0	0	1
223044	0	0	1
223105	0	0	1
223181	0	1	0
223261	0	0	1
223332	1	0	0
223355	0	0	1
223365	0	0	1
223431	0	0	1
223467	0	0	1
223502	0	0	1
223724	0	0	1
223742	0	0	2
223795	0	0	1
223811	0	0	1
223973	0	0	1
224019	0	0	1
224020	0	0	1
224026	1	0	0
224054	0	0	1
224070	1	0	0
224126	2	0	0
224128	1	0	0
224129	1	0	0
224130	1	0	0
224131	1	0	0
224133	1	0	0
224135	2	0	0
224136	1	0	0
224140	1	0	0
224142	1	0	0
224143	1	0	0
224145	1	0	0
224146	3	0	0
224147	1	0	0
224148	2	0	0
224149	2	0	0
224150	1	0	0
224152	1	0	0
224154	1	0	0
224159	1	0	0
224161	2	0	0
224162	1	0	0
224163	1	0	0
224169	1	0	0
224171	1	0	0
224174	3	0	0
224179	1	0	0
224181	1	0	0
224194	1	0	0
224211	1	0	0
224612	0	1	0
224766	0	0	1
224780	0	1	0
225250	0	1	0
225322	1	0	0
225695	1	0	0
225805	1	0	0
225808	1	0	0
226007	1	0	0
226050	0	0	1
226242	0	0	1
226763	0	0	1
226938	0	0	1
226945	0	0	1
227012	0	0	1
227492	1	0	0
227840	0	0	1
228383	1	0	0
228850	1	0	0
229818	0	0	1
229839	0	0	1
229849	0	0	1
230501	0	0	1
230608	0	0	1
230791	0	0	1
230970	0	0	1
231065	0	0	1
231677	0	0	1
231915	0	0	1
232267	0	1	0
232277	0	1	0
232449	0	0	1
232635	0	0	1
232639	0	1	0
232645	0	0	1
232701	0	0	1
232712	0	0	1
232912	0	0	1
233013	1	0	0
233207	1	0	0
233348	1	0	0
233599	0	0	1
233739	0	0	1
233908	0	1	0
234242	1	0	0
234336	1	0	0
234945	1	0	0
235093	0	1	0
235396	0	1	0
235475	0	1	0
235640	1	0	0
236692	1	0	0
236707	0	0	1
236994	0	0	1
237453	1	0	0
237615	0	0	1
237973	0	0	1
238190	0	0	1
238304	0	0	1
238497	0	1	0
238819	0	0	1
238854	0	1	0
238969	0	0	1
239649	0	0	1
239669	0	0	1
239689	0	0	1
239750	0	0	1
240019	0	0	1
240408	0	0	1
240419	0	0	1
240682	1	0	0
240904	0	0	1
241018	0	0	1
241432	0	0	1
241673	0	0	1
241850	0	0	1
242069	0	0	1
242078	0	0	1
242230	0	0	1
242311	0	0	1
242414	0	0	1
242900	0	0	1
243194	0	0	1
243260	0	0	1
243467	0	0	1
243540	0	0	1
243545	0	0	1
243688	0	0	1
243762	0	1	0
243773	0	0	1
243787	0	0	1
244104	0	0	2
244117	0	0	1
244148	0	0	1
244181	0	0	1
244184	0	0	1
244248	0	0	1
244255	0	0	1
244265	0	0	1
244385	0	0	1
244389	0	0	1
244449	0	0	1
244473	0	0	1
244619	0	0	1
244749	1	0	0
244750	0	0	1
244896	0	0	1
244906	0	1	0
245001	0	0	1
245078	0	0	1
245079	0	0	1
245134	0	0	2
245148	0	1	0
245176	1	0	0
245181	0	0	1
245465	0	0	1
245906	0	0	1
245911	0	1	0
245946	0	0	1
246162	0	0	1
246259	0	0	1
246265	0	0	1
246315	0	0	1
246475	0	0	1
246610	0	1	0
246700	0	0	1
247139	1	0	0
247400	0	0	1
247409	1	0	0
247548	0	0	1
247660	0	0	1
247739	0	0	1
247860	0	0	1
248121	0	0	1
248620	0	1	0
249146	0	0	1
249206	0	0	1
249362	0	0	1
249442	1	0	0
249683	1	0	0
250307	0	0	1
250355	1	0	0
250469	0	1	0
250502	0	0	1
250592	0	0	1
250903	1	0	0
251162	0	1	0
252173	1	0	0
252311	1	0	0
253058	1	0	0
253366	0	1	0
253428	0	0	1
253469	0	0	1
253480	1	0	0
253929	1	0	0
253991	0	0	1
254087	0	0	1
254117	0	0	1
254224	0	0	1
254444	0	1	0
254851	0	0	1
254900	0	1	0
254911	0	1	0
255001	0	1	0
255348	0	0	1
255408	0	0	1
255410	0	1	0
255486	0	0	1
255554	0	0	1
256072	0	0	1
256189	1	0	0
256460	0	0	1
257219	0	1	0
257656	0	0	1
257716	1	0	0
258134	1	0	0
258465	0	0	1
258628	0	1	0
259077	0	1	0
259081	0	1	0
259404	0	0	1
260136	0	1	0
260219	0	0	1
260244	0	1	0
260266	0	1	0
260380	0	1	0
260390	0	1	0
260698	0	0	1
260702	0	1	0
260726	0	0	1
260760	0	0	1
260786	1	0	0
260850	0	0	1
261059	1	0	0
261079	1	0	0
261100	1	0	0
261104	1	0	1
261106	1	0	0
261423	0	0	1
261467	0	0	1
261503	1	0	0
261504	1	0	0
261505	1	0	0
261543	1	0	0
261572	1	0	0
261622	1	0	0
261625	1	0	0
261818	0	0	1
261874	0	0	1
262000	0	0	1
262107	1	0	0
262180	1	0	0
262198	0	0	1
262420	1	0	0
263004	0	0	1
263083	0	1	0
263165	0	1	0
263192	0	0	1
263194	0	1	0
263201	0	0	1
263670	0	0	1
263761	0	0	1
263792	0	1	0
263820	0	0	1
263831	0	0	1
263851	0	0	1
263998	0	1	0
264007	0	0	1
264455	0	0	1
264456	0	0	1
264564	0	0	2
264585	0	0	1
264587	0	0	1
264866	0	0	1
264878	0	0	1
264916	0	1	0
265004	0	0	1
265181	0	0	1
265354	0	0	1
265572	0	0	1
265676	0	1	0
265940	0	0	1
265975	0	1	0
266258	0	0	1
266994	0	0	1
267034	0	0	1
267082	0	0	1
267083	0	0	1
267126	0	0	1
267204	0	0	1
267852	0	0	1
268146	0	0	1
268301	0	0	1
268575	1	0	0
268750	0	1	0
269070	0	0	1
269071	0	0	1
269117	0	0	1
269480	0	0	1
269529	0	0	1
269551	0	0	1
269723	0	0	1
269892	0	0	1
270278	0	0	1
270726	0	0	1
270836	0	0	1
270865	0	0	1
270876	0	0	1
270898	0	0	1
270907	0	1	0
270942	0	0	1
270948	0	0	1
270954	0	1	0
272771	0	0	1
272973	0	1	0
273050	0	1	0
273180	0	0	1
273393	0	1	0
273925	0	1	0
274060	1	0	0
274890	1	0	0
275746	1	0	0
276351	0	0	1
276669	0	0	1
276678	0	0	1
276697	0	0	1
276708	0	0	1
276730	0	0	1
276843	0	0	1
276866	0	0	1
276924	1	0	0
277290	1	0	0
277301	0	0	1
277463	0	0	1
277512	0	0	1
277551	0	0	1
277568	0	0	1
277676	1	0	0
277835	0	0	1
278013	0	0	1
278056	0	1	0
278311	0	0	1
278510	0	0	1
278517	0	0	1
279261	1	0	0
279358	0	0	1
279454	0	0	1
279912	0	0	1
280142	0	1	0
280168	0	1	0
280363	0	1	0
280387	0	1	0
280410	0	1	0
280421	0	1	0
280517	0	0	1
280545	0	0	1
280548	0	0	1
280549	0	0	1
280696	1	0	0
280937	0	0	1
280941	1	0	0
281060	1	0	0
281153	0	0	1
281218	0	0	1
281323	0	0	1
281375	0	0	1
281417	0	0	1
281533	0	0	1
281725	0	0	1
281728	0	0	1
281755	0	0	1
281769	0	0	1
281772	0	0	1
282188	0	0	1
282202	0	1	0
282351	0	0	1
282379	0	0	1
282509	0	0	1
282981	0	0	1
283000	0	1	0
283022	0	0	1
283041	0	1	0
283048	0	1	0
283064	0	0	1
283095	0	1	0
283134	0	0	2
283739	0	0	1
283781	0	0	1
284391	0	0	1
284473	0	0	1
284516	0	0	1
285187	0	0	1
285283	0	0	1
286221	0	0	1
286235	0	1	0
286329	0	0	1
286490	0	0	1
286732	0	0	1
286986	0	1	0
287170	0	0	1
287343	0	0	1
287360	0	0	1
287367	0	0	1
287382	0	0	1
287384	0	0	1
288858	0	0	1
289555	0	0	1
289590	0	1	0
289608	0	0	1
289676	0	1	0
289818	0	1	0
290163	0	0	1
290206	1	0	0
290211	0	1	0
290707	0	0	1
290938	1	0	1
290959	1	0	0
291009	1	0	0
291100	1	0	0
291247	1	0	0
291283	1	0	0
291433	1	0	0
291447	1	0	0
291860	0	1	0
292214	0	0	1
292362	0	1	0
292442	0	0	1
292658	0	1	0
292908	0	1	0
293338	0	0	1
293410	1	0	0
293607	0	0	1
294850	1	0	0
295211	0	1	0
295480	0	0	1
295652	0	0	1
295845	0	0	1
296500	1	0	0
297226	0	0	1
297254	1	0	0
297272	1	0	0
297325	0	0	1
297374	1	0	0
298292	0	0	1
298460	0	1	0
299263	0	1	0
299904	0	1	0
301431	0	1	0
301474	0	1	0
301585	0	1	0
301703	0	1	0
301732	1	0	0
301932	0	0	1
302768	1	0	0
303428	0	0	1
303626	0	0	1
303749	0	0	1
304162	0	0	1
304272	0	0	1
304910	1	0	0
305836	1	0	0
306477	0	0	1
308091	1	0	0
308688	0	0	1
309054	1	0	0
309252	0	0	1
309967	0	0	1
310570	0	1	0
311074	0	0	1
312356	0	0	1
312367	0	0	1
312479	0	0	1
312960	1	0	0
313485	1	0	0
313656	0	1	0
313806	0	0	1
313812	0	0	1
314244	0	0	1
314304	0	0	1
315062	0	0	1
315237	0	0	1
315875	1	0	0
319401	0	0	1
319636	0	0	1
321220	0	0	1
321256	0	0	1
321512	0	1	0
321547	1	0	0
322243	0	0	1
322954	1	0	0
323557	0	0	1
323706	0	0	1
324045	0	0	1
324171	0	1	0
324280	0	0	1
324358	0	0	1
324450	0	0	1
324464	0	0	1
324538	0	0	1
324557	1	0	0
324560	0	0	1
324592	0	0	1
324614	0	0	1
324629	0	0	1
324747	0	0	1
324999	0	0	1
325113	0	0	1
325149	0	1	0
325256	0	0	1
325343	1	0	0
325410	1	0	0
325464	0	0	1
325504	0	1	0
325598	0	0	1
325617	0	0	1
325644	0	0	1
325826	0	1	0
325847	0	0	1
325972	0	0	1
326010	0	0	1
326037	0	0	1
326038	1	0	0
326128	0	0	1
326157	0	0	1
326477	0	0	1
326679	0	0	1
326757	0	0	1
327472	0	1	0
327741	0	0	1
327778	1	0	0
327784	0	0	1
327868	0	0	1
327996	0	0	1
328196	0	1	0
328514	0	0	1
329054	0	0	1
329077	0	0	1
329089	0	0	1
329161	0	0	1
329197	0	0	1
329208	0	0	1
329304	0	0	1
329354	0	0	1
329387	0	0	1
329393	0	0	1
329418	0	0	1
329446	0	0	1
329465	0	0	1
329477	0	0	1
329484	0	0	1
329491	0	0	1
329494	0	0	1
329544	0	0	1
329610	0	0	1
329628	0	0	1
329704	0	0	1
329744	0	0	1
329763	0	0	1
329766	0	0	1
329779	0	0	1
329782	0	0	1
329805	0	0	1
329859	0	1	0
330050	0	0	1
330098	0	0	1
330152	0	0	1
330173	0	0	1
330234	0	0	1
330250	0	0	1
330486	0	0	1
331500	0	0	1
331521	0	0	1
331536	0	1	0
332525	0	0	1
332610	0	0	1
332774	0	0	1
333128	1	0	0
333202	0	0	1
333266	0	1	0
333301	0	0	1
333326	0	0	1
333396	0	0	1
333423	0	0	1
333811	0	1	0
334137	0	0	1
334193	0	1	0
334258	0	1	0
334306	0	1	0
334333	0	1	0
334356	0	0	1
335184	0	0	1
336524	1	0	0
336925	0	0	1
337128	0	0	1
337323	0	0	1
338172	0	0	1
338227	1	0	0
338479	0	0	1
338627	1	0	0
339002	1	0	0
339271	0	0	1
339557	0	0	1
339764	0	0	1
340375	0	1	0
340385	0	1	0
340460	0	1	0
340531	0	1	0
340609	0	1	0
340686	0	1	0
340705	0	0	1
340772	0	1	0
340909	0	0	1
341010	0	0	1
341102	0	0	1
341459	0	0	1
341471	0	1	0
341589	1	0	0
341769	1	0	0
341860	1	0	0
342135	0	1	0
342155	1	0	0
342184	1	0	0
342410	1	0	0
342671	0	0	1
343752	1	0	0
343755	0	0	1
343756	0	0	2
344626	0	1	0
344719	0	0	1
344817	1	0	0
344924	0	0	1
344925	0	1	0
345093	1	0	0
345612	1	0	0
345864	0	1	0
346196	0	0	1
346921	0	0	1
347180	0	0	1
347701	0	0	1
347888	0	0	1
348007	1	0	0
348817	0	1	0
349210	0	0	1
349532	0	1	0
349708	0	0	1
349771	0	1	0
349807	0	0	1
349930	1	0	0
350205	1	0	0
350590	1	0	0
351914	0	0	1
351915	0	0	1
352556	0	0	1
353148	0	0	1
353408	0	0	1
353763	0	1	0
353841	1	0	0
354061	0	0	1
354462	0	0	1
354473	0	0	1
354583	0	0	1
354719	1	0	0
354735	1	0	0
354749	1	0	0
354769	0	0	1
354775	0	0	1
354898	0	1	0
355379	0	0	1
355422	1	0	0
355747	0	0	1
355814	0	0	1
355993	1	0	0
356071	0	1	0
356114	0	1	0
356269	0	0	1
356429	0	0	1
356457	0	0	1
356936	0	0	1
356996	0	0	1
357016	0	0	1
357072	0	0	1
357077	0	1	0
357087	0	0	1
357137	0	2	0
357149	0	1	0
357150	0	1	0
357153	0	1	0
357154	0	2	0
357200	0	1	0
357208	0	1	0
357218	0	1	0
357284	0	0	1
357299	0	1	0
357560	0	0	1
357859	0	0	1
358423	0	0	1
358589	0	0	1
358594	0	1	0
358795	0	0	1
359560	0	0	1
360145	0	0	1
360288	1	0	0
360428	0	0	1
360780	1	0	0
361438	0	0	1
361446	0	0	1
361458	0	0	1
361507	0	0	1
361542	0	0	1
361562	0	0	1
361673	0	0	1
361755	0	0	1
362092	0	1	0
362459	0	0	1
362526	0	0	1
362611	0	0	1
362801	0	0	1
362856	0	1	0
363038	0	0	1
363103	0	0	1
363929	1	0	0
364094	0	1	0
364622	1	0	0
364778	0	0	1
364892	1	0	0
365383	0	0	1
367306	1	0	0
367479	0	0	1
367613	0	1	0
367719	1	0	0
369447	0	0	1
370064	0	0	1
370382	0	1	0
371324	0	0	1
371784	0	0	1
372100	0	0	1
372935	0	0	1
373002	0	1	0
373224	0	0	1
373237	0	0	1
373312	1	0	0
373326	0	0	1
373701	0	0	1
373793	0	0	1
374482	0	0	1
374677	0	0	1
374862	0	0	1
374884	0	0	1
374990	0	0	1
375050	0	0	1
375075	0	0	1
375091	0	0	1
375187	0	0	1
375378	0	0	1
375937	0	0	1
376149	0	0	1
376176	0	0	1
376228	0	0	1
376553	0	0	1
376613	1	0	0
376633	0	0	1
376739	0	0	1
376821	0	0	2
376832	0	0	1
376943	0	1	0
377203	0	0	1
377350	0	0	1
377736	0	0	1
377845	0	0	1
377881	0	0	1
377978	0	0	1
377988	0	1	0
378362	0	0	1
380589	0	1	0
380594	0	0	1
381244	0	0	1
381403	0	0	1
381470	0	0	1
381614	1	0	0
382159	1	0	0
382176	0	0	1
383402	0	1	0
383661	0	1	0
383694	1	0	0
387687	0	0	1
387872	0	0	1
388328	0	1	0
389213	0	0	1
389639	0	1	0
390046	1	0	0
390131	0	0	1
390202	0	0	1
391140	1	0	0
393701	1	0	0
393835	0	0	1
394261	0	0	1
394922	0	0	1
396113	1	0	0
396152	1	0	0
396804	1	0	0
397738	0	0	1
398107	0	1	0
398522	0	0	1
399019	0	1	0
399840	1	0	0
399905	0	1	0
400312	0	0	1
400666	0	0	1
401143	0	1	0
401286	0	1	0
402318	0	0	1
402586	1	0	0
403161	0	1	0
403275	0	0	1
403518	0	1	0
403544	0	1	0
405049	0	1	0
405802	0	0	1
406283	0	0	1
406494	0	0	1
407248	0	0	1
407871	1	0	0
408033	0	0	1
409481	0	0	1
411349	0	1	0
412232	0	0	1
413183	0	0	1
413326	0	0	1
414782	0	0	1
416619	0	0	1
417732	0	0	1
418726	0	0	1
419651	0	1	0
419890	0	1	0
419902	0	0	1
420688	0	0	1
420970	0	0	1
421279	0	0	1
423599	1	0	0
423892	0	0	1
423964	0	1	0
424469	0	0	1
424479	0	0	1
424484	0	0	1
424544	1	0	0
424853	0	0	1
424875	0	0	1
424888	0	0	1
426804	0	0	1
430131	1	0	0
431185	0	0	1
431991	0	0	1
432122	0	0	1
432420	0	0	1
432436	0	0	1
432619	0	0	1
432673	0	0	1
432814	0	0	1
432821	0	0	1
433303	0	0	1
433439	0	0	1
433598	0	0	1
433726	1	0	0
433829	0	0	1
433835	0	1	0
433856	0	0	1
433858	0	0	1
433865	0	0	1
433889	0	0	1
433988	0	0	1
434256	0	0	1
434269	0	0	2
434275	0	0	1
434276	0	0	2
434349	0	0	1
434382	0	0	1
434600	0	0	1
434623	0	0	1
434791	0	0	1
434812	0	0	1
434823	0	0	1
434830	0	0	1
437410	0	1	0
437502	0	0	1
437510	0	0	1
437914	1	0	0
438055	1	0	0
438114	1	0	0
438352	0	0	1
438502	0	1	0
439587	0	0	1
439823	0	0	1
440308	0	1	0
440577	0	0	1
440873	0	0	1
442472	0	1	0
442889	0	0	1
443243	0	0	1
443321	0	0	1
444787	0	1	0
445195	0	0	1
445453	0	0	1
445523	0	0	1
445784	0	0	1
446126	0	0	1
446341	0	0	1
446429	0	0	1
446796	0	0	1
446843	0	0	2
446964	0	0	1
447076	0	0	1
447083	1	0	0
447248	0	0	1
447273	0	0	1
447397	0	0	1
447494	0	0	1
447643	0	0	1
447655	0	0	1
448294	0	0	1
448456	1	0	0
448476	0	0	1
448507	0	0	1
448558	1	0	0
448789	0	0	1
448793	0	0	1
449023	0	0	1
449400	0	0	1
449488	0	0	1
449492	0	0	1
449732	1	0	0
449957	0	0	1
450286	0	0	1
450652	0	0	1
450789	0	0	1
450859	0	0	1
450948	0	0	1
451010	0	0	1
451059	0	0	1
451087	0	0	1
451096	0	0	1
451107	0	0	1
451129	0	0	1
451148	0	0	1
451185	0	0	1
451204	0	0	1
451206	0	0	1
451230	0	0	1
451235	0	0	1
451256	0	0	1
451275	0	0	1
451293	0	0	1
451296	0	0	1
451300	0	0	1
451324	0	0	1
451346	0	0	1
451355	0	0	1
451367	0	0	1
451478	0	0	1
451503	0	0	1
451507	0	0	1
451573	0	0	1
451591	0	0	1
451595	0	0	1
451670	0	1	0
451673	0	0	1
451691	0	0	1
451720	0	0	1
451728	0	0	1
451733	0	0	1
451784	0	0	1
451840	0	0	1
451856	0	0	1
451923	0	0	1
451984	0	0	1
452030	0	0	1
452040	0	0	1
452106	0	0	1
453499	0	0	1
453623	0	0	1
454569	0	0	1
454587	0	0	1
454595	0	0	2
454605	0	0	1
454616	0	0	1
454619	0	0	1
454620	0	0	1
454622	0	0	1
454631	0	0	1
454643	0	0	1
454653	0	0	1
454654	0	0	1
454666	0	0	1
454681	0	0	1
454691	0	0	1
454703	0	0	1
454713	0	0	1
454734	0	0	1
454745	0	0	1
454784	0	0	1
456685	0	0	1
457302	0	0	1
458644	0	0	1
459197	0	1	0
461769	0	0	1
462554	0	0	1
463190	0	0	1
463384	0	0	1
463919	1	0	0
464219	1	0	0
464513	0	1	0
464827	0	1	0
464842	0	1	0
464989	0	0	1
465043	0	0	1
465357	0	0	1
465516	0	1	0
465616	0	0	1
466499	0	0	1
466635	0	0	1
466747	0	0	1
467175	0	0	1
467594	0	0	1
467730	0	0	1
467799	0	0	1
468000	1	0	0
468254	0	0	1
469375	0	0	1
469431	0	0	1
469467	1	0	0
469616	0	0	1
470463	0	0	1
470671	0	0	1
470887	1	0	0
471022	0	0	1
471209	0	0	1
471250	0	0	1
471347	0	0	1
471502	0	0	1
471669	1	0	0
472091	0	0	1
472493	0	0	1
473297	1	0	0
473514	0	0	1
473542	1	0	0
473552	1	0	0
473562	1	0	0
473711	1	0	0
473906	0	0	1
474092	0	0	1
475817	0	1	0
476020	0	1	0
476295	0	1	0
476367	0	1	0
476373	0	1	0
476454	0	1	0
476554	0	1	0
476559	0	1	0
476584	0	1	0
476715	1	0	0
476876	0	1	0
476890	0	1	0
476999	0	0	1
477092	0	0	1
477254	0	0	1
477309	0	0	1
477624	1	0	0
477639	1	0	0
477649	1	0	0
477783	1	0	0
477948	1	0	0
477992	1	0	0
479275	0	0	1
479933	0	1	0
480821	0	0	1
481329	0	1	0
481419	0	0	1
482981	0	0	1
483732	0	0	1
486508	0	1	0
487104	0	1	0
489391	0	1	0
490315	0	1	0
491620	0	0	1
493880	0	0	1
494806	0	1	0
495258	1	0	0
496188	0	0	1
496495	0	0	1
497489	0	0	1
497529	0	0	1
498392	0	1	0
499476	0	1	0
500209	0	0	1
500218	1	0	0
501126	0	0	1
503973	0	0	1
504077	0	1	0
505230	0	0	1
505534	0	0	1
507880	0	0	1
508240	0	0	1
509174	0	1	0
509606	1	0	0
511063	0	0	1
511526	1	0	0
511863	0	0	1
512221	0	0	1
512617	0	0	1
513214	0	1	0
513232	0	1	0
514554	0	0	1
515273	0	0	1
516003	1	0	0
518171	0	0	1
518548	0	1	0
518734	0	1	0
522893	1	0	0
524455	1	0	0
524710	0	0	1
525308	0	0	1
527153	0	0	1
528191	1	0	0
529056	0	0	1
529921	0	0	1
530048	1	0	0
530425	1	0	0
530453	1	0	0
531297	0	0	1
532112	1	0	0
535048	0	1	0
535860	0	1	0
536321	0	1	0
537932	0	0	1
538276	0	0	1
538644	1	0	0
539281	0	1	0
539382	0	1	0
540947	1	0	0
543073	0	0	1
543411	0	1	0
545752	0	0	1
546008	0	1	0
546226	0	1	0
546351	0	0	1
547277	1	0	0
548673	1	0	0
549214	1	0	0
551810	0	1	0
551861	0	0	1
552115	1	0	0
552894	0	0	1
553069	0	0	1
554730	1	0	0
556340	0	0	1
556347	0	0	1
556364	0	0	1
556369	0	0	1
556423	0	0	1
556484	0	0	1
556485	0	0	1
556507	0	0	1
556529	0	0	1
556613	0	0	1
556667	0	0	1
556685	0	0	1
556720	0	0	1
556790	0	0	1
556839	0	0	1
556916	0	0	1
556980	0	0	1
557178	0	0	1
557235	0	0	1
557254	0	0	1
557270	1	0	0
557284	0	0	1
557451	0	0	1
557469	0	0	1
557641	0	0	1
558058	0	0	1
558065	0	0	1
558081	0	0	1
558099	0	0	1
558125	0	0	1
558283	0	0	1
558294	0	0	1
558324	0	0	1
558358	0	0	1
558474	0	0	1
558531	0	0	1
558629	0	0	1
559004	0	0	1
559768	0	1	0
560037	0	0	1
560269	0	0	1
560484	0	0	1
560622	0	0	1
560707	0	0	1
560733	0	0	1
561071	0	0	1
561355	0	0	1
561358	0	1	0
561616	0	0	1
561654	0	0	1
562065	0	0	1
562850	0	0	1
562856	0	0	1
562870	0	0	1
562880	0	0	1
562896	0	0	2
562931	0	0	1
563162	0	0	1
563596	0	0	1
563828	0	0	1
563875	0	0	1
564455	0	0	1
564537	0	0	1
564637	0	0	1
564749	0	0	1
564751	0	0	1
564757	0	0	1
564771	0	0	1
564798	0	0	1
564836	0	0	1
564866	0	0	1
564872	0	0	1
564881	0	0	1
564913	0	0	1
564915	0	0	1
564920	0	0	1
564926	0	0	1
564940	0	0	1
564958	0	0	1
565080	0	0	1
565099	0	0	1
565104	0	0	1
565110	0	0	1
565167	1	0	0
565219	0	0	1
565533	0	0	1
565625	0	0	1
565672	0	0	1
565741	0	0	1
566017	0	0	1
569752	0	0	1
569754	0	0	1
570074	0	1	0
571157	0	0	1
571192	0	0	1
571870	0	0	1
572528	0	0	1
572630	0	0	1
573244	0	0	1
573288	0	0	1
576200	0	1	0
579124	0	1	0
581745	0	0	1
582463	0	0	1
582470	0	0	1
585711	0	1	0
586131	0	0	1
586311	0	1	0
586369	0	0	1
586378	0	0	2
586398	0	0	1
586403	0	0	1
586408	0	0	1
586412	0	0	1
586415	0	0	1
586416	0	0	1
586423	0	0	1
586426	0	0	1
586429	0	0	1
586433	0	0	1
586434	0	0	1
586436	0	0	1
586447	0	0	1
586448	0	0	1
586463	0	0	1
586471	0	0	1
586475	0	0	1
586480	0	0	2
586514	0	0	1
586529	0	0	1
586680	1	0	0
587064	0	0	1
587357	0	0	1
587768	0	0	1
587887	0	0	1
588202	0	1	0
588718	1	0	0
588781	0	0	1
589959	0	1	0
590609	1	0	0
591592	0	0	1
595431	0	0	1
595863	0	0	1
596799	0	1	0
596927	0	0	1
596958	0	0	1
599016	0	0	1
599724	0	1	0
601193	0	0	1
601765	0	1	0
603769	1	0	0
603833	1	0	0
604472	0	0	1
605400	0	1	0
605794	1	0	0
606031	1	0	0
606699	0	0	1
608178	0	0	1
608422	0	0	1
609188	0	0	1
610230	0	0	1
610644	1	0	0
612428	1	0	0
613766	0	0	1
615755	1	0	0
619864	1	0	0
619896	0	1	0
622012	0	0	1
622882	0	0	1
623958	0	0	1
624094	0	0	1
625085	0	0	1
626262	1	0	0
626318	0	0	1
628034	0	0	1
628362	0	0	1
630442	0	0	1
631610	0	0	1
634412	0	1	0
634586	0	0	1
634825	1	0	0
634961	1	0	0
635109	0	0	1
635463	0	1	0
636334	0	0	1
638664	0	1	0
641980	0	0	1
643801	0	0	1
643981	0	0	1
644033	0	0	1
645693	0	1	0
645892	0	0	1
646230	0	0	1
647750	0	0	1
648825	0	0	1
649024	1	0	0
651277	0	0	1
652133	0	0	1
653095	0	0	1
653620	0	1	0
653643	1	0	0
655219	1	0	0
656106	1	0	0
659182	0	1	0
659511	1	0	0
663248	0	0	1
664012	0	1	0
666461	0	0	1
668086	0	1	0
670942	0	1	0
679901	0	1	0
680239	0	0	1
681656	1	0	0
682807	0	0	1
683014	1	0	0
684340	0	1	0
685322	0	1	0
687419	0	1	0
689383	1	0	0
691468	0	0	1
694521	0	0	1
694772	0	0	1
695825	0	0	1
695938	0	0	1
696552	0	0	1
696736	0	0	1
696995	0	0	1
697010	0	0	1
697056	0	0	1
697092	0	0	1
697093	0	0	1
697148	0	0	1
701988	1	0	0
702442	0	1	0
702480	0	0	1
702632	1	0	0
705207	0	0	1
706867	0	0	1
707825	0	0	1
708071	1	0	0
708845	1	0	0
709332	1	0	0
710055	0	0	1
710163	0	0	1
713587	1	0	0
716038	1	0	0
716683	1	0	0
717186	0	1	0
720555	0	1	0
721882	1	0	0
722862	1	0	0
723616	0	1	0
728372	0	1	0
728520	1	0	0
728954	0	0	1
730244	1	0	0
730257	0	0	1
730609	0	0	1
730649	0	0	1
730653	0	0	1
732292	0	0	1
732466	0	0	1
734419	1	0	0
735197	1	0	0
735385	0	1	0
735565	0	1	0
737582	1	0	0
739868	0	1	0
740717	0	0	1
741772	1	0	0
743063	0	0	1
743849	0	0	1
744586	0	0	1
744596	0	0	1
744625	0	0	1
744845	0	0	1
745112	0	0	1
745130	0	0	1
745448	0	0	1
745614	0	0	1
745776	0	0	1
745885	0	0	1
746095	0	0	1
746167	0	0	1
746397	0	0	1
746417	0	0	1
746454	0	0	1
747368	0	1	0
747400	0	1	0
747540	0	0	1
747682	0	0	1
748499	0	0	1
749618	0	0	1
749643	0	0	1
749651	0	0	1
749763	0	0	1
749940	0	1	0
750119	0	0	1
750185	0	0	1
750348	0	0	1
750577	0	0	1
750762	0	1	0
750764	0	0	1
751104	0	0	1
751124	0	0	1
751172	0	0	1
751220	0	1	0
751418	0	0	1
751456	0	0	1
751625	1	0	0
751926	0	0	2
751970	1	0	0
751975	0	0	1
752006	0	0	1
752144	0	0	1
752198	0	0	1
752297	0	0	1
752531	0	0	1
752694	0	0	1
752769	0	0	1
752814	0	0	1
752819	0	0	1
753286	0	0	1
753295	0	0	1
757780	1	0	0
760931	1	0	0
760932	1	0	0
760937	1	0	0
760969	1	0	0
760973	1	0	0
760979	1	0	0
760980	1	0	0
760990	1	0	0
761001	1	0	0
761004	1	0	0
761009	1	0	0
761021	1	0	0
761374	0	0	1
762249	0	0	1
762741	0	1	0
763523	1	0	0
764079	0	1	0
764846	0	1	0
764966	0	0	1
765631	0	1	0
772264	1	0	0
772906	0	0	1
776095	0	0	1
777192	0	0	1
778995	0	0	1
779021	0	0	1
779441	0	1	0
780925	1	0	0
782967	1	0	0
783351	0	0	1
783398	0	0	1
783753	1	0	0
785235	0	1	0
786297	0	1	0
786357	1	0	0
787307	0	1	0
787313	0	1	0
787348	0	1	0
787393	0	1	0
787397	0	1	0
787414	0	1	0
787425	0	1	0
787438	0	1	0
787442	0	1	0
787444	0	1	0
787446	0	2	0
787447	0	1	0
787449	0	1	0
787714	0	1	0
787729	0	1	0
787815	0	1	0
787845	0	1	0
787847	0	0	1
787877	0	1	0
787997	0	0	1
788062	1	0	0
788115	1	0	0
788138	1	0	0
788163	1	0	0
788176	0	0	1
788192	1	0	0
788246	1	0	0
788467	1	0	0
788480	1	0	0
788486	1	0	0
788487	1	0	0
788492	1	0	0
788514	1	0	0
788537	1	0	0
788552	1	0	0
788577	1	0	0
788578	1	0	0
788585	1	0	0
788611	1	0	0
788715	1	0	0
789195	0	0	1
789286	0	0	1
789378	0	1	0
789432	0	0	1
789818	0	0	1
789882	0	0	1
789998	0	0	1
790030	0	0	1
790034	0	0	1
790054	0	0	1
790085	0	0	1
790163	0	0	1
790297	0	0	1
790445	0	0	1
790526	0	0	1
790562	0	0	1
790651	0	0	1
790779	0	0	1
792153	0	0	1
792211	0	1	0
792250	0	0	1
792274	0	0	1
792447	0	0	1
792463	0	0	1
792794	0	0	1
792861	0	1	0
792994	0	0	1
793137	0	0	1
793334	0	0	1
793373	0	0	1
793380	0	0	1
793640	0	0	1
793651	0	0	1
794593	0	0	1
795190	0	0	1
795806	0	0	1
795904	0	0	1
795951	0	0	1
795986	0	0	1
796007	0	0	1
796062	0	0	1
796072	0	0	1
796079	0	0	1
796088	0	0	1
796106	0	0	1
796110	0	0	1
796233	0	0	1
796389	0	0	1
796461	0	0	1
796645	0	0	1
796673	0	1	0
796683	0	0	1
796890	0	0	1
796969	0	1	0
797078	0	0	1
797148	0	0	1
797157	0	0	1
797298	0	0	1
797330	0	0	1
797566	0	0	1
797582	0	0	1
797749	0	0	1
797838	0	0	1
797961	0	0	1
797966	0	0	1
798032	1	0	0
798033	1	0	0
798155	0	0	1
798197	0	1	0
798264	0	0	1
798328	0	0	1
798360	0	0	1
798378	0	0	1
798405	0	0	1
798428	0	0	1
798448	0	0	1
798468	0	0	1
798516	0	0	1
798543	0	0	1
798851	0	0	1
798871	0	0	1
799250	0	0	1
799578	1	0	0
804789	0	0	1
811408	0	1	0
812416	0	1	0
812419	0	1	0
818210	1	0	0
820691	0	0	1
827261	1	0	0
829873	1	0	0
830339	0	0	1
842422	0	0	1
843049	0	1	0
844300	0	1	0
847667	0	0	1
849722	0	0	1
850641	1	0	0
853288	1	0	0
853375	1	0	0
853640	1	0	0
858365	0	0	1
858785	0	0	1
859442	0	0	1
859750	0	0	1
860178	0	1	0
860197	0	1	0
860566	0	0	1
867611	0	1	0
872449	0	1	0
873834	0	0	1
884872	1	0	0
886166	1	0	0
888929	1	0	0
898388	0	0	1
906557	0	0	1
909852	0	1	0
918633	0	0	1
923495	0	0	1
925029	0	0	1
927840	1	0	0
935388	0	1	0
935908	1	0	0
936849	0	0	1
941401	0	0	1
945597	0	0	1
945699	0	0	1
946843	0	0	1
947383	0	0	1
947443	0	0	1
959403	0	1	0
962358	0	0	1
966196	0	0	1
971518	0	1	0
996752	0	0	1
1016889	1	0	0
1019371	0	1	0
1031225	1	0	0
1047657	1	0	0
1048190	0	0	1
1049619	0	1	0
1053906	1	0	0
1058310	0	1	0
1058900	1	0	0
1059456	0	0	1
1060798	0	0	1
1062004	1	0	0
1062255	0	0	1
1065906	0	0	1
1066137	0	0	1
1066926	0	0	1
1067292	1	0	0
1067759	0	0	1
1067772	0	0	1
1068724	0	0	1
1069713	0	0	1
1070696	0	0	1
1071137	0	0	1
1071369	0	0	1
1074314	0	0	1
1085171	0	1	0
1091203	1	0	0
1091877	0	1	0
1093619	0	1	0
1118284	1	0	0
1119094	1	0	0
1127614	1	0	0
1132150	0	1	0
1150702	0	0	1
1157912	1	0	0
1162464	1	0	0
1222428	0	0	1
1232284	1	0	0
1239122	0	0	1
1240982	0	0	1
1304634	1	0	0
1321318	0	0	1
1415398	0	1	0

