## htsjdk.samtools.metrics.StringHeader
# CollectInsertSizeMetrics --Histogram_FILE /u/home/s/samdemar/project-guillom/upf1_rrp6/7_INSERT_HISTOGRAMS/U_R_2YPD_1.fq.gz_hist.pdf --DEVIATIONS 1.0E7 --MINIMUM_PCT 0.0 --INPUT /u/home/s/samdemar/project-guillom/upf1_rrp6/4_REMOVE_PCR/U_R_2YPD_1.fq.gz.bam --OUTPUT /u/home/s/samdemar/project-guillom/upf1_rrp6/7_INSERT_HISTOGRAMS/U_R_2YPD_1.fq.gz_output.txt --METRIC_ACCUMULATION_LEVEL ALL_READS --INCLUDE_DUPLICATES false --ASSUME_SORTED true --STOP_AFTER 0 --VERBOSITY INFO --QUIET false --VALIDATION_STRINGENCY STRICT --COMPRESSION_LEVEL 5 --MAX_RECORDS_IN_RAM 500000 --CREATE_INDEX false --CREATE_MD5_FILE false --GA4GH_CLIENT_SECRETS client_secrets.json --help false --version false --showHidden false --USE_JDK_DEFLATER false --USE_JDK_INFLATER false
## htsjdk.samtools.metrics.StringHeader
# Started on: Mon Nov 15 16:56:47 PST 2021

## METRICS CLASS	picard.analysis.InsertSizeMetrics
MEDIAN_INSERT_SIZE	MODE_INSERT_SIZE	MEDIAN_ABSOLUTE_DEVIATION	MIN_INSERT_SIZE	MAX_INSERT_SIZE	MEAN_INSERT_SIZE	STANDARD_DEVIATION	READ_PAIRS	PAIR_ORIENTATION	WIDTH_OF_10_PERCENT	WIDTH_OF_20_PERCENT	WIDTH_OF_30_PERCENT	WIDTH_OF_40_PERCENT	WIDTH_OF_50_PERCENT	WIDTH_OF_60_PERCENT	WIDTH_OF_70_PERCENT	WIDTH_OF_80_PERCENT	WIDTH_OF_90_PERCENT	WIDTH_OF_95_PERCENT	WIDTH_OF_99_PERCENT	SAMPLE	LIBRARY	READ_GROUP
245	242	37	2	1465341	263.067767	2143.01524	17887551	FR	15	29	43	57	75	93	117	147	197	247	471			
233	55662	211	2	1380662	47699.095376	136800.568126	3806	RF	135	237	319	383	423	461	5833	110859	198863	602521	1574369			
183	131	77	4	1406250	79552.098799	180157.71626	7662	TANDEM	29	57	87	119	155	201	291	274657	569685	928999	1592631			

## HISTOGRAM	java.lang.Integer
insert_size	All_Reads.fr_count	All_Reads.rf_count	All_Reads.tandem_count
2	14	18	0
3	19	18	0
4	17	15	1
5	20	22	1
6	15	25	0
7	20	19	0
8	13	15	0
9	18	19	0
10	17	24	0
11	9	21	1
12	28	21	0
13	33	13	1
14	30	24	1
15	23	20	2
16	21	14	1
17	29	21	1
18	27	17	2
19	1949	18	4
20	99	14	2
21	97	17	3
22	978	16	1
23	59	14	2
24	79	24	0
25	97	15	2
26	132	22	1
27	64	20	2
28	305	23	5
29	66	23	3
30	471	15	9
31	70	13	7
32	354	27	9
33	108	15	6
34	76	18	6
35	444	14	6
36	114	23	4
37	64	18	5
38	78	11	6
39	124	14	11
40	91	11	2
41	112	12	11
42	494	14	4
43	158	15	7
44	713	16	9
45	166	13	3
46	173	9	10
47	154	9	9
48	161	15	9
49	168	12	8
50	180	16	10
51	1898	15	12
52	213	7	10
53	154	9	4
54	802	8	21
55	276	7	13
56	188	2	25
57	228	8	14
58	596	10	23
59	257	9	17
60	239	8	11
61	276	6	11
62	258	9	14
63	407	11	9
64	352	15	16
65	351	10	15
66	396	5	10
67	392	9	16
68	367	7	19
69	400	14	14
70	477	10	17
71	468	11	15
72	559	7	18
73	639	11	18
74	628	11	17
75	758	12	15
76	730	9	18
77	826	11	25
78	808	5	22
79	837	4	13
80	988	4	18
81	1088	6	26
82	1054	10	24
83	1038	7	19
84	1122	13	25
85	1387	7	17
86	1436	9	24
87	1482	7	16
88	1679	9	24
89	1695	8	27
90	1853	3	23
91	1992	8	26
92	2083	9	26
93	2050	9	14
94	2285	4	28
95	3276	9	27
96	2593	8	33
97	2767	9	31
98	2973	10	26
99	3117	9	39
100	3316	7	38
101	3508	6	36
102	3730	12	26
103	3866	4	35
104	3973	3	38
105	4271	5	26
106	4650	9	30
107	5085	9	29
108	5068	5	32
109	5477	10	33
110	5593	12	22
111	6049	5	35
112	6083	3	38
113	6743	3	30
114	6836	5	21
115	7294	7	29
116	7413	7	30
117	7775	9	40
118	8334	2	21
119	8587	6	33
120	8736	7	45
121	9393	5	30
122	9566	15	39
123	9865	6	39
124	10335	4	34
125	10569	7	36
126	11198	8	31
127	11699	9	46
128	12062	2	35
129	12750	1	44
130	13165	1	26
131	13476	7	48
132	13960	3	36
133	14493	6	27
134	14988	4	44
135	15474	3	38
136	15932	10	26
137	16784	6	30
138	16950	5	33
139	18045	11	28
140	19002	7	33
141	19223	4	32
142	20534	6	28
143	20432	5	31
144	20898	8	43
145	22013	8	36
146	22846	9	33
147	23395	3	45
148	24517	9	31
149	25346	3	33
150	26197	3	36
151	26996	6	32
152	27844	2	32
153	28441	8	30
154	29461	4	38
155	30342	6	27
156	31376	5	42
157	32602	5	38
158	33456	4	22
159	34246	6	37
160	35653	6	38
161	36703	8	34
162	37267	3	26
163	38495	5	29
164	39802	2	30
165	40777	6	33
166	42074	3	34
167	43652	2	34
168	43819	6	27
169	45583	4	26
170	47317	9	27
171	47869	2	34
172	49993	7	31
173	51273	3	22
174	52654	6	36
175	54349	5	31
176	55157	5	24
177	56710	4	34
178	58589	5	27
179	59515	6	24
180	61505	9	26
181	62865	3	29
182	64237	4	19
183	65023	7	25
184	66996	1	33
185	68673	2	24
186	70272	3	30
187	71933	4	24
188	73223	3	28
189	74202	3	25
190	76764	1	24
191	78186	2	26
192	80679	6	19
193	81939	3	30
194	82505	2	36
195	84548	5	22
196	86858	1	31
197	88571	4	29
198	90187	4	28
199	91285	4	22
200	93310	4	31
201	94935	3	26
202	96460	6	26
203	98054	6	22
204	100194	4	19
205	101973	8	27
206	103036	5	20
207	103614	3	28
208	105796	1	20
209	108016	3	15
210	108262	5	14
211	110699	7	17
212	112299	4	10
213	113212	3	17
214	114987	4	21
215	116332	7	20
216	117559	1	15
217	118465	8	18
218	120791	1	17
219	121188	2	15
220	122276	1	11
221	123533	2	13
222	124143	2	15
223	125891	4	12
224	126598	1	19
225	127085	1	19
226	128048	1	15
227	128825	0	17
228	128913	3	18
229	130208	2	18
230	130761	5	15
231	130652	1	18
232	131512	4	14
233	132875	4	13
234	131981	2	14
235	132749	4	12
236	132975	1	18
237	132598	3	13
238	133591	3	12
239	133966	4	12
240	133140	3	12
241	133647	1	10
242	134094	5	12
243	133317	2	7
244	133260	2	12
245	133775	2	8
246	133150	3	13
247	132749	0	12
248	131905	2	12
249	131821	2	8
250	130684	3	14
251	129985	1	14
252	129797	2	8
253	128819	2	11
254	127978	1	8
255	126839	1	7
256	126661	3	7
257	125475	2	11
258	124067	2	5
259	124071	0	8
260	122840	1	5
261	121236	1	5
262	119717	1	7
263	119738	3	9
264	118058	3	10
265	117485	0	6
266	116726	1	10
267	114892	2	5
268	114063	1	6
269	113007	3	5
270	111478	1	7
271	110871	4	4
272	109189	2	6
273	107727	0	5
274	106066	0	6
275	105176	3	4
276	103549	0	5
277	102428	0	7
278	101361	2	5
279	99300	1	6
280	98229	1	7
281	97232	0	6
282	94965	1	7
283	93627	5	3
284	92626	0	6
285	91734	4	3
286	90756	2	4
287	89064	5	6
288	87229	0	1
289	85979	0	3
290	84007	1	2
291	82034	1	5
292	81178	6	1
293	79582	2	2
294	78300	1	5
295	77356	2	9
296	75713	2	3
297	74143	2	1
298	73058	3	4
299	71849	3	4
300	69801	2	3
301	68787	2	3
302	67384	4	3
303	65348	1	1
304	64414	3	4
305	63447	2	4
306	61975	1	5
307	60697	2	8
308	59811	0	3
309	58320	4	2
310	57527	6	3
311	56307	2	2
312	54748	1	3
313	53643	2	0
314	52526	1	2
315	51269	2	2
316	50647	1	2
317	49475	1	0
318	47899	3	5
319	47244	2	5
320	46446	2	2
321	45350	3	4
322	43666	1	0
323	43273	1	2
324	42241	2	5
325	40813	1	0
326	40415	3	2
327	38985	3	2
328	38240	1	1
329	36967	1	4
330	35976	3	3
331	35640	0	1
332	34502	0	6
333	33555	1	2
334	33291	2	1
335	32392	2	3
336	31382	0	1
337	30772	1	1
338	29972	1	1
339	28996	9	1
340	28503	4	2
341	27860	0	0
342	27027	1	2
343	26481	1	1
344	25998	4	5
345	24977	0	4
346	24454	2	1
347	23869	0	0
348	23006	2	1
349	22876	2	1
350	22065	1	1
351	21652	1	1
352	20751	0	2
353	20566	1	2
354	19892	4	0
355	19446	1	0
356	19239	1	0
357	19011	5	2
358	18187	2	0
359	17762	2	2
360	17092	3	0
361	16681	2	2
362	15954	0	1
363	15596	2	0
364	15395	1	1
365	15065	3	3
366	14400	1	2
367	14187	8	0
368	13852	0	1
369	13333	3	0
370	13338	2	0
371	12785	0	0
372	12527	1	1
373	11987	0	1
374	11780	2	4
375	11308	1	0
376	11311	5	3
377	10983	1	1
378	10769	0	1
379	10418	3	0
380	10127	2	1
381	9966	1	0
382	9662	2	0
383	9500	1	1
384	9050	0	0
385	8844	1	2
386	8567	0	1
387	8261	2	3
388	8265	1	1
389	8068	0	0
390	7578	2	1
391	7594	1	0
392	7333	1	0
393	7055	1	0
394	6935	4	0
395	6882	3	0
396	6663	1	4
397	6687	3	1
398	6273	0	0
399	6048	2	0
400	6155	0	0
401	5886	1	0
402	5750	3	1
403	5715	1	1
404	5595	2	1
405	5357	1	0
406	5309	0	0
407	5119	0	1
408	4922	0	0
409	4892	3	1
410	4658	5	0
411	4519	1	2
412	4454	1	0
413	4501	0	0
414	4138	1	0
415	4119	1	0
416	4053	5	0
417	3928	1	1
418	3734	1	0
419	3738	2	1
420	3748	2	0
421	3637	1	0
422	3474	0	1
423	3400	6	0
424	3448	0	0
425	3284	1	0
426	3088	1	1
427	3071	2	0
428	2951	0	1
429	2987	1	1
430	2919	2	0
431	2921	0	0
432	2775	4	0
433	2764	1	1
434	2736	2	1
435	2607	0	0
436	2577	5	0
437	2478	10	0
438	2483	0	1
439	2472	1	0
440	2330	2	0
441	2260	2	0
442	2268	0	0
443	2164	1	0
444	2229	0	0
445	2133	3	0
446	1997	0	0
447	1961	0	1
448	2082	2	1
449	1937	1	1
450	1915	2	2
451	1786	0	0
452	1868	0	0
453	1830	2	0
454	1944	2	1
455	1778	1	0
456	1713	0	0
457	1640	3	0
458	1567	0	0
459	1566	3	0
460	1710	2	0
461	1618	0	0
462	1568	1	0
463	1515	1	0
464	1448	1	1
465	1508	2	1
466	1475	0	1
467	1451	1	2
468	1381	1	1
469	1407	4	0
470	1369	0	1
471	1257	1	0
472	1284	1	0
473	1320	1	0
474	1261	1	0
475	1271	0	0
476	1260	0	0
477	1275	3	0
478	1229	1	1
479	1236	0	1
480	1248	1	0
481	1215	0	0
482	1029	1	0
483	1061	3	3
484	1019	2	0
485	1014	1	0
486	959	0	1
487	947	0	0
488	902	0	0
489	893	1	1
490	940	0	0
491	919	1	0
492	863	0	0
493	875	2	0
494	894	0	0
495	886	1	0
496	853	0	0
497	873	0	0
498	813	2	0
499	905	0	0
500	849	0	1
501	822	1	0
502	792	2	0
503	813	1	0
504	780	2	0
505	809	1	0
506	740	2	0
507	772	0	0
508	724	1	0
509	757	1	0
510	741	3	1
511	752	4	0
512	753	0	0
513	689	0	1
514	779	1	0
515	703	1	0
516	736	1	0
517	683	0	0
518	705	1	0
519	697	2	0
520	721	0	0
521	763	0	0
522	740	2	0
523	747	1	0
524	698	1	0
525	670	0	0
526	664	0	0
527	719	0	0
528	644	1	1
529	700	1	0
530	689	1	0
531	667	1	0
532	634	2	0
533	636	2	0
534	632	2	0
535	640	1	0
536	631	3	0
537	647	0	0
538	669	0	0
539	597	2	0
540	672	0	0
541	654	2	0
542	651	0	0
543	631	1	0
544	611	0	1
545	583	1	0
546	601	1	0
547	582	0	1
548	604	1	1
549	559	0	0
550	587	1	0
551	604	0	0
552	594	1	0
553	575	1	0
554	636	2	0
555	591	0	0
556	566	2	0
557	574	0	0
558	605	0	0
559	615	0	0
560	593	1	0
561	611	1	0
562	593	1	2
563	543	0	1
564	602	1	0
565	590	0	0
566	573	1	0
567	568	2	1
568	558	1	0
569	588	0	0
570	551	1	0
571	569	1	0
572	596	0	0
573	548	0	0
574	597	0	0
575	525	2	0
576	552	1	0
577	576	0	0
578	583	0	0
579	575	0	0
580	577	1	0
581	575	0	1
582	572	0	0
583	535	0	0
584	568	0	0
585	599	1	0
586	550	1	0
587	547	0	0
588	538	0	0
589	560	0	0
590	513	1	0
591	543	1	0
592	562	1	0
593	530	0	0
594	528	1	0
595	573	0	0
596	579	1	0
597	534	0	0
598	558	0	1
599	540	0	1
600	549	0	0
601	568	1	0
602	558	0	0
603	554	1	0
604	561	1	0
605	576	0	0
606	538	1	0
607	554	1	0
608	539	2	0
609	544	0	0
610	573	0	1
611	566	2	0
612	549	2	0
613	536	0	0
614	566	0	0
615	581	0	0
616	556	0	0
617	557	0	2
618	571	1	0
619	585	0	0
620	534	0	0
621	587	2	1
622	579	1	0
623	559	1	0
624	531	0	0
625	568	1	0
626	547	0	0
627	544	0	0
628	569	0	0
629	583	0	0
630	560	1	0
631	581	1	0
632	549	0	0
633	533	0	0
634	557	1	0
635	522	2	0
636	517	0	1
637	504	0	0
638	497	2	1
639	500	0	0
640	553	0	0
641	546	1	0
642	461	0	0
643	492	0	0
644	479	0	0
645	479	0	0
646	500	0	0
647	483	1	0
648	487	1	0
649	468	0	0
650	485	0	0
651	465	1	0
652	481	1	1
653	497	1	0
654	433	1	0
655	480	1	0
656	455	1	0
657	491	0	0
658	451	0	0
659	464	0	0
660	456	0	0
661	470	0	0
662	480	0	0
663	463	0	0
664	447	1	0
665	492	3	0
666	474	0	0
667	480	0	0
668	482	1	0
669	481	0	0
670	436	0	0
671	451	0	0
672	429	2	1
673	470	1	0
674	412	0	0
675	428	0	0
676	429	1	0
677	386	0	1
678	409	1	0
679	429	1	0
680	408	1	0
681	392	1	0
682	430	1	0
683	383	0	0
684	378	0	0
685	423	1	0
686	384	0	1
687	385	0	0
688	398	0	0
689	391	1	0
690	412	0	0
691	394	0	0
692	409	1	0
693	420	0	0
694	374	1	0
695	349	2	0
696	356	0	0
697	347	1	0
698	350	0	0
699	372	0	0
700	313	0	0
701	374	2	0
702	334	0	0
703	345	0	0
704	334	3	0
705	359	1	0
706	350	1	0
707	333	0	1
708	350	2	0
709	332	0	0
710	335	0	1
711	329	0	0
712	316	1	0
713	305	1	0
714	347	0	0
715	319	0	0
716	294	1	0
717	338	1	0
718	336	1	0
719	318	2	0
720	363	0	0
721	310	1	0
722	315	0	0
723	337	0	0
724	338	0	0
725	351	1	0
726	299	1	0
727	350	0	0
728	370	0	0
729	312	1	0
730	336	0	0
731	313	1	0
732	294	0	0
733	326	1	0
734	286	0	0
735	295	0	0
736	310	1	0
737	309	0	1
738	289	2	0
739	333	0	0
740	299	0	0
741	291	0	0
742	316	0	0
743	324	1	0
744	316	0	0
745	333	0	1
746	332	0	0
747	293	0	0
748	263	1	0
749	283	1	0
750	268	0	0
751	287	1	0
752	301	0	0
753	279	0	0
754	292	2	0
755	292	0	0
756	288	0	0
757	254	0	0
758	243	1	0
759	238	1	0
760	259	0	0
761	235	1	0
762	240	0	0
763	221	1	0
764	245	0	0
765	244	0	0
766	220	2	0
767	219	0	0
768	233	0	0
769	254	0	0
770	230	1	0
771	216	0	0
772	207	1	0
773	221	1	0
774	202	0	0
775	213	1	0
776	220	0	0
777	228	0	0
778	194	1	0
779	192	2	0
780	228	1	0
781	195	0	0
782	181	0	0
783	192	0	0
784	173	0	0
785	180	0	0
786	218	1	1
787	206	0	0
788	155	1	0
789	189	0	0
790	158	2	0
791	185	2	0
792	178	0	0
793	157	0	0
794	177	0	0
795	165	2	0
796	164	0	0
797	165	0	0
798	186	0	0
799	141	2	0
800	182	0	0
801	153	0	0
802	134	1	0
803	161	0	0
804	159	0	0
805	135	0	0
806	129	0	0
807	133	0	0
808	131	0	0
809	125	0	0
810	144	1	0
811	137	1	0
812	108	0	0
813	108	0	0
814	118	1	0
815	123	1	0
816	141	1	0
817	119	2	0
818	131	0	0
819	118	1	0
820	133	1	0
821	123	2	0
822	129	0	0
823	118	0	0
824	107	0	0
825	99	0	0
826	110	1	0
827	93	1	0
828	109	0	0
829	103	0	0
830	100	1	0
831	100	0	0
832	93	0	0
833	92	0	0
834	96	2	0
835	95	1	0
836	99	1	0
837	112	0	0
838	111	0	0
839	97	0	0
840	112	1	0
841	76	1	0
842	70	1	0
843	87	0	0
844	70	0	0
845	93	1	0
846	90	0	0
847	89	0	0
848	77	0	0
849	84	1	0
850	87	1	0
851	73	0	0
852	84	0	0
853	75	0	0
854	68	0	0
855	69	0	0
856	77	0	0
857	78	0	0
858	85	0	0
859	78	1	0
860	75	0	0
861	66	0	0
862	63	0	0
863	57	1	0
864	77	0	0
865	81	1	0
866	67	0	0
867	77	0	0
868	64	1	0
869	56	0	0
870	64	0	0
871	72	0	0
872	69	0	0
873	67	1	0
874	54	0	0
875	64	0	0
876	58	0	0
877	65	0	0
878	63	0	0
879	68	1	0
880	59	0	0
881	60	0	0
882	66	0	0
883	63	0	0
884	60	0	0
885	53	1	0
886	40	0	0
887	66	1	0
888	60	0	0
889	52	0	1
890	57	0	0
891	63	0	0
892	58	0	0
893	47	0	0
894	53	0	0
895	45	0	0
896	53	0	0
897	52	0	0
898	52	0	0
899	56	0	0
900	51	0	0
901	52	0	0
902	54	2	0
903	50	0	0
904	36	0	0
905	30	1	0
906	36	0	0
907	51	0	0
908	38	0	0
909	41	0	0
910	36	1	0
911	45	0	0
912	37	2	0
913	45	0	0
914	42	1	0
915	44	1	0
916	57	0	0
917	36	0	0
918	51	0	0
919	40	0	0
920	40	1	0
921	43	0	0
922	28	0	0
923	38	0	0
924	52	0	0
925	39	0	0
926	45	1	0
927	38	0	0
928	43	0	0
929	41	0	0
930	41	0	0
931	42	0	0
932	48	0	0
933	37	0	0
934	36	0	0
935	32	0	0
936	22	0	0
937	35	1	0
938	27	0	0
939	31	0	0
940	27	0	0
941	25	0	0
942	36	0	0
943	33	0	0
944	27	0	0
945	29	1	0
946	30	0	0
947	32	0	0
948	28	0	0
949	38	0	0
950	43	2	0
951	32	0	0
952	27	0	0
953	30	0	0
954	28	2	0
955	33	0	0
956	27	0	0
957	23	0	0
958	30	2	0
959	27	0	0
960	27	0	0
961	30	0	0
962	30	1	0
963	27	1	0
964	36	0	0
965	30	1	0
966	33	0	0
967	21	0	0
968	20	0	0
969	36	0	0
970	20	0	0
971	27	0	0
972	24	0	0
973	28	0	0
974	22	1	0
975	25	1	0
976	30	0	0
977	18	0	0
978	26	0	0
979	22	0	0
980	28	0	0
981	19	0	0
982	27	0	0
983	25	0	0
984	22	0	0
985	23	0	0
986	25	0	0
987	24	0	0
988	27	0	0
989	22	0	0
990	17	0	0
991	22	1	0
992	13	0	0
993	14	0	0
994	13	1	0
995	19	0	0
996	26	0	0
997	31	0	0
998	19	0	0
999	20	0	0
1000	20	0	0
1001	15	0	0
1002	25	1	0
1003	19	0	0
1004	15	0	0
1005	23	0	0
1006	25	0	0
1007	16	1	0
1008	25	1	0
1009	26	0	0
1010	24	0	0
1011	19	1	0
1012	18	0	0
1013	28	0	0
1014	17	0	0
1015	19	0	0
1016	20	0	0
1017	17	0	0
1018	19	0	0
1019	24	0	0
1020	28	0	0
1021	18	0	0
1022	15	0	0
1023	15	0	0
1024	23	0	0
1025	16	0	0
1026	14	0	0
1027	18	0	0
1028	17	0	0
1029	18	0	0
1030	19	1	0
1031	16	0	0
1032	15	0	0
1033	15	0	0
1034	15	0	0
1035	19	0	0
1036	16	0	0
1037	16	0	0
1038	13	0	0
1039	17	0	0
1040	16	0	0
1041	14	2	0
1042	20	0	0
1043	22	0	0
1044	15	0	0
1045	21	0	0
1046	17	0	0
1047	14	1	0
1048	16	0	0
1049	11	0	0
1050	22	0	0
1051	16	0	0
1052	18	0	0
1053	17	0	0
1054	21	0	0
1055	12	0	0
1056	13	0	0
1057	10	0	0
1058	10	0	0
1059	15	0	0
1060	19	0	0
1061	14	0	0
1062	12	0	0
1063	8	0	0
1064	12	0	0
1065	9	1	0
1066	18	0	0
1067	13	0	0
1068	9	0	0
1069	10	1	0
1070	21	0	1
1071	13	1	0
1072	13	0	0
1073	12	0	0
1074	10	0	0
1075	17	0	0
1076	11	0	0
1077	7	0	0
1078	13	0	0
1079	8	0	0
1080	11	0	0
1081	17	0	0
1082	12	0	0
1083	10	0	0
1084	15	0	0
1085	11	0	0
1086	6	0	0
1087	10	0	0
1088	17	0	0
1089	10	0	0
1090	9	0	0
1091	12	0	0
1092	8	0	0
1093	9	0	0
1094	6	0	0
1095	4	0	0
1096	10	0	0
1097	6	0	0
1098	9	0	0
1099	0	1	0
1100	13	1	0
1101	8	0	0
1102	5	0	0
1103	8	0	0
1104	8	0	0
1105	5	0	0
1106	8	0	0
1107	8	0	0
1108	8	1	0
1109	8	0	0
1110	11	0	0
1111	6	0	0
1112	5	0	0
1113	5	1	0
1114	6	1	0
1115	10	0	0
1116	8	0	0
1117	5	0	0
1118	6	0	0
1119	5	0	0
1120	4	0	0
1121	11	0	0
1122	10	0	0
1123	9	0	0
1124	7	1	0
1125	5	0	0
1126	6	0	0
1127	10	0	0
1128	4	0	0
1129	8	0	0
1130	4	0	0
1131	5	0	0
1132	5	0	0
1133	2	0	0
1134	7	0	0
1135	8	2	0
1136	3	0	0
1137	3	0	0
1138	1	0	0
1139	5	0	0
1140	2	0	0
1141	4	0	0
1142	5	0	0
1143	9	2	0
1144	3	0	0
1145	4	0	0
1146	6	0	0
1147	1	0	0
1148	4	1	0
1149	6	0	0
1150	4	1	0
1151	2	0	0
1152	4	1	0
1153	6	0	0
1154	2	0	0
1155	5	0	0
1156	4	0	0
1157	7	1	0
1158	4	0	0
1159	3	0	0
1160	8	0	0
1161	2	0	0
1162	3	0	0
1163	4	1	0
1164	5	0	0
1165	3	0	0
1166	3	1	0
1167	2	0	0
1168	4	0	0
1169	4	2	0
1170	3	0	0
1171	2	0	0
1172	5	0	0
1173	4	0	0
1174	2	0	0
1175	3	0	0
1176	2	0	0
1177	1	0	0
1178	4	0	0
1179	1	0	0
1180	2	1	0
1181	1	0	0
1182	3	0	0
1183	3	0	0
1184	4	0	0
1185	3	0	0
1186	4	0	0
1187	6	0	0
1188	4	0	0
1189	2	0	0
1190	3	0	0
1191	5	0	0
1192	4	0	0
1193	2	0	0
1194	4	0	0
1195	5	0	0
1196	4	0	0
1197	2	1	0
1198	3	0	0
1199	7	0	0
1200	2	0	0
1201	0	0	1
1202	7	0	0
1203	7	0	0
1204	3	0	0
1205	2	0	0
1206	3	0	0
1207	1	0	0
1208	4	0	0
1209	3	0	1
1210	3	0	0
1211	3	0	0
1212	4	0	0
1213	3	0	0
1214	3	1	0
1215	3	0	0
1216	6	0	0
1217	2	0	0
1218	6	0	0
1219	12	0	0
1220	3	0	0
1221	1	0	0
1222	5	1	0
1223	5	0	0
1224	4	0	0
1225	3	0	0
1226	4	0	0
1227	3	0	0
1228	5	1	0
1229	5	0	0
1230	3	0	0
1231	3	0	0
1232	5	1	0
1233	2	0	1
1234	3	0	0
1235	3	0	0
1236	4	0	0
1237	2	0	0
1238	5	0	0
1239	3	0	1
1240	3	0	0
1241	2	0	0
1242	2	0	0
1243	5	0	0
1244	6	0	0
1245	3	0	0
1246	3	0	0
1247	4	0	0
1248	5	0	0
1250	4	0	0
1251	5	0	0
1252	5	0	0
1253	1	0	0
1254	6	0	0
1256	4	0	0
1257	3	0	2
1258	3	0	0
1259	1	0	0
1260	4	0	0
1261	6	0	0
1262	5	0	0
1263	2	0	0
1264	3	0	0
1265	1	1	0
1266	3	0	0
1267	5	0	0
1268	3	0	0
1269	5	0	0
1270	2	0	0
1271	4	0	0
1272	2	0	0
1273	7	0	0
1274	3	0	0
1275	3	0	0
1276	8	0	0
1277	2	0	0
1278	4	0	0
1279	2	0	0
1280	5	0	0
1281	5	0	0
1282	5	0	1
1283	4	1	0
1284	5	0	1
1285	3	0	0
1287	5	0	0
1288	4	0	0
1289	4	0	0
1290	4	0	0
1291	4	0	0
1292	6	0	0
1293	8	0	0
1294	6	0	0
1295	3	0	0
1296	3	0	0
1297	7	0	0
1298	1	0	0
1299	6	0	0
1300	2	0	0
1301	5	0	0
1302	5	0	0
1303	3	0	0
1304	2	0	0
1306	5	0	0
1307	2	0	0
1308	1	0	0
1309	2	0	0
1310	3	1	0
1311	1	0	0
1312	2	0	0
1313	3	0	0
1315	4	0	0
1316	5	0	0
1317	4	0	0
1318	2	0	0
1319	2	0	0
1320	1	0	0
1321	3	0	0
1322	2	1	0
1323	2	0	0
1324	1	0	0
1325	1	0	0
1326	3	0	0
1327	2	0	0
1328	3	0	0
1329	2	0	0
1330	2	0	0
1331	3	0	0
1334	5	0	0
1335	5	0	0
1336	3	0	0
1337	4	0	0
1338	5	0	0
1339	4	0	0
1340	7	0	0
1341	3	0	1
1342	2	0	0
1343	6	0	0
1344	4	0	0
1345	9	0	0
1346	5	0	0
1347	3	1	0
1348	6	0	0
1349	6	0	0
1350	5	0	0
1351	5	1	0
1352	8	0	0
1353	6	0	0
1354	8	0	0
1355	10	0	0
1356	5	0	0
1357	5	0	0
1358	9	1	0
1359	9	0	0
1360	8	0	0
1361	11	0	0
1362	10	0	0
1363	5	0	0
1364	8	0	0
1365	11	0	0
1366	10	0	0
1367	11	0	0
1368	11	0	0
1369	14	0	0
1370	9	0	0
1371	11	0	0
1372	17	0	0
1373	10	0	0
1374	13	0	0
1375	14	0	0
1376	16	1	0
1377	12	0	0
1378	13	0	0
1379	12	0	0
1380	11	0	0
1381	15	0	0
1382	16	0	0
1383	12	0	0
1384	9	0	0
1385	8	0	0
1386	11	0	0
1387	15	0	0
1388	14	0	0
1389	10	0	0
1390	15	0	0
1391	18	0	0
1392	17	0	0
1393	20	0	0
1394	12	0	0
1395	14	0	0
1396	17	0	0
1397	17	0	0
1398	17	0	0
1399	16	0	0
1400	21	0	0
1401	19	0	0
1402	19	0	0
1403	14	0	0
1404	13	0	0
1405	18	0	0
1406	17	0	0
1407	12	0	0
1408	16	0	0
1409	14	0	0
1410	16	0	0
1411	16	0	0
1412	13	0	0
1413	13	0	0
1414	14	0	0
1415	12	0	0
1416	13	0	0
1417	8	0	0
1418	13	0	0
1419	14	0	0
1420	14	0	0
1421	14	0	0
1422	15	0	0
1423	21	0	0
1424	21	0	0
1425	15	0	0
1426	16	0	0
1427	17	0	0
1428	13	0	0
1429	17	1	0
1430	17	0	0
1431	19	0	0
1432	15	1	0
1433	19	0	0
1434	19	0	0
1435	19	0	0
1436	19	0	0
1437	13	0	0
1438	22	0	0
1439	23	0	1
1440	15	0	0
1441	24	0	0
1442	19	0	0
1443	19	0	0
1444	18	0	0
1445	18	1	0
1446	23	0	0
1447	22	0	0
1448	20	0	0
1449	20	0	0
1450	16	0	0
1451	23	0	0
1452	27	0	0
1453	17	0	0
1454	20	0	0
1455	23	0	0
1456	21	0	0
1457	22	0	0
1458	16	0	0
1459	20	1	0
1460	19	0	0
1461	20	0	0
1462	24	0	0
1463	23	0	0
1464	18	0	0
1465	17	0	0
1466	23	0	0
1467	17	0	0
1468	21	0	0
1469	16	0	0
1470	19	0	0
1471	17	0	0
1472	14	0	0
1473	12	0	0
1474	13	0	0
1475	13	1	0
1476	6	0	0
1477	16	0	0
1478	11	0	0
1479	21	0	0
1480	15	0	0
1481	17	0	0
1482	18	0	0
1483	11	0	0
1484	12	1	0
1485	11	0	0
1486	10	0	0
1487	9	0	0
1488	16	0	0
1489	9	0	0
1490	8	0	0
1491	8	0	0
1492	11	0	0
1493	9	0	0
1494	9	0	0
1495	10	0	0
1496	10	0	0
1497	9	0	0
1498	7	0	0
1499	12	0	0
1500	9	0	0
1501	2	0	0
1502	6	1	0
1503	6	0	0
1504	9	0	0
1505	5	0	0
1506	5	0	0
1507	5	0	0
1508	5	0	0
1509	7	0	0
1510	7	0	0
1511	9	0	0
1512	3	0	0
1513	11	0	0
1514	7	0	0
1515	4	0	0
1516	5	0	0
1517	6	0	0
1518	7	0	0
1519	7	0	0
1520	7	0	0
1521	11	0	0
1522	5	0	0
1523	5	0	0
1524	10	0	0
1525	5	0	0
1526	7	0	0
1527	8	0	0
1528	4	0	0
1529	6	0	0
1530	7	0	0
1531	8	0	0
1532	5	0	0
1533	9	0	0
1534	7	0	0
1535	8	0	0
1536	6	0	0
1537	11	0	0
1538	9	0	0
1539	10	0	0
1540	5	0	0
1541	3	0	0
1542	7	0	0
1543	5	0	0
1544	8	0	0
1545	3	0	0
1546	4	0	0
1547	3	0	0
1548	5	0	0
1549	4	0	0
1550	3	0	0
1551	5	0	0
1552	8	0	0
1553	8	0	0
1554	7	0	0
1555	9	0	0
1556	6	0	0
1557	7	0	0
1558	5	0	0
1559	6	0	0
1560	7	0	0
1561	7	0	0
1562	4	0	0
1563	4	0	0
1564	2	0	0
1565	7	0	0
1566	7	0	0
1567	4	0	0
1568	8	0	0
1569	8	0	0
1570	3	0	0
1571	6	0	0
1572	5	0	0
1573	6	0	0
1574	4	0	0
1575	8	1	0
1576	6	0	0
1577	7	0	0
1578	12	0	0
1579	8	0	0
1580	13	0	0
1581	6	0	0
1582	4	0	0
1583	5	0	0
1584	3	0	0
1585	4	0	0
1586	7	0	0
1587	3	0	0
1588	5	0	0
1589	2	0	0
1590	9	1	0
1591	12	0	0
1592	6	0	0
1593	10	0	0
1594	8	0	0
1595	5	0	0
1596	6	0	0
1597	2	0	0
1598	6	0	0
1599	8	0	0
1600	6	0	0
1601	8	0	0
1602	3	0	0
1603	7	0	0
1604	5	0	0
1605	5	0	0
1606	10	0	0
1607	5	0	0
1608	9	0	0
1609	8	0	0
1610	8	0	0
1611	8	0	0
1612	8	0	0
1613	7	0	0
1614	3	0	0
1615	4	0	0
1616	6	1	0
1617	8	0	0
1618	4	0	0
1619	7	1	0
1620	5	0	0
1621	10	0	0
1622	4	0	0
1623	11	0	0
1624	12	0	0
1625	6	0	0
1626	4	0	0
1627	3	0	0
1628	5	0	0
1629	5	0	0
1630	7	0	0
1631	4	0	0
1632	7	0	0
1633	10	0	0
1634	7	0	0
1635	6	0	0
1636	4	1	0
1637	7	0	0
1638	5	0	0
1639	5	0	0
1640	7	0	0
1641	3	0	0
1642	6	0	0
1643	6	0	0
1644	5	0	0
1645	2	0	0
1646	3	0	0
1647	6	0	0
1648	5	0	0
1649	2	0	0
1650	10	0	0
1651	4	0	0
1652	4	0	0
1653	6	0	0
1654	4	0	0
1655	6	0	0
1656	7	0	0
1657	7	0	0
1658	6	0	0
1659	4	0	0
1660	3	0	0
1661	6	0	0
1662	6	0	0
1663	2	0	0
1664	0	1	0
1665	1	0	0
1666	2	0	0
1667	5	0	0
1668	3	0	0
1669	1	0	0
1671	1	0	0
1672	0	1	0
1673	3	0	0
1674	3	0	0
1675	2	0	0
1676	3	0	0
1677	1	0	0
1678	4	0	0
1679	3	0	0
1680	2	0	0
1681	2	0	0
1682	2	0	0
1683	4	0	0
1684	4	0	0
1685	1	0	0
1686	2	0	0
1687	1	0	0
1688	1	0	0
1689	7	0	0
1690	3	0	0
1691	2	0	0
1692	3	0	0
1693	3	0	0
1694	2	0	0
1695	4	0	0
1696	3	0	0
1697	5	0	0
1698	2	0	0
1699	4	0	0
1700	1	0	0
1702	4	0	0
1703	3	0	0
1704	3	0	0
1705	2	0	0
1706	2	0	0
1708	1	0	0
1710	3	0	0
1711	3	0	0
1712	4	0	0
1713	1	0	0
1714	2	0	0
1715	3	0	0
1716	5	1	0
1717	1	0	0
1718	3	0	0
1719	2	0	0
1720	3	0	0
1721	4	0	0
1722	2	0	0
1723	1	0	0
1724	4	0	0
1725	4	0	0
1726	2	0	0
1727	1	0	0
1728	4	0	0
1729	3	1	0
1730	2	0	0
1731	2	0	0
1732	4	0	0
1733	3	0	0
1734	4	0	0
1735	4	1	0
1736	5	0	0
1737	6	0	0
1738	2	0	0
1739	3	1	0
1740	2	0	0
1741	3	0	0
1742	1	0	0
1744	3	0	0
1745	1	0	0
1746	1	0	0
1747	2	0	0
1748	1	0	0
1749	2	0	0
1750	2	0	0
1751	4	0	0
1752	4	0	0
1753	5	0	0
1754	10	0	0
1755	5	0	0
1756	9	0	0
1757	4	0	0
1758	4	0	0
1759	4	0	0
1760	4	0	0
1761	3	0	0
1762	6	0	0
1763	7	0	0
1764	5	0	0
1765	8	0	0
1766	8	0	0
1767	9	0	0
1768	8	0	0
1769	5	0	0
1770	8	0	0
1771	5	0	0
1772	6	0	0
1773	8	0	0
1774	6	1	0
1775	7	0	0
1776	5	0	0
1777	4	1	0
1778	5	0	0
1779	6	0	0
1780	10	0	0
1781	9	0	0
1782	12	0	0
1783	11	0	0
1784	6	0	0
1785	6	0	0
1786	8	0	0
1787	8	0	0
1788	10	0	0
1789	9	0	0
1790	6	0	0
1791	5	0	0
1792	6	0	0
1793	16	0	0
1794	8	0	0
1795	4	0	0
1796	8	1	0
1797	6	0	0
1798	4	0	0
1799	9	0	1
1800	6	0	0
1801	4	0	0
1802	11	0	0
1803	4	0	0
1804	6	0	1
1805	6	0	0
1806	14	0	0
1807	7	1	0
1808	9	1	0
1809	6	0	0
1810	5	0	0
1811	6	0	0
1812	6	0	0
1813	6	0	0
1814	2	0	0
1815	6	0	0
1816	4	0	0
1817	4	0	1
1818	8	0	0
1819	11	0	0
1820	3	0	0
1821	5	0	1
1822	6	0	0
1823	6	0	0
1824	3	0	0
1825	9	0	0
1826	3	0	0
1827	1	0	0
1828	7	0	0
1829	6	0	0
1830	8	0	0
1831	2	0	0
1832	11	0	0
1833	6	0	0
1834	25	0	1
1835	7	0	0
1836	12	0	0
1837	15	1	0
1838	4	0	0
1839	4	0	0
1840	1	0	0
1841	3	0	0
1842	3	0	0
1843	3	0	0
1844	2	0	0
1845	3	0	0
1846	4	0	0
1847	3	0	0
1848	3	0	0
1849	3	0	0
1850	2	0	0
1851	2	0	0
1852	3	0	0
1853	5	0	0
1854	21	0	0
1855	23	0	0
1856	30	0	1
1857	9	0	0
1858	22	0	0
1859	6	0	0
1860	2	0	0
1861	3	0	0
1862	3	0	0
1863	1	1	0
1864	6	0	0
1865	6	0	0
1866	1	0	0
1867	6	0	1
1868	2	1	0
1869	1	0	0
1870	1	0	0
1871	4	0	0
1872	2	0	0
1874	3	0	0
1875	3	0	0
1876	2	0	0
1877	1	1	1
1878	1	0	0
1880	2	0	0
1881	3	0	0
1882	2	0	1
1883	1	0	0
1884	1	0	0
1885	3	0	0
1886	2	0	0
1887	1	0	0
1888	3	0	0
1889	2	0	0
1890	2	0	1
1891	4	0	0
1892	2	0	0
1893	3	0	0
1894	1	0	0
1895	4	0	1
1899	1	0	0
1901	3	0	0
1902	1	0	0
1903	4	0	0
1904	1	0	0
1905	1	0	0
1907	2	0	0
1908	1	0	0
1911	1	0	0
1913	1	0	0
1915	2	0	0
1917	1	0	0
1918	2	0	0
1920	2	0	0
1921	1	0	0
1922	1	0	0
1926	4	0	0
1927	1	0	0
1928	1	0	0
1930	1	0	0
1931	1	0	0
1932	4	0	0
1934	3	0	0
1935	3	0	0
1938	2	0	0
1939	1	0	0
1940	2	0	0
1942	2	0	0
1943	1	0	0
1944	1	0	0
1945	1	0	0
1946	3	0	0
1949	6	0	0
1952	33	0	0
1953	3	0	0
1956	1	0	0
1959	1	0	0
1966	3	0	0
1973	1	0	0
1977	2	0	0
1980	1	0	0
1983	1	0	0
1988	1	0	0
1989	1	0	0
1992	0	1	0
1997	1	0	0
2006	1	0	0
2008	1	0	0
2009	1	0	0
2019	0	1	0
2024	1	0	0
2026	1	0	0
2027	1	1	0
2028	1	0	0
2029	1	0	0
2033	1	0	0
2034	1	0	0
2056	1	0	0
2062	1	0	0
2063	0	1	0
2067	1	0	0
2075	2	0	0
2081	1	0	0
2090	1	0	0
2103	0	0	1
2107	0	0	1
2118	0	0	1
2132	1	0	0
2134	1	0	0
2141	1	0	0
2142	1	0	0
2152	1	0	0
2158	1	0	0
2168	1	0	0
2184	1	0	0
2201	2	0	0
2219	0	0	1
2225	0	0	1
2226	1	0	0
2247	1	0	0
2268	2	0	0
2289	1	0	0
2291	1	0	0
2293	1	0	0
2296	0	0	1
2327	1	0	0
2331	1	0	0
2332	1	0	0
2333	1	0	0
2335	1	0	0
2336	2	0	0
2338	2	0	0
2340	4	0	0
2341	2	0	0
2345	5	0	0
2346	1	0	0
2347	2	0	0
2348	3	0	0
2349	1	0	0
2350	4	0	0
2351	2	0	0
2352	2	0	0
2353	5	0	0
2354	2	0	0
2355	5	0	0
2356	6	0	0
2358	1	0	0
2359	3	0	0
2360	6	0	0
2361	1	0	0
2362	2	0	0
2363	7	0	0
2364	2	0	0
2365	3	0	0
2366	1	0	0
2367	7	0	0
2368	1	0	0
2369	9	0	0
2370	2	0	0
2371	5	0	0
2372	3	0	0
2373	5	0	0
2374	11	0	0
2375	5	0	0
2376	3	0	0
2377	4	0	0
2378	3	0	0
2379	4	0	0
2380	7	0	0
2381	5	0	0
2382	6	0	0
2383	3	0	0
2384	4	0	0
2385	6	0	0
2386	5	0	0
2387	5	0	0
2388	3	0	0
2389	1	0	0
2390	4	0	0
2391	6	0	0
2392	7	0	0
2393	2	0	0
2394	3	0	0
2395	5	0	0
2396	6	0	0
2397	5	0	0
2398	4	0	0
2399	2	0	0
2400	3	0	0
2401	6	0	0
2402	5	0	0
2403	3	0	0
2404	5	0	0
2405	6	0	0
2406	6	0	0
2407	5	0	0
2408	3	0	0
2409	3	0	0
2410	3	0	0
2411	5	0	0
2412	1	0	0
2413	4	0	0
2414	5	0	0
2415	7	0	0
2416	5	0	0
2418	4	0	0
2419	5	0	0
2420	4	0	0
2421	2	0	0
2422	3	0	0
2423	4	0	0
2424	5	0	0
2425	2	0	0
2426	2	0	0
2427	2	0	0
2428	1	0	0
2429	5	0	0
2430	1	0	0
2431	2	0	0
2432	4	0	0
2433	4	0	0
2434	1	0	0
2435	3	0	0
2436	5	0	0
2437	3	0	0
2438	4	0	0
2439	4	0	0
2440	4	0	0
2441	2	0	0
2442	1	0	0
2443	5	0	0
2444	2	0	0
2445	3	0	0
2446	6	0	0
2447	3	0	0
2448	4	0	0
2449	3	0	0
2450	8	0	0
2451	3	1	0
2452	1	0	0
2453	1	0	0
2454	2	0	0
2455	2	0	0
2456	2	0	0
2457	2	0	0
2458	4	0	0
2459	4	0	0
2460	4	0	0
2461	3	0	0
2462	2	0	0
2463	4	0	0
2464	4	0	0
2465	5	0	0
2466	2	0	0
2467	2	0	0
2468	5	0	0
2469	2	0	0
2470	4	0	0
2471	5	0	0
2472	4	0	0
2473	4	0	0
2474	2	0	0
2475	5	0	0
2476	2	0	0
2477	5	0	0
2478	6	0	0
2479	1	0	0
2480	2	0	0
2481	3	0	0
2482	4	0	0
2483	3	0	0
2484	3	0	0
2485	2	0	0
2486	2	0	0
2487	3	0	1
2488	2	0	0
2489	1	0	0
2490	3	0	0
2491	2	0	0
2492	1	0	0
2493	3	0	0
2495	3	0	0
2496	1	0	0
2497	3	0	0
2499	5	0	0
2500	1	0	0
2501	1	0	0
2502	4	0	0
2503	4	0	0
2504	3	0	0
2505	1	0	0
2506	2	0	0
2507	1	0	0
2508	1	0	0
2509	1	0	0
2510	2	0	0
2512	2	0	0
2513	2	0	0
2514	3	0	0
2515	4	0	0
2516	2	0	0
2517	2	0	0
2518	7	0	0
2519	1	0	0
2520	4	0	0
2521	2	0	0
2522	2	0	0
2523	1	0	0
2525	1	0	0
2526	5	0	0
2527	1	0	0
2530	1	0	0
2533	3	0	0
2534	1	0	0
2535	3	0	0
2536	1	0	0
2537	1	0	0
2538	2	0	0
2539	4	0	0
2540	2	0	0
2541	1	0	0
2542	1	0	0
2543	1	0	0
2544	2	0	0
2546	1	0	0
2549	1	0	0
2550	1	0	0
2552	1	0	0
2555	2	0	0
2557	3	0	0
2561	1	0	0
2563	2	0	0
2569	2	0	0
2570	1	0	0
2571	1	0	0
2574	1	0	0
2578	1	0	0
2579	1	0	0
2580	2	0	0
2582	1	0	0
2584	1	0	0
2593	1	0	0
2599	1	0	0
2601	1	0	0
2603	1	0	0
2613	1	0	0
2618	1	0	0
2621	1	0	0
2623	1	0	0
2625	1	0	0
2627	1	0	0
2632	1	0	0
2643	1	0	0
2647	1	0	0
2648	1	0	0
2649	1	0	0
2654	1	0	0
2655	1	0	0
2656	2	0	0
2658	1	0	0
2660	1	0	0
2663	3	0	0
2664	4	0	0
2665	2	0	0
2667	2	0	0
2668	1	0	0
2669	1	0	0
2671	2	0	0
2672	1	0	0
2673	2	0	0
2674	2	0	0
2676	3	0	0
2677	3	0	0
2679	3	0	0
2680	2	0	0
2681	2	0	0
2682	1	0	0
2683	3	0	0
2684	1	0	0
2685	4	0	0
2686	2	0	0
2687	5	0	0
2688	3	0	0
2689	1	0	0
2690	2	0	0
2691	3	0	0
2692	4	0	0
2693	7	0	0
2694	3	0	0
2695	4	0	0
2696	1	0	0
2697	2	0	0
2698	7	0	0
2699	6	0	0
2700	4	0	0
2701	3	0	0
2702	4	0	0
2703	4	0	0
2704	2	0	0
2705	6	0	0
2706	3	0	0
2707	1	0	0
2708	1	0	0
2709	2	0	0
2710	1	0	0
2711	1	0	0
2712	2	0	0
2713	3	0	0
2714	8	0	0
2715	7	0	0
2716	5	0	0
2717	6	0	0
2718	4	0	0
2719	3	0	0
2720	4	0	0
2721	4	0	0
2722	2	0	0
2723	3	0	0
2724	4	0	0
2725	3	0	0
2726	5	0	0
2727	4	0	0
2728	3	0	0
2729	5	0	0
2730	5	0	0
2731	5	0	0
2732	4	0	0
2733	3	0	0
2734	1	0	0
2735	4	0	0
2736	3	0	0
2737	5	0	0
2738	1	0	0
2739	1	0	0
2740	5	0	0
2741	4	0	0
2742	3	0	0
2743	1	0	0
2744	2	0	0
2745	3	0	0
2746	4	0	0
2747	8	0	0
2748	11	0	0
2749	5	0	0
2750	6	0	0
2751	3	0	0
2752	4	0	0
2753	5	0	0
2754	1	0	0
2755	2	0	0
2756	2	0	0
2757	2	0	0
2758	4	0	0
2759	6	0	0
2760	2	0	0
2761	1	0	0
2762	2	0	0
2763	1	0	0
2764	3	0	0
2765	4	0	0
2766	3	0	0
2767	7	0	0
2768	4	0	0
2769	11	0	0
2770	2	0	0
2771	7	0	0
2772	1	0	0
2773	3	0	0
2774	2	0	0
2777	1	0	0
2778	2	0	0
2779	2	0	0
2780	2	0	0
2782	2	0	0
2783	1	0	0
2786	1	0	0
2789	2	0	0
2795	2	0	0
2796	1	0	0
2797	1	0	0
2799	1	0	0
2802	1	0	0
2803	2	0	0
2804	2	0	0
2806	0	1	0
2807	1	0	0
2808	3	0	0
2809	3	0	0
2811	1	0	0
2812	2	0	0
2814	1	0	0
2822	2	0	0
2824	1	0	0
2826	2	0	0
2836	1	0	0
2841	1	0	0
2845	1	0	0
2848	1	0	0
2856	2	0	0
2883	1	0	0
2892	1	0	0
2894	0	1	0
2907	1	0	0
2912	0	1	0
2914	1	0	0
2923	1	0	0
2924	0	1	0
2939	1	0	0
2952	1	1	0
2957	1	0	0
2960	1	0	0
2969	1	0	0
3028	1	0	0
3033	1	0	0
3047	1	0	0
3048	1	0	0
3083	1	0	0
3084	0	1	0
3124	1	0	0
3132	0	1	0
3149	0	1	0
3166	0	0	1
3192	0	1	0
3212	0	1	0
3223	0	1	0
3247	0	1	0
3262	0	1	0
3281	0	1	0
3298	0	1	0
3319	1	0	0
3324	0	1	0
3334	0	1	0
3338	1	0	0
3348	1	0	0
3355	0	1	0
3358	0	1	0
3364	0	1	0
3365	0	1	0
3377	0	1	0
3378	0	1	0
3428	0	1	0
3462	0	1	0
3507	0	1	0
3529	0	1	0
3589	1	0	0
3598	1	0	0
3614	1	0	0
3644	0	0	1
3650	1	0	0
3665	0	1	0
3667	0	0	1
3682	0	1	0
3692	0	1	0
3699	0	1	0
3748	0	1	0
3753	1	0	0
3758	0	1	0
3768	0	1	0
3799	1	0	0
3809	0	0	1
3821	1	0	0
3868	1	0	0
3904	1	0	0
3928	1	0	0
3949	0	1	0
3966	1	0	0
3983	0	0	1
4002	1	0	0
4018	1	0	0
4020	1	0	0
4028	1	0	0
4034	1	0	0
4046	1	0	0
4050	1	0	0
4051	2	0	0
4052	1	0	0
4056	1	0	0
4057	1	0	0
4059	1	0	0
4063	1	0	0
4064	1	0	0
4067	2	0	0
4068	1	0	0
4069	1	0	0
4073	3	0	0
4074	1	0	0
4077	1	0	0
4082	2	0	0
4083	1	0	0
4085	2	0	0
4086	3	0	0
4087	1	0	0
4088	2	0	0
4089	1	0	0
4090	1	0	0
4092	3	0	0
4093	1	0	0
4094	1	0	0
4095	1	0	0
4097	2	0	0
4098	2	0	0
4099	1	0	0
4100	2	0	0
4102	1	0	0
4103	1	0	0
4105	2	0	0
4106	1	0	0
4107	3	0	0
4108	1	0	0
4109	4	0	0
4110	3	0	0
4111	5	0	0
4112	1	0	0
4114	2	0	0
4115	1	0	0
4116	1	0	0
4118	2	0	0
4120	3	0	0
4122	4	0	0
4124	1	0	0
4126	3	0	0
4127	1	0	0
4129	1	0	0
4130	1	0	0
4131	1	0	0
4132	1	0	0
4133	2	0	0
4135	1	0	0
4136	2	0	0
4138	1	0	0
4140	2	0	0
4142	1	0	0
4146	2	0	0
4147	2	0	0
4150	1	0	0
4151	4	0	0
4152	0	0	1
4154	1	0	0
4155	1	0	0
4156	3	0	0
4157	1	0	0
4158	1	0	0
4159	1	0	0
4162	1	0	0
4166	1	0	0
4170	2	0	0
4172	1	0	0
4175	1	0	0
4179	1	0	0
4182	2	0	0
4183	1	0	0
4184	1	0	0
4185	1	0	0
4187	1	0	0
4188	1	0	0
4189	1	0	0
4201	1	0	0
4202	2	0	0
4203	1	0	0
4208	1	0	0
4209	1	0	0
4210	1	0	0
4213	1	0	0
4214	1	0	0
4215	1	0	0
4218	1	0	0
4220	2	0	0
4222	4	0	0
4223	2	0	0
4224	1	0	0
4226	2	0	0
4227	1	0	0
4228	2	0	0
4232	1	0	0
4234	1	0	0
4235	1	0	0
4237	1	0	0
4238	2	0	0
4239	2	0	0
4240	1	0	0
4242	2	0	0
4243	5	0	0
4244	3	0	0
4245	1	0	0
4246	2	0	0
4248	1	0	0
4249	4	0	0
4250	1	0	0
4254	2	0	0
4255	2	0	0
4256	1	0	0
4257	1	0	0
4258	1	0	0
4260	1	0	0
4261	1	0	0
4262	2	0	0
4264	1	0	0
4265	3	0	0
4267	2	0	0
4269	2	0	0
4270	1	0	0
4271	1	0	0
4272	2	0	0
4274	1	0	0
4275	1	0	0
4276	1	0	0
4278	1	0	0
4279	1	0	0
4280	1	0	0
4281	2	0	0
4282	1	0	0
4283	1	0	0
4284	2	0	0
4287	1	0	0
4288	1	0	0
4289	2	0	0
4290	3	0	0
4291	2	0	0
4293	1	0	0
4294	1	0	0
4295	2	0	0
4296	4	0	0
4297	1	0	0
4298	1	0	0
4301	1	0	0
4302	1	0	0
4304	3	0	0
4306	1	0	0
4308	1	0	0
4309	1	0	0
4310	3	0	0
4311	5	0	0
4314	2	0	0
4315	1	0	0
4318	1	0	0
4319	2	0	0
4323	4	0	0
4324	1	0	0
4325	1	0	0
4326	1	0	0
4327	1	0	0
4328	2	0	0
4329	1	0	0
4331	2	0	0
4332	2	0	0
4333	1	0	0
4335	1	0	0
4336	1	0	0
4338	1	0	0
4340	2	0	0
4342	1	0	0
4343	2	0	0
4345	1	0	0
4347	3	0	0
4348	2	0	0
4351	1	0	0
4352	1	0	0
4355	1	0	0
4356	2	0	0
4357	1	0	0
4359	1	0	0
4362	1	0	0
4365	1	0	0
4366	1	0	0
4368	1	0	0
4369	1	0	0
4370	2	0	1
4371	1	0	0
4372	1	0	0
4374	1	0	0
4375	3	0	0
4378	1	0	0
4379	1	0	0
4381	1	0	0
4382	1	0	0
4386	1	0	0
4393	2	0	0
4394	1	0	0
4395	1	0	0
4403	1	0	0
4404	2	0	0
4405	1	0	0
4406	1	0	0
4409	1	0	0
4410	1	0	0
4411	1	1	0
4413	1	0	0
4414	2	0	0
4438	1	0	0
4447	1	0	0
4448	1	0	0
4453	1	0	0
4479	1	0	0
4488	1	0	0
4498	1	0	0
4506	1	0	0
4515	1	0	0
4516	1	0	0
4524	1	0	0
4544	1	0	0
4552	1	0	0
4564	2	0	0
4571	1	0	0
4583	1	0	0
4586	1	0	0
4587	1	0	0
4592	1	0	0
4593	0	1	0
4617	0	1	0
4620	1	0	0
4644	0	1	0
4648	1	0	0
4657	0	2	0
4662	0	1	0
4664	0	1	0
4668	0	1	0
4671	0	1	0
4678	0	1	0
4682	0	1	0
4684	0	1	0
4694	1	0	0
4700	0	1	0
4703	0	1	0
4720	0	1	0
4727	0	1	0
4743	0	1	0
4744	0	1	0
4760	1	0	0
4782	1	0	0
4829	0	1	0
4849	0	1	0
4862	0	1	0
4896	0	1	0
4901	0	1	0
4907	1	0	0
4921	0	1	0
4927	0	1	0
4957	0	1	0
4961	0	1	0
4973	0	1	0
4981	0	1	0
4985	0	0	1
4999	0	1	0
5010	0	1	0
5032	0	1	0
5061	0	1	0
5083	0	1	0
5090	0	1	0
5103	1	1	0
5124	0	1	0
5129	0	1	0
5132	1	0	0
5142	0	1	0
5147	1	0	0
5155	1	0	0
5163	1	0	0
5164	1	0	0
5165	1	0	0
5168	1	0	0
5170	2	0	0
5172	1	0	0
5176	2	0	0
5179	1	0	0
5180	1	0	0
5182	2	0	0
5183	1	0	0
5184	1	0	0
5186	1	0	0
5189	1	0	0
5190	0	0	1
5191	1	0	0
5192	1	0	0
5193	1	0	0
5194	2	0	0
5195	2	0	0
5197	1	0	0
5202	0	1	0
5203	1	0	0
5207	1	0	0
5208	1	0	0
5209	1	0	0
5215	2	0	0
5227	1	0	0
5237	1	0	0
5239	1	0	0
5242	0	1	0
5248	2	0	0
5256	1	0	0
5272	2	0	0
5340	0	1	0
5354	0	0	1
5359	0	1	0
5366	0	2	0
5374	0	1	0
5378	0	1	0
5380	0	1	0
5384	0	1	0
5390	0	1	0
5391	0	2	0
5397	0	1	0
5400	0	1	0
5413	0	1	0
5418	0	1	0
5427	0	0	1
5428	0	1	0
5476	1	0	0
5479	0	0	1
5480	0	0	1
5491	0	0	1
5497	0	0	1
5504	0	0	1
5524	1	0	0
5568	1	0	0
5634	0	1	0
5644	0	0	1
5695	0	1	0
5707	1	0	0
5730	1	0	0
5740	1	0	0
5745	1	0	0
5748	1	0	0
5758	1	0	0
5775	2	0	0
5777	1	0	0
5788	2	0	0
5789	0	0	1
5792	1	0	0
5798	1	0	1
5800	1	0	0
5820	1	0	0
5845	1	0	0
5849	1	0	0
5855	1	0	0
5899	1	0	0
5903	1	0	0
5931	1	0	0
5937	1	0	0
5962	1	0	0
5967	1	0	0
5987	0	1	0
5996	1	0	0
6022	0	1	0
6030	1	0	0
6031	1	0	0
6070	1	0	0
6073	0	0	1
6076	0	1	0
6084	1	0	1
6089	1	0	0
6095	0	0	1
6146	1	0	0
6162	0	1	0
6177	1	0	0
6186	1	0	0
6221	1	0	0
6228	1	0	0
6232	1	0	0
6246	1	0	0
6293	0	1	0
6316	1	0	0
6321	1	0	0
6328	1	0	0
6332	0	2	0
6334	1	0	0
6347	1	0	0
6355	1	0	0
6386	1	0	0
6398	0	1	0
6479	1	0	0
6488	0	0	1
6493	0	0	1
6561	0	0	1
6620	0	0	1
6645	1	0	0
6646	1	0	0
6658	1	0	0
6660	1	0	0
6661	1	0	0
6666	1	0	0
6671	1	0	0
6676	1	0	0
6678	1	0	0
6679	1	0	0
6680	1	0	0
6681	1	0	0
6682	1	0	0
6683	1	0	0
6684	1	0	0
6685	2	0	0
6687	1	0	0
6689	3	0	0
6690	1	0	0
6691	1	0	0
6693	2	0	0
6694	1	0	0
6695	2	0	0
6696	0	1	0
6697	2	0	0
6698	1	0	0
6699	1	0	0
6700	2	0	0
6701	1	0	0
6702	1	0	0
6703	1	0	0
6705	1	0	0
6706	2	0	0
6707	1	0	0
6708	2	0	0
6709	1	0	0
6710	3	0	0
6711	4	0	0
6713	1	0	0
6714	1	0	0
6715	1	0	0
6716	3	0	0
6717	3	0	0
6718	3	0	0
6719	3	0	0
6720	2	0	1
6721	2	0	0
6722	3	0	0
6723	2	0	0
6725	2	0	0
6726	1	0	0
6727	2	0	0
6728	5	0	0
6729	3	0	0
6730	3	0	0
6731	4	0	0
6732	3	0	0
6733	4	0	0
6734	3	0	0
6735	5	0	0
6736	4	0	0
6737	3	0	0
6738	3	0	0
6739	2	0	0
6740	2	0	0
6741	7	0	0
6742	4	0	0
6743	3	0	0
6744	5	0	0
6745	3	0	0
6746	5	0	0
6747	2	0	0
6748	3	0	0
6749	2	0	0
6750	4	0	0
6751	3	0	0
6752	3	0	0
6753	3	0	0
6754	1	0	0
6755	2	0	0
6756	3	0	0
6757	2	0	0
6758	4	0	0
6759	1	0	0
6760	4	0	0
6761	2	0	0
6762	1	0	0
6763	2	0	0
6764	1	0	0
6766	3	0	0
6767	3	0	0
6768	2	0	0
6769	4	0	0
6770	2	0	0
6771	3	0	0
6772	3	0	0
6773	2	0	0
6774	1	0	0
6775	2	0	0
6776	8	0	0
6777	2	0	0
6778	3	0	0
6779	4	0	0
6780	2	0	0
6781	1	0	0
6782	4	0	0
6783	1	0	0
6784	2	0	0
6785	3	0	0
6786	1	0	0
6787	3	0	0
6790	1	0	0
6791	1	0	0
6792	1	0	0
6793	1	0	0
6794	1	0	0
6795	4	0	0
6800	1	0	0
6801	1	0	0
6806	2	0	0
6807	1	0	0
6809	1	0	0
6810	1	0	0
6812	2	0	0
6814	2	0	0
6815	2	0	0
6816	3	0	0
6817	2	0	0
6818	3	0	0
6819	1	0	0
6820	2	0	0
6821	2	0	0
6823	1	0	0
6826	1	0	0
6827	1	0	0
6831	2	0	0
6832	1	0	0
6833	1	0	0
6837	2	0	0
6838	1	0	0
6839	1	0	0
6841	2	0	0
6842	1	0	0
6845	1	0	0
6847	2	0	0
6849	1	0	0
6852	1	0	0
6854	2	0	0
6864	1	0	0
6866	3	0	0
6871	1	0	0
6876	2	0	0
6879	2	0	0
6882	0	1	0
6898	1	0	0
6927	2	0	0
6965	1	0	0
6966	1	0	0
6985	1	0	0
7031	1	0	0
7042	1	0	0
7043	1	0	0
7048	1	0	0
7055	1	0	0
7061	1	0	0
7079	1	0	0
7085	1	0	0
7086	0	1	0
7092	0	1	0
7102	1	0	0
7105	1	0	0
7106	1	0	0
7141	0	1	0
7173	1	0	0
7223	0	1	0
7232	1	0	0
7233	0	1	0
7249	0	1	0
7254	0	1	0
7257	0	1	0
7258	0	2	0
7282	1	0	0
7285	0	1	0
7287	0	1	0
7323	0	1	0
7637	0	0	1
7644	0	0	1
7656	0	0	2
7665	0	0	2
7681	0	0	1
7682	0	0	1
7688	0	0	1
7706	0	0	1
7747	1	0	0
7760	0	0	1
7863	1	0	0
7883	1	0	0
7889	1	0	0
7890	2	0	0
7891	1	0	0
7895	1	0	0
7896	1	0	0
7904	1	0	0
7905	1	0	0
7908	1	0	0
7911	1	0	0
7914	1	0	0
7922	1	0	0
7930	1	0	0
7931	1	0	0
7937	2	0	0
7945	3	0	0
7946	1	0	0
7951	1	0	1
7960	2	0	0
7964	1	0	0
7975	1	0	0
7976	2	0	0
7978	1	0	0
7979	1	0	0
7982	1	0	0
7993	1	0	0
7996	1	0	0
7997	1	0	0
7998	1	0	0
8007	1	0	0
8008	1	0	0
8016	1	0	0
8023	1	0	0
8035	1	0	0
8082	1	0	0
8155	0	0	1
8164	0	0	1
8202	0	0	1
8279	1	0	0
8293	1	0	0
8343	1	0	0
8363	1	0	0
8385	1	0	0
8392	1	0	0
8461	1	0	0
8475	0	0	1
8495	1	0	0
8522	0	1	0
8524	0	1	0
8529	0	1	0
8530	0	1	0
8533	0	1	0
8534	0	1	0
8535	0	1	0
8537	0	1	0
8541	0	1	0
8543	0	2	0
8546	0	1	0
8549	0	1	1
8580	0	0	1
8583	0	0	1
8589	0	1	0
8594	0	1	0
8595	0	1	0
8596	0	2	0
8599	0	1	0
8600	0	1	0
8601	0	2	0
8605	0	1	0
8612	0	1	0
8615	0	1	0
8617	0	1	0
8642	0	2	0
8645	0	1	0
8646	0	1	0
8648	0	1	0
8649	0	2	0
8650	0	1	0
8651	0	2	0
8652	0	2	0
8653	0	1	0
8654	0	1	0
8655	0	2	0
8656	0	2	0
8657	0	4	0
8660	0	1	0
8742	0	1	0
8757	1	0	0
8856	0	1	0
8858	0	1	0
8859	0	1	0
8866	0	1	0
8875	0	1	0
8879	0	1	0
8894	0	0	1
8906	0	1	0
8912	0	1	0
8917	0	1	0
8921	0	1	0
8923	0	1	0
8926	0	1	0
8932	1	0	0
8938	0	1	0
8945	0	1	0
8947	0	1	0
8960	0	2	0
8968	0	1	0
8969	1	0	0
8970	0	1	1
8974	0	1	0
8979	1	0	0
8987	0	1	0
8988	0	1	0
9001	1	1	0
9002	0	0	1
9006	0	1	0
9008	0	0	1
9009	0	1	0
9016	0	1	0
9034	1	0	0
9042	0	1	0
9054	1	0	0
9055	0	0	1
9056	0	1	0
9058	0	1	0
9077	0	1	0
9080	0	1	0
9106	0	0	1
9189	1	0	0
9194	0	0	1
9199	1	0	0
9216	1	0	0
9231	1	0	0
9232	0	0	1
9236	1	0	0
9251	0	0	1
9264	1	0	0
9267	1	0	0
9274	0	0	1
9283	1	0	1
9285	1	0	0
9286	1	0	0
9309	0	0	1
9310	2	0	0
9318	1	0	0
9320	1	0	0
9322	1	0	0
9323	1	0	0
9326	1	0	0
9327	1	0	0
9336	1	0	0
9339	2	0	0
9342	2	0	0
9346	1	0	0
9349	1	0	0
9351	1	0	0
9356	1	0	0
9358	1	0	0
9371	1	0	0
9395	1	1	0
9416	1	0	0
9447	1	0	0
9491	0	0	1
9582	0	0	1
9592	0	0	1
9618	2	0	0
9619	1	0	0
9620	1	0	0
9621	3	0	0
9622	3	0	0
9623	2	0	0
9624	1	0	0
9625	2	0	0
9626	2	0	0
9627	2	0	0
9628	1	0	0
9629	1	0	0
9638	1	0	0
9656	1	0	0
9657	2	0	0
9668	1	0	0
9669	2	0	0
9672	1	0	0
9673	1	0	0
9674	1	0	0
9675	1	0	0
9677	2	0	0
9678	1	0	0
9680	1	0	0
9681	1	0	0
9682	1	0	0
9695	1	0	0
9743	2	0	0
9745	1	0	0
9749	1	0	0
9753	1	0	0
9755	1	0	0
9758	1	0	0
9786	1	0	0
10019	0	0	1
10021	0	0	1
10111	1	0	0
10134	0	0	1
10509	0	1	0
10658	0	1	0
10670	0	1	0
10812	1	0	0
11128	0	1	0
11229	1	0	0
11381	0	1	0
11456	1	0	0
11492	0	1	0
11568	0	1	0
11572	0	1	0
11620	0	1	0
11627	0	1	0
11649	0	1	0
11673	0	1	0
11882	0	1	0
11918	0	1	0
11932	0	1	0
11961	0	0	1
11977	0	1	0
12007	0	1	0
12016	0	1	0
12022	0	1	0
12072	0	0	1
12245	0	0	1
12365	1	0	0
12369	1	0	0
12383	1	0	0
12448	1	0	0
12545	1	0	0
12564	0	1	0
12589	0	1	0
12590	0	1	0
12613	0	1	0
12639	0	1	0
12640	0	1	0
12684	1	0	0
12688	1	0	0
12711	1	0	0
12712	0	1	0
12723	0	1	0
12731	0	1	0
12732	1	0	0
12737	0	1	0
12740	0	1	0
12853	1	0	0
12874	1	0	0
12957	0	1	0
12961	1	0	0
12974	0	1	0
12982	0	1	0
13018	0	1	0
13054	0	1	0
13067	0	1	0
13073	0	1	0
13078	0	1	0
13095	0	1	0
13109	0	1	0
13133	1	0	0
13284	1	0	0
13357	1	0	0
13368	1	0	0
13371	1	0	0
13409	1	0	0
13435	1	0	0
13623	0	1	0
13716	1	0	0
13721	1	0	0
13723	1	0	0
13726	1	0	0
13729	2	0	0
13753	1	0	0
13754	1	0	0
13762	1	0	0
13765	1	0	0
13790	1	0	0
13795	0	0	1
13804	1	0	0
13881	1	0	0
13974	1	0	0
14054	0	0	1
14439	0	0	1
14936	1	0	0
15009	0	1	0
15125	0	1	0
15148	0	1	0
15180	0	1	0
15440	1	0	0
15490	0	1	0
15538	0	0	1
15598	1	0	0
15644	0	0	1
15663	1	0	0
15804	0	1	0
15872	1	0	0
16018	0	0	1
16044	0	0	1
16259	0	1	0
16268	1	0	0
16296	1	0	0
16314	1	0	0
16328	0	1	0
16334	0	1	0
16337	1	0	0
16384	0	1	0
16399	0	1	0
16401	0	1	0
16653	0	1	0
16672	0	1	0
16741	0	1	0
17107	1	0	0
17111	1	0	0
17417	2	0	0
17552	0	0	1
17693	0	0	1
17744	1	0	0
17843	0	0	1
18243	1	0	0
18480	0	1	0
18865	0	0	1
18883	0	0	1
18908	0	0	1
19306	0	0	1
19517	0	0	1
19647	1	0	0
19745	0	1	0
19856	0	0	1
20065	0	1	0
20132	0	1	0
20406	0	0	1
20769	0	1	0
22022	0	0	1
22312	0	0	1
22338	0	0	1
22647	0	0	1
22703	1	0	0
22721	0	0	1
22764	0	0	1
22864	0	0	1
23038	0	0	1
23166	0	0	1
23354	0	0	1
23735	0	0	1
23769	0	0	1
24089	0	0	1
24102	0	0	1
24303	0	0	1
24345	0	0	1
24535	0	0	1
25016	1	0	0
25131	0	0	1
25324	0	0	1
25464	0	0	1
25600	1	0	0
25745	0	0	1
25836	0	0	1
26002	0	0	1
26128	0	0	1
26361	0	0	1
26496	0	0	1
26858	0	0	1
27260	0	0	1
27261	0	0	1
27270	0	0	1
27510	0	1	0
27623	0	0	1
27931	1	0	0
28244	0	0	1
28599	0	1	0
28624	0	1	0
28629	0	1	0
28647	0	1	0
28971	0	0	1
28974	0	0	1
29086	0	0	1
29154	0	0	1
29267	1	0	0
29287	0	0	1
29301	0	0	1
29311	0	0	1
29503	0	1	0
29574	0	0	1
29778	0	0	1
30094	0	0	1
30325	0	0	1
30390	0	1	0
30419	0	0	1
30592	0	0	1
30957	1	0	0
30999	0	0	1
31455	0	0	1
32046	0	0	1
32502	0	0	1
32528	0	0	1
32737	0	0	1
33187	0	0	1
33585	0	1	0
33733	0	0	1
33843	0	0	1
34304	0	0	1
34306	0	0	1
34310	0	0	1
34340	0	0	1
34355	0	0	1
34357	0	0	1
34359	0	0	1
34362	0	0	1
34364	0	0	1
34372	0	0	1
34378	0	0	1
34382	0	0	2
34391	0	0	1
34392	0	0	1
34396	0	0	1
34398	0	0	2
34400	0	0	1
34403	0	0	1
34409	0	0	1
34413	0	0	2
34414	0	0	1
34425	0	0	1
34426	0	0	1
34428	0	0	2
34440	0	0	1
34446	0	0	1
34450	0	0	2
34453	0	0	1
34454	0	0	1
34465	0	0	1
34491	0	0	1
34493	0	0	1
34508	0	0	1
34510	0	0	1
35123	0	0	1
35186	0	0	1
35326	0	0	1
35340	0	0	1
35462	0	0	1
35624	1	0	0
35858	0	0	1
36035	0	1	0
36251	0	0	1
36285	0	0	1
36294	0	0	1
36394	0	0	1
36444	0	0	1
36538	0	0	1
36700	0	0	1
36941	0	0	1
37132	0	0	1
37198	0	0	1
37297	0	0	1
37307	1	0	0
37550	0	0	1
37553	0	0	1
37719	0	0	1
37825	0	1	0
37892	0	1	0
37952	0	1	0
37976	0	1	0
37980	1	0	0
37985	0	0	1
37993	0	1	0
37996	0	1	0
37998	0	1	0
38023	0	1	0
38031	0	1	0
38050	0	1	1
38139	1	0	0
38200	0	0	1
38359	0	1	0
38396	0	1	0
38453	0	0	1
38459	0	0	1
38685	0	0	1
38792	2	0	0
38801	1	0	0
38806	1	0	0
38808	2	0	0
38815	1	0	0
38816	1	0	0
38817	1	0	0
38822	1	0	0
38835	1	0	0
38836	1	0	0
38841	1	0	0
38847	1	0	0
38849	1	0	0
38850	2	0	0
38851	1	0	0
39004	0	0	1
39031	1	0	0
39034	1	0	0
39043	2	0	0
39047	1	0	0
39054	1	0	0
39057	1	0	0
39098	0	0	1
39102	1	0	0
39114	1	0	0
39141	1	0	0
39204	0	1	0
39322	1	0	0
39336	0	0	1
39391	0	0	1
39536	1	0	0
39841	0	1	0
40215	0	0	1
40297	0	0	1
40305	0	0	1
40323	0	0	1
40394	0	0	1
40533	0	1	0
40617	0	0	1
40676	0	0	1
40878	0	1	0
41161	1	0	0
41391	1	0	0
41435	0	0	1
41484	1	0	0
41529	1	0	0
41542	0	0	2
41562	0	0	1
42038	0	1	0
42320	0	0	1
42801	0	0	1
42973	0	0	1
43007	0	0	1
43127	0	1	0
43211	1	0	0
43234	0	0	1
43307	0	0	1
43441	0	1	0
43575	0	1	0
43992	1	0	0
44108	0	0	1
44345	0	0	1
44884	1	0	0
45124	1	0	0
45193	0	1	0
45215	1	0	0
45398	0	0	1
45443	0	1	0
45444	0	1	0
45458	0	1	0
45475	0	1	0
45477	0	1	0
45481	0	1	0
45492	0	1	0
45534	0	0	1
45712	0	1	0
45790	0	1	0
45838	0	0	1
45883	0	1	0
46112	1	0	0
46214	1	0	0
46229	1	0	0
46230	0	0	1
46236	1	0	0
46254	1	0	0
46399	1	0	0
46478	1	0	0
46480	1	0	0
46503	1	0	0
46522	1	0	0
46537	1	0	0
46553	1	0	0
46744	1	0	0
46753	1	0	0
47117	1	0	0
48318	0	1	0
48569	0	1	0
48866	0	0	1
48917	0	1	0
48970	0	0	1
49033	0	0	1
49149	0	0	1
49174	0	0	1
49255	0	0	1
49328	1	0	0
49523	0	0	1
49672	1	0	0
49678	1	0	0
49679	1	0	0
49803	1	0	0
49938	1	0	0
49971	0	0	1
50263	1	0	0
50568	0	0	1
50767	1	0	0
50970	1	0	0
51141	1	0	0
51383	0	0	1
52063	0	0	1
52332	1	0	0
52488	1	0	0
53684	1	0	0
53767	1	0	0
54023	0	0	1
54177	0	0	1
54328	1	0	0
55414	1	0	0
55436	1	0	0
55572	0	0	1
55659	0	3	0
55660	0	16	0
55661	0	14	0
55662	0	162	0
55663	0	3	0
55665	0	1	0
55669	0	1	0
55763	2	0	0
55765	8	0	0
55766	3	0	0
55767	2	0	0
55768	2	0	0
55769	2	0	0
55770	3	0	0
55771	2	0	0
55772	2	0	0
55929	0	0	1
56017	0	0	1
56050	0	0	2
56221	0	0	1
56272	0	0	1
56312	0	0	2
56341	0	1	0
56437	0	0	1
56567	0	0	1
56916	0	1	0
56938	0	1	0
56978	0	1	0
56981	0	1	0
57021	0	1	0
57037	0	1	0
57058	0	2	0
57105	0	1	0
57111	0	1	0
57133	0	1	0
57135	0	1	0
57144	0	1	0
57180	0	1	0
57181	0	1	0
57404	0	1	0
57466	0	1	0
57860	1	0	0
57875	1	0	0
57897	0	0	1
57927	1	0	0
58014	1	0	0
58187	1	0	0
58198	1	0	0
58206	1	0	0
58207	1	0	0
58213	1	0	0
58216	1	0	0
58219	1	0	0
58224	1	0	0
58225	1	0	0
58231	1	0	0
58241	1	0	0
58246	1	0	0
58252	1	0	0
58274	1	0	0
58299	1	0	0
58306	1	0	0
58320	1	0	0
58336	1	0	0
58346	1	0	0
58422	0	0	1
58435	1	0	0
59300	0	1	0
59857	0	0	1
60389	0	0	1
60911	0	0	1
61094	0	1	0
61137	0	0	1
61328	0	1	0
62034	1	0	0
63062	0	0	1
63170	0	0	1
63226	0	0	1
64279	0	0	1
64462	0	0	1
65493	1	0	0
65726	0	1	0
66438	1	0	0
66471	0	1	0
67790	0	0	1
68548	0	0	1
68959	0	0	1
69609	0	1	0
70075	0	1	0
70556	0	0	1
70569	0	0	1
70733	0	1	0
70754	1	0	0
71428	0	0	1
72121	0	1	0
72531	1	0	0
72917	0	1	0
73599	1	0	0
73864	1	0	0
73891	0	1	0
74307	0	0	1
74370	0	0	1
74756	0	0	1
75157	1	0	0
75579	0	1	0
76094	0	0	1
76174	0	0	1
76240	0	0	1
76396	0	0	1
76868	0	0	1
76955	0	0	1
77239	0	0	1
77376	0	0	1
77667	0	0	1
77744	0	0	1
77903	0	0	1
77904	0	0	1
78641	0	0	1
78791	0	1	0
79004	0	1	0
79049	0	0	1
79622	0	0	1
79762	0	1	0
79925	0	0	1
80908	0	0	1
80957	0	1	0
81200	0	1	0
81422	1	0	0
81506	0	1	0
81835	0	1	0
82510	0	0	1
83141	0	0	1
83420	1	0	0
83919	0	0	1
84285	0	0	1
84326	0	1	0
84348	0	1	0
84785	0	2	0
86273	0	1	0
86734	1	0	0
87037	0	1	0
87242	0	1	0
87516	0	0	1
89080	0	0	1
89216	1	0	0
89883	1	0	0
90425	0	1	0
90711	1	0	0
90922	1	0	0
91528	1	0	0
91827	0	0	1
92843	0	0	1
93000	0	1	0
93037	1	0	0
93144	0	1	0
93231	0	1	0
93369	0	1	0
93468	0	1	0
93473	0	1	0
93495	0	1	0
93654	1	0	0
93724	0	1	0
93790	1	0	0
93829	1	0	0
93851	1	0	0
93902	0	0	1
93934	0	0	1
94155	1	0	0
94189	1	0	0
94232	0	0	1
94503	2	0	0
94506	1	0	0
94600	1	0	0
94846	0	0	1
95082	1	0	0
95114	0	1	0
95231	0	1	0
95240	1	0	0
95578	0	1	0
96034	0	0	1
96305	0	0	1
96971	0	1	0
97065	0	0	1
97332	1	0	0
97594	0	0	1
97609	0	0	1
97753	0	1	0
98217	0	0	1
99133	0	1	0
99144	0	1	0
99208	0	1	0
99532	0	1	0
99533	0	1	0
99538	0	1	0
99540	0	1	0
99543	0	1	0
99544	0	1	0
99545	0	3	0
99546	0	1	0
99556	0	1	0
99563	0	1	0
99581	0	1	0
99585	0	1	0
99587	0	1	0
99594	0	1	0
99595	0	3	0
99597	0	1	0
99600	0	2	0
99602	0	4	0
99603	0	1	0
99605	0	3	0
99607	0	1	0
99608	0	3	0
99609	0	6	0
99610	0	3	0
99611	0	1	0
99612	0	2	0
99614	0	1	0
99617	0	5	0
99618	0	1	0
99619	0	4	0
99620	0	6	0
99621	0	2	0
99622	0	1	0
99623	0	3	0
99624	0	8	0
99625	0	19	0
99627	0	13	0
99628	0	11	0
99629	0	5	0
99630	0	2	0
99631	0	3	0
99632	0	1	0
99634	0	2	0
99635	0	1	0
99637	0	3	0
99638	0	8	0
99639	0	22	0
99640	0	7	0
99641	0	14	0
99642	0	3	0
99643	0	1	0
99644	0	4	0
99646	0	1	0
99647	0	2	0
99650	0	2	0
99651	0	1	0
99660	0	1	0
99664	0	1	0
99734	0	0	1
99886	1	0	0
99936	1	0	0
99959	0	0	1
99984	0	1	0
100004	1	0	0
100014	1	0	0
100020	1	0	0
100032	1	0	0
100033	1	0	0
100051	3	0	0
100054	2	0	0
100055	1	0	0
100056	4	0	0
100058	5	0	0
100059	1	0	0
100060	3	0	0
100061	15	0	0
100062	8	0	0
100063	21	0	0
100064	12	0	0
100065	3	0	0
100067	4	0	0
100070	4	0	0
100071	2	0	0
100072	2	0	0
100073	6	0	0
100074	16	0	0
100075	16	0	0
100076	4	0	0
100077	24	0	0
100078	15	0	0
100079	6	0	0
100081	3	0	0
100082	6	0	0
100083	13	0	0
100085	6	0	0
100086	1	0	0
100090	1	0	0
100091	1	0	0
100092	4	0	0
100093	5	0	0
100094	6	0	0
100095	4	0	0
100097	6	0	0
100098	2	0	0
100099	1	0	0
100100	5	0	0
100102	2	0	0
100103	1	0	0
100104	2	0	0
100105	4	0	0
100106	1	0	0
100107	3	0	0
100108	1	0	0
100119	1	0	0
100134	1	0	0
100137	1	0	0
100138	1	0	0
100146	1	0	0
100152	1	0	0
100154	1	0	0
100157	2	0	0
100158	7	0	0
100159	1	0	0
100162	5	0	0
100163	1	0	0
100166	1	0	0
100169	9	0	0
100170	12	0	0
100171	4	0	0
100181	1	0	0
100183	3	0	0
100184	1	0	0
100185	4	0	0
100186	1	0	0
100346	1	0	0
100515	1	0	0
100670	1	0	0
100700	1	0	0
101302	1	0	0
101316	0	0	1
101683	0	1	0
102136	1	0	0
102592	0	0	1
102783	0	1	0
102906	1	0	0
102936	0	1	0
103182	0	0	1
103217	1	0	0
103299	1	0	0
103590	0	0	1
103980	0	0	1
104097	0	0	1
104186	0	0	1
104227	0	0	1
104332	0	0	1
104353	0	0	1
104382	0	0	1
104561	1	0	0
105475	0	0	1
105507	0	0	1
105546	0	0	1
105563	0	0	1
105564	0	0	1
105565	0	0	1
105603	1	0	0
105721	0	0	1
105742	0	0	1
105762	0	0	1
105851	0	0	1
105878	1	0	0
105981	0	0	1
106025	0	0	1
106028	0	0	1
106038	0	0	1
106054	1	0	0
106193	0	0	1
106195	0	0	1
106221	0	0	1
106266	0	0	1
106272	0	0	1
106283	0	0	1
106339	0	0	1
106727	0	0	1
106765	0	0	1
106771	0	0	1
106855	0	0	1
106860	0	0	1
107058	0	0	1
107071	0	0	1
107148	0	0	1
107156	0	0	1
107205	0	0	1
107496	0	0	1
107534	0	0	1
107559	0	0	1
107575	0	0	1
107606	0	0	2
107752	1	0	0
107870	0	1	0
107924	0	0	1
107982	0	0	1
108048	0	0	1
108123	0	0	1
108145	0	0	1
108168	0	0	1
108169	0	1	0
108174	0	0	1
108268	0	0	1
108292	0	0	1
108320	0	0	1
108334	0	0	1
108443	0	0	1
108518	0	1	0
108562	0	0	1
108600	0	1	0
108629	0	1	0
108712	0	1	0
108742	0	0	1
108749	0	1	0
108753	0	0	1
108779	0	1	0
108815	0	1	0
108825	0	1	0
108831	0	1	0
108848	0	1	0
108853	0	0	1
108909	1	0	0
108964	0	0	1
109028	1	0	0
109101	0	1	0
109102	1	0	0
109284	0	0	1
109303	0	0	1
109388	1	0	0
109439	0	0	1
109464	0	0	1
109502	1	0	0
109532	0	0	1
109678	0	0	1
109914	1	0	0
109988	0	0	1
110097	0	1	0
110114	1	0	0
110195	0	1	0
110230	1	0	0
110272	0	1	0
110371	0	1	0
110387	0	0	1
110395	0	0	1
110413	0	0	1
110420	0	1	0
110421	0	0	2
110425	0	1	0
110441	0	1	0
110455	0	0	1
110501	0	0	1
110523	0	0	1
110577	0	0	1
110600	0	0	1
110603	0	1	0
110604	0	1	0
110616	0	1	0
110625	0	1	0
110628	0	1	0
110631	0	1	0
110633	0	1	0
110636	0	0	1
110643	0	1	0
110653	0	1	0
110654	0	1	0
110664	0	1	0
110665	0	1	0
110667	0	1	0
110669	0	1	0
110675	0	1	0
110680	0	1	0
110683	0	1	0
110690	0	0	1
110692	0	1	0
110706	0	1	0
110708	0	1	0
110709	0	0	1
110711	0	1	0
110713	0	1	0
110715	0	1	0
110720	0	1	0
110723	0	1	0
110728	0	0	1
110732	0	1	0
110791	0	0	1
110814	0	0	1
110815	0	0	1
110873	0	0	1
110880	0	0	1
110889	0	0	1
110900	0	0	1
110925	1	0	0
110990	0	0	1
110992	0	0	1
111006	0	0	1
111086	1	0	0
111108	0	0	1
111120	0	0	1
111125	1	0	0
111146	0	0	1
111205	0	0	1
111212	1	0	0
111244	0	0	1
111347	0	0	1
111441	1	0	0
111482	1	0	0
111573	1	0	0
111651	1	0	0
111697	0	0	1
111859	0	0	1
112054	0	0	1
112056	0	0	1
112058	0	0	1
112323	0	0	1
112372	0	0	1
112378	0	0	1
112463	0	0	1
112593	0	0	1
112806	0	0	1
112884	0	0	1
112886	0	0	1
112935	0	0	1
112960	0	0	1
112995	0	0	1
113933	1	0	0
114034	0	0	1
114060	0	0	1
114229	0	0	1
114366	0	0	1
114474	0	0	1
114518	0	0	1
114660	0	0	1
114681	0	0	1
114744	1	0	0
114746	0	0	1
114760	0	0	1
114793	1	0	0
114799	0	0	1
114807	0	0	1
114844	0	0	1
115135	0	0	1
115148	0	0	1
115396	0	0	1
115440	1	0	0
115488	0	1	0
115868	1	0	0
115908	0	0	1
116505	0	0	1
116551	0	0	1
116701	0	0	1
116769	0	0	1
116842	0	0	1
116864	0	0	1
117080	0	1	0
117176	1	0	0
117180	1	0	0
117665	0	0	1
117721	0	1	0
117944	0	0	1
117996	0	0	1
118043	0	0	1
118261	0	0	1
118265	0	0	1
118320	0	0	1
118344	0	0	1
119536	0	0	1
119697	0	0	1
119834	0	1	0
119867	1	0	0
120046	0	0	1
120618	1	0	0
120670	1	0	0
120696	0	0	1
120794	0	0	1
120932	0	0	1
120939	0	0	1
121116	0	1	0
121286	0	1	0
121369	0	0	1
121385	1	0	0
121419	1	0	0
121579	0	0	1
121793	1	0	0
121798	1	0	0
122085	0	0	1
122123	0	1	0
122183	0	1	0
122420	0	0	1
122453	0	0	1
122553	1	0	0
123346	0	1	0
123895	0	0	1
124228	0	0	1
124823	0	0	1
125485	1	0	0
125920	0	0	1
127546	1	0	0
127839	0	0	1
128020	0	0	1
128186	1	0	0
128735	0	0	1
128737	0	0	1
128861	1	0	0
128862	1	0	0
128902	1	0	0
128961	1	0	0
128962	1	0	0
128963	4	0	0
128964	2	0	0
128965	1	0	0
128968	1	0	0
128969	2	0	0
128988	2	0	0
128989	1	0	0
128990	1	0	1
128997	1	0	0
129015	1	0	0
129024	1	0	0
129026	1	0	0
129132	0	1	0
129255	1	0	0
129710	0	0	1
129821	0	1	0
129986	1	0	0
130073	1	0	0
130805	0	0	1
131067	0	0	1
131079	0	1	0
131172	1	0	0
131325	0	1	0
131506	0	1	0
131628	0	1	0
132234	0	0	1
132422	1	0	0
132509	1	0	0
133012	0	1	0
133664	0	1	0
133934	1	0	0
134423	0	1	0
134424	0	1	0
134509	0	1	0
134678	0	0	1
134715	0	0	1
134817	0	1	0
135206	1	0	0
135649	0	0	1
135769	0	0	1
136356	0	1	0
136536	0	1	0
137168	0	1	0
137282	0	0	1
137511	0	0	1
137652	0	0	1
137885	1	0	0
138210	0	0	1
138293	0	0	1
138754	0	0	1
139451	0	0	1
139570	0	0	1
140521	0	0	1
140914	1	0	0
140937	1	0	0
141040	1	0	0
142055	0	0	1
142190	0	1	0
142216	0	1	0
142462	0	1	0
143107	1	0	0
144084	0	0	1
144223	0	1	0
144992	0	1	0
145452	0	0	1
145713	0	0	1
146447	0	1	0
146787	0	0	1
149449	0	1	0
150050	0	1	0
150493	0	0	1
150657	0	1	0
150699	0	0	1
151039	0	1	0
151426	1	0	0
151684	1	0	0
151702	1	0	0
151990	0	0	1
152335	0	0	1
152369	0	1	0
152631	0	0	1
153671	0	0	1
154027	0	1	0
154228	0	0	1
154766	1	0	0
155137	0	0	1
155254	0	0	1
155963	0	0	1
155975	0	0	1
156124	0	0	1
156882	0	0	1
157545	0	0	1
157608	0	0	1
157918	0	0	1
158084	1	0	0
158218	0	1	0
158323	0	0	1
158326	0	0	1
158329	0	0	1
158374	0	0	1
158890	0	0	1
159525	0	0	1
159772	0	0	1
161542	0	0	1
161599	0	0	1
161615	0	0	1
161687	0	0	1
161862	0	0	1
162522	0	0	1
162523	0	0	1
162815	0	0	1
162926	0	0	1
162975	0	0	1
162983	0	0	1
163022	0	1	0
163104	0	0	1
163551	0	0	1
163620	0	0	1
163699	0	0	1
163700	1	0	0
163892	0	0	1
163905	0	1	0
163988	0	0	1
164087	0	1	0
164288	0	1	0
164343	0	0	1
164433	0	0	1
164755	0	0	1
164812	0	0	1
165279	0	0	1
166347	0	0	1
166826	0	0	1
166922	0	0	1
167910	1	0	0
167922	0	1	0
168078	1	0	0
169103	0	0	1
169330	0	0	1
169651	0	1	0
169708	0	0	1
169803	0	0	1
169819	0	0	1
169915	0	0	1
169927	0	0	1
170013	0	0	1
170255	0	0	1
170492	0	0	1
170502	0	0	1
170529	1	0	0
170690	0	0	1
170773	0	0	1
170871	0	1	0
170887	0	0	1
170892	0	1	0
171017	0	0	1
171140	0	1	0
171384	0	0	1
171735	0	0	1
171806	0	0	1
172019	0	0	1
172077	0	0	1
172081	1	0	0
172135	2	0	0
172139	0	0	1
172779	0	0	1
172868	0	1	0
172871	0	0	1
172906	0	0	1
173016	0	0	1
173042	0	0	1
173075	0	0	1
173455	0	0	1
173547	0	0	1
173742	0	0	1
173778	0	0	1
173974	0	0	1
174064	0	0	1
174090	0	0	1
174098	0	0	1
174279	0	0	1
174286	0	0	1
174291	0	0	1
174388	0	0	1
174478	0	0	1
174546	0	0	1
174561	0	0	1
174570	0	0	1
174574	0	0	1
174575	0	0	1
174625	0	0	1
174633	0	0	1
174845	0	0	1
174963	0	0	1
174980	0	0	1
175009	1	0	0
175057	0	0	1
175067	0	0	1
175158	0	0	1
175165	0	0	1
175273	0	0	1
175368	0	0	1
175393	0	0	1
175699	0	0	1
175741	0	0	1
175777	0	0	1
175786	0	0	1
175795	0	0	1
175816	0	0	1
175831	0	0	1
175868	0	0	1
175869	0	0	1
175885	0	0	1
175900	0	0	2
175924	0	0	1
176002	0	0	1
176025	0	1	0
176026	0	0	1
176071	0	1	0
176121	0	0	1
176174	0	0	1
176187	0	0	1
176190	0	0	1
176212	0	0	1
176234	0	0	1
176269	0	0	1
176275	0	0	1
176355	0	0	1
176425	0	0	1
176621	0	0	1
176672	0	0	1
176676	0	0	1
176690	0	0	1
176719	0	0	1
176838	0	0	1
176900	0	0	1
176921	0	0	1
176932	0	0	1
176938	0	0	1
176977	0	0	1
177086	0	0	1
177146	0	0	1
177196	0	0	1
177204	0	0	1
177207	0	0	1
177208	0	0	1
177222	0	0	2
177231	0	0	1
177266	0	0	1
177280	0	0	1
177297	0	0	1
177302	0	0	1
177303	0	0	3
177310	0	0	1
177311	0	0	1
177317	0	0	1
177351	0	0	1
177353	0	0	1
177360	0	0	1
177372	0	0	1
177381	0	0	1
177399	0	0	2
177417	0	0	1
177430	0	0	1
177441	0	0	1
177446	0	0	1
177523	0	0	1
177537	0	0	1
177547	0	0	1
177552	0	0	1
177564	0	0	1
177584	0	1	0
177687	0	0	1
177689	0	0	1
177691	0	0	1
177699	0	0	1
177700	0	0	1
177726	0	0	1
177789	0	0	1
177828	0	0	1
177858	0	0	1
177887	0	0	1
177924	0	0	1
177999	0	1	0
178000	0	0	1
178160	0	1	0
178174	0	0	1
178176	0	0	1
178192	0	0	1
178194	0	0	3
178201	0	0	2
178226	0	0	1
178236	0	0	1
178238	0	0	1
178246	0	0	1
178252	0	0	1
178261	0	0	1
178299	0	0	1
178301	0	0	1
178318	0	0	1
178334	0	0	1
178422	0	0	1
178457	0	0	1
178637	0	0	1
178646	0	0	1
178652	0	0	1
178739	0	0	1
178740	0	0	1
178752	0	0	1
178769	0	0	1
178777	0	0	1
178870	0	0	1
178886	0	0	1
178935	1	0	0
178960	0	1	0
179013	1	0	0
179039	0	0	1
179167	0	0	1
179176	0	0	1
179183	0	0	1
179211	0	0	1
179220	0	0	1
179240	0	0	1
179284	1	0	0
179294	1	0	0
179468	0	0	1
179486	0	0	1
179605	0	0	1
179626	0	0	1
179672	0	0	1
179805	0	0	1
180050	0	1	0
180075	0	0	1
180277	0	0	1
180336	0	0	1
180337	0	0	1
180340	0	0	1
180345	0	0	1
180349	0	0	1
180350	0	0	1
180353	0	0	1
180355	0	0	1
180357	0	0	2
180358	0	0	1
180363	0	0	1
180366	0	0	1
180367	0	0	1
180368	0	0	1
180369	0	0	1
180370	0	0	1
180372	0	0	1
180373	0	0	2
180375	0	0	2
180376	0	0	2
180379	0	0	1
180380	0	0	1
180381	0	0	2
180384	0	0	1
180385	0	0	1
180390	0	0	1
180391	0	0	1
180399	0	0	1
180402	0	0	1
180403	0	0	1
180407	0	0	1
180410	0	0	1
180426	0	0	1
180434	0	0	1
180452	0	0	1
180457	0	0	1
180458	0	0	1
180459	0	0	1
180475	0	0	1
180515	0	0	1
180879	0	0	1
180909	0	0	1
181238	0	0	1
181505	1	0	0
181688	0	1	0
181861	0	0	1
182234	1	0	0
182239	0	0	1
182271	0	0	1
183272	0	0	1
183512	0	0	1
183528	0	0	1
183537	0	0	1
183565	0	0	1
183614	0	0	1
183632	0	0	1
183634	0	0	1
184386	1	0	0
184531	1	0	0
184687	1	0	0
184774	0	1	0
184792	0	0	1
184822	0	0	1
184896	0	0	1
184925	0	0	1
185022	0	0	1
185364	0	0	1
185374	0	0	1
185392	1	0	0
185408	1	0	0
185572	1	0	0
185862	0	0	1
186041	0	1	0
186309	0	0	1
186350	0	0	1
186640	0	1	0
186841	0	1	0
186860	0	0	1
186909	0	1	0
187022	0	1	0
187090	0	0	1
187116	0	0	2
187119	0	0	1
187154	0	0	2
187192	0	0	1
187203	0	0	1
187213	0	0	1
187223	0	0	1
187394	1	0	0
187456	0	0	1
187480	0	0	1
187496	0	0	1
187510	0	0	1
187521	0	0	1
187524	0	0	1
187527	0	0	1
187571	0	0	1
187643	1	0	0
187665	0	0	1
187686	0	0	1
187693	0	0	1
187765	0	0	1
187979	0	0	1
188032	0	0	1
188173	0	0	1
188284	0	0	1
188323	0	0	1
188649	0	1	0
189802	0	0	1
189824	0	0	1
189865	0	0	1
189923	0	0	1
189933	0	1	0
189986	0	0	1
189994	0	0	1
190065	0	0	1
190406	0	0	1
190658	0	0	1
190902	0	0	1
190908	0	0	1
190936	0	0	1
190949	0	0	1
190969	0	0	1
191068	0	0	1
191427	0	0	1
191764	1	0	0
191765	1	0	0
191930	0	0	1
191931	0	0	1
192432	0	0	1
192795	0	0	1
192966	0	0	1
193361	0	0	1
193379	0	0	1
193615	0	0	1
193994	0	1	0
194988	0	0	1
196638	0	1	0
198506	0	0	1
199258	1	0	0
199566	1	0	0
199776	0	0	1
199864	1	0	0
200105	0	0	1
200106	0	0	1
200177	1	0	0
200252	1	0	0
202036	1	0	0
202394	0	0	1
202613	0	0	1
202766	0	0	1
202859	0	1	0
203400	0	0	1
203607	0	0	1
203958	0	0	1
203970	1	0	0
204050	1	0	0
204174	0	1	0
204465	0	0	1
204616	0	1	0
204806	0	0	1
205170	0	0	1
205450	0	0	1
206485	0	1	0
206556	0	1	0
206893	0	1	0
207564	0	0	1
207566	1	0	0
207758	0	0	1
209276	0	1	0
209779	1	0	0
209913	0	0	1
210162	0	0	1
211100	1	0	0
211317	1	0	0
211718	1	0	0
211780	1	0	0
212087	0	0	1
212672	0	0	1
213145	0	0	1
213198	0	0	1
213245	0	0	1
213247	0	0	1
213345	0	0	1
213439	0	0	1
213440	0	0	1
213456	0	0	1
213658	0	0	1
213685	0	0	1
213721	0	0	1
214165	0	0	1
214419	0	0	1
214432	0	0	1
214481	0	0	1
214486	0	0	1
214523	0	0	1
214598	0	0	1
214783	0	0	1
214820	0	0	1
214840	0	0	1
214844	0	0	2
214872	0	0	1
214876	0	0	1
214895	0	0	1
214917	0	0	1
214939	0	0	1
215134	0	0	1
215223	0	0	1
215310	0	0	1
215358	0	0	1
215507	0	0	1
215552	0	0	1
215579	0	0	1
215635	0	0	1
215654	0	0	1
215725	0	0	2
215786	0	0	1
215791	0	0	1
215847	0	0	1
215848	0	0	1
215850	0	0	1
215876	0	0	1
215886	0	0	1
215915	0	0	1
215921	0	0	1
215940	0	0	1
215961	0	0	1
215986	0	0	1
215997	0	0	1
216040	0	0	1
216050	0	0	1
216075	0	0	1
216096	0	0	1
216111	0	0	1
216151	0	0	1
216163	0	0	1
216167	0	0	1
216175	0	0	1
216212	0	1	0
216213	0	0	1
216249	0	0	1
216539	0	0	1
216553	0	0	1
216564	0	0	1
216579	0	0	1
216660	0	0	1
216730	0	0	1
216738	0	0	1
216762	0	0	1
216764	0	0	1
216855	0	0	1
216922	0	0	1
216946	0	0	1
216981	0	0	1
216997	0	0	1
217018	0	0	1
217037	0	0	1
217060	0	0	1
217062	0	0	1
217336	0	0	1
217694	0	0	1
217833	0	0	1
217868	0	0	1
217956	0	0	1
218053	0	0	1
218077	0	0	1
218105	1	0	0
218348	0	0	1
218504	0	0	1
218506	0	0	1
218535	0	0	1
218539	0	0	1
218678	0	0	1
218737	0	0	1
218866	0	0	1
218931	0	0	1
218959	0	0	2
218973	1	0	0
219226	0	0	1
219473	1	0	0
219646	0	0	1
219666	0	0	1
219821	0	0	1
219830	0	0	1
220269	0	0	1
220393	0	0	1
220444	0	0	1
220446	0	0	1
220454	0	0	1
220522	0	0	1
220528	0	0	1
220548	0	0	1
220631	0	0	1
220671	0	0	1
220699	0	0	1
220716	0	0	1
220754	0	0	1
220778	0	0	1
220865	0	0	1
221003	0	0	1
221150	0	0	1
221602	1	0	0
221658	0	0	1
221783	0	0	1
221840	0	0	1
221891	0	0	1
221933	0	0	3
221940	0	0	1
221958	0	0	1
222028	0	0	1
222279	0	0	1
222301	0	0	1
222320	0	0	1
222335	0	0	1
222368	0	0	1
222378	0	0	1
222394	0	0	1
222399	0	0	1
222402	0	0	1
222542	0	0	1
222547	0	0	1
222623	0	0	1
222733	0	0	1
222782	0	0	1
222800	0	0	1
222948	0	0	1
222993	0	0	1
223068	0	0	1
223186	0	0	1
223218	0	0	1
223364	0	1	0
223397	0	0	1
223405	0	0	1
223420	0	0	1
223423	0	0	1
223491	0	0	1
223495	0	0	1
223547	0	0	1
223558	1	0	0
223641	0	1	0
223675	0	0	1
223677	0	0	1
223690	0	0	1
223701	0	0	1
223709	0	0	1
223731	0	0	1
223751	0	0	1
223776	0	0	1
223794	0	0	1
224089	0	0	1
224115	1	0	0
224118	1	0	0
224121	0	0	1
224122	1	0	0
224123	1	0	0
224124	1	0	0
224127	1	0	0
224129	1	0	0
224130	2	0	0
224131	1	0	0
224134	1	0	0
224137	2	0	0
224139	1	0	0
224144	1	0	0
224145	1	0	0
224146	2	0	0
224147	1	0	0
224149	1	0	0
224150	1	0	0
224157	1	0	0
224159	1	0	0
224160	3	0	0
224161	1	0	0
224162	1	0	0
224163	1	0	0
224164	1	0	0
224167	2	0	0
224168	1	0	0
224176	1	0	0
224177	1	0	0
224178	1	0	0
224194	1	0	0
224525	0	0	1
224706	1	0	0
224937	0	1	0
224982	0	1	0
225007	0	0	1
225335	0	1	0
225612	0	1	0
225617	0	0	1
225755	0	0	1
226006	0	0	1
226122	0	0	1
226413	0	0	1
226511	0	0	1
226532	0	0	1
226568	1	0	0
226766	0	0	1
226768	0	0	1
226934	0	1	0
226974	0	0	1
227209	0	1	0
227883	0	0	1
228056	0	0	1
228165	0	1	0
229583	0	0	1
229724	0	0	1
229908	1	0	0
229927	0	0	1
229989	0	0	1
230027	0	0	1
230040	0	0	1
230051	0	0	1
230135	0	0	1
230197	0	0	1
230549	0	0	1
230803	0	0	1
230852	0	0	1
231868	0	0	1
232140	0	1	0
232626	0	1	0
232639	0	1	0
232709	0	0	1
232758	0	0	1
233035	1	0	0
233040	1	0	0
233387	1	0	0
233843	1	0	0
234582	1	0	0
234749	0	1	0
234792	1	0	0
235650	1	0	0
235883	0	0	1
236395	0	0	1
237997	0	0	1
238103	0	0	1
238798	0	0	1
238964	0	0	1
239081	0	0	1
239088	0	0	1
239303	0	0	1
239499	0	0	1
239685	0	0	1
240162	0	0	1
240219	0	0	1
240533	0	0	1
240544	0	0	1
240645	0	0	1
240933	0	0	1
241005	0	0	1
241064	0	1	0
241695	0	0	1
241951	0	0	1
242050	0	0	1
242331	0	1	0
242410	0	1	0
242537	1	0	0
242770	0	1	0
242944	0	0	1
243011	0	0	1
243019	0	0	1
243201	0	0	1
243240	0	0	1
243292	1	0	0
243349	0	0	1
243581	1	0	0
243597	0	0	1
243620	0	0	1
243656	0	0	1
243772	0	0	1
243779	0	0	1
243869	0	0	1
244024	0	1	0
244350	0	0	1
244351	1	0	0
244384	1	0	0
244543	1	0	0
244708	0	0	1
244723	1	0	0
244756	0	0	1
244890	1	0	0
244908	0	0	1
245025	0	0	1
245116	0	0	1
245492	0	1	0
245796	1	0	0
245798	0	0	1
245893	1	0	0
245936	0	1	0
245940	0	0	1
246110	0	1	0
246373	0	0	1
246484	0	0	1
246505	0	0	1
246627	0	0	1
246845	1	0	0
246951	0	0	1
246958	0	0	1
247075	0	0	1
247388	0	0	1
247510	0	0	1
247545	0	0	1
247766	0	0	1
247827	0	0	1
248183	1	0	0
248536	1	0	0
249838	1	0	0
250301	0	0	1
251441	0	0	1
252071	0	0	1
252667	0	1	0
252763	0	0	1
252977	0	1	0
253104	0	0	1
253359	0	1	0
253540	0	0	1
253609	0	1	0
253754	0	0	1
253792	0	0	1
254006	0	0	1
254007	0	0	1
254633	0	0	1
254869	0	1	0
255312	0	1	0
255319	0	0	1
255336	0	1	0
255361	0	0	1
255371	0	0	1
255481	0	0	2
255489	0	0	1
255730	0	0	1
256060	1	0	0
256112	1	0	0
256135	1	0	0
256148	1	0	0
256227	1	0	0
256341	0	0	1
256508	0	0	1
256795	0	0	1
256842	0	0	1
257351	0	0	1
257537	0	1	0
257724	1	0	0
257770	1	0	0
258924	0	1	0
258974	0	0	1
259123	1	0	0
259126	0	0	1
259136	0	0	1
259982	0	1	0
260019	1	0	0
260325	1	0	0
260373	0	1	0
260584	0	1	0
260630	0	1	0
260706	0	1	0
260737	0	0	1
260759	0	1	0
260798	1	0	0
260867	1	0	0
261098	0	1	0
261231	0	1	0
261459	0	0	1
261547	0	0	1
261757	1	0	0
261930	0	0	1
262021	1	0	0
262027	1	0	0
262094	0	0	1
262167	0	0	1
262207	1	0	0
262290	0	0	1
262481	0	0	1
262580	1	0	0
262592	0	0	1
262758	0	1	0
263020	0	0	1
263446	0	0	1
263503	1	0	0
263543	0	0	1
263677	0	1	0
263836	0	0	1
263923	1	0	0
263982	0	0	1
264043	1	0	0
264184	0	0	1
264447	0	0	2
264851	0	0	1
264870	0	0	1
264905	0	0	1
264918	0	0	1
264969	0	0	1
265116	0	0	1
265448	1	0	0
265515	0	0	1
265594	0	0	1
265673	0	1	0
266060	0	0	1
266182	0	1	0
266195	0	0	1
266346	0	1	0
266349	0	0	1
266520	1	0	0
266756	0	0	1
266779	0	0	1
267271	0	0	1
267941	0	0	1
268223	0	0	1
268512	0	1	0
268673	0	0	1
268716	0	0	1
268842	1	0	0
268866	0	0	1
269023	0	0	1
269027	0	0	1
269092	0	1	0
269354	0	0	1
269436	0	0	1
269836	0	1	0
270143	0	0	1
270443	1	0	0
270581	1	0	0
270802	0	0	1
270831	0	0	1
270891	0	0	1
270938	0	0	1
271257	0	1	0
271264	0	0	1
271269	0	0	1
271292	0	0	1
271442	0	0	1
271504	0	0	1
271539	1	0	0
273285	0	0	1
274117	0	0	1
274345	1	0	0
275027	0	0	1
275305	0	1	0
276020	1	0	0
276109	1	0	0
276272	1	0	0
276371	1	0	0
276616	0	0	1
276630	0	0	1
277099	0	0	1
277219	0	0	1
277234	0	0	1
277240	0	0	1
277471	0	0	1
277551	0	0	1
277651	0	0	1
277666	0	0	1
277670	0	0	1
277700	0	0	1
277802	0	0	1
277922	0	0	1
278290	0	0	1
278751	0	0	1
280287	0	0	1
280370	0	1	0
280375	0	1	0
280693	0	0	1
281037	1	0	0
281072	0	0	1
281241	1	0	0
281298	1	0	0
281367	0	0	1
281415	0	0	1
281493	0	0	1
281550	1	0	0
281661	0	0	1
281728	0	0	1
281743	0	0	1
281752	0	0	1
281767	0	0	1
281773	0	0	1
281778	0	0	1
281788	0	0	1
281870	0	0	1
282131	0	0	1
282421	1	0	0
282803	0	0	1
282820	1	0	0
282894	0	0	1
282930	0	1	0
282959	0	0	1
283055	1	0	0
283083	0	0	1
283092	0	1	0
283127	0	0	1
283133	0	0	1
283283	0	0	1
283319	0	0	1
283349	0	1	0
283401	0	0	1
283421	0	0	1
283611	0	0	1
283619	0	0	1
283720	0	0	1
283997	0	0	1
284089	0	0	1
284405	0	0	1
284479	0	1	0
285025	0	0	1
285227	0	0	1
285228	0	1	0
285313	0	0	1
285390	1	0	0
286380	0	0	1
286443	0	0	1
287339	0	0	1
287367	0	0	2
287376	0	0	1
287414	0	0	1
287419	0	0	1
289144	0	0	1
289407	0	0	1
289727	0	1	0
289769	0	1	0
289792	0	1	0
289913	0	1	0
290247	0	1	0
290445	0	0	1
290799	1	0	0
290802	1	0	0
291015	1	0	0
291176	1	0	0
291189	1	0	0
291628	1	0	0
292116	0	1	0
293226	1	0	0
293358	1	0	0
294230	0	0	1
294993	1	0	0
295448	0	1	0
295479	0	1	0
296779	0	1	0
297234	1	0	0
297256	1	0	0
297290	1	0	0
298516	0	0	1
300117	0	0	1
300124	0	1	0
300578	1	0	0
301414	0	1	0
301493	0	1	0
301532	0	1	0
303211	0	1	0
303463	0	0	1
303523	0	0	1
303652	0	0	1
303725	0	0	1
303977	0	0	1
304207	0	0	1
304993	1	0	0
305444	0	1	0
306494	0	0	1
306918	0	0	1
306970	0	1	0
307480	1	0	0
307611	0	1	0
309320	0	0	1
309340	0	0	1
309600	1	0	0
312694	1	0	0
313595	0	0	1
313997	1	0	0
314091	0	0	1
316789	0	0	1
317144	0	1	0
317388	0	0	1
318288	1	0	0
318571	0	0	1
319193	0	0	1
320328	0	1	0
320442	0	0	1
321217	0	0	1
321284	1	0	0
321549	0	0	1
322495	0	1	0
322952	0	0	1
323104	0	1	0
323597	0	0	1
324051	0	1	0
324210	0	1	0
324276	0	0	1
324637	0	0	1
324666	0	0	1
324852	0	0	1
325083	0	0	1
325148	0	1	0
325154	0	0	1
325285	0	0	1
325338	0	0	1
325686	0	0	1
325711	0	0	1
325763	0	0	1
325790	0	0	1
325998	0	0	1
326057	0	1	0
326083	0	0	1
326111	0	0	1
326217	0	0	1
326281	0	1	0
326372	0	0	1
326495	0	0	1
326579	0	0	1
326679	0	0	1
326711	0	0	1
326893	0	0	1
327145	0	0	1
327172	0	0	1
327504	0	0	1
328051	0	0	1
328147	0	0	1
328279	0	0	1
329220	0	0	1
329265	0	0	1
329333	0	0	1
329390	0	0	1
329449	0	0	1
329454	0	0	1
329456	0	0	1
329463	0	0	1
329487	0	0	1
329488	0	0	1
329539	0	0	1
329580	0	0	1
329639	0	0	1
329644	0	0	1
329683	0	0	1
329696	0	0	1
329708	0	0	1
329709	0	0	1
329733	0	0	1
329739	0	0	1
329742	0	0	1
329744	0	0	1
329823	0	0	1
329855	0	0	1
329893	1	0	0
329930	0	0	1
329996	0	0	1
330030	0	0	1
330033	0	0	1
330045	0	0	1
330068	0	0	1
330077	0	0	1
330239	0	0	1
330260	0	0	1
330374	0	0	1
330450	1	0	0
331289	0	1	0
332416	0	0	1
332472	0	1	0
332702	0	0	1
332709	0	0	1
332720	0	0	1
332732	0	0	1
333196	0	0	2
333327	0	0	1
333387	0	0	1
333407	0	0	1
333468	0	0	1
333471	0	0	1
333728	0	0	1
333764	0	0	1
333788	0	1	0
333954	0	1	0
334034	0	1	0
334116	0	1	0
334122	0	0	1
334194	0	1	0
334205	0	1	0
334228	0	1	0
334278	0	1	0
334932	0	0	1
335030	1	0	0
335034	0	1	0
336031	0	0	1
336250	0	1	0
337720	0	0	1
338422	0	0	1
339023	0	0	1
339295	0	0	1
339693	0	1	0
339780	0	0	1
339872	0	1	0
340046	0	0	1
340054	0	0	1
340445	0	1	0
340569	1	0	0
340596	0	1	0
340628	0	0	1
340652	0	0	1
340691	0	1	0
340718	0	1	0
340902	0	1	0
340991	0	1	0
341016	0	1	0
341056	1	0	0
341346	0	0	1
341796	1	0	0
341806	1	0	0
341894	0	0	1
342098	1	0	0
342273	1	0	0
343156	0	1	0
345027	0	0	1
345227	0	0	1
345466	1	0	0
345626	0	0	1
346103	0	0	1
347729	0	0	1
347914	0	1	0
349006	1	0	0
349239	0	0	1
349706	1	0	0
350702	0	0	1
350841	0	0	1
351175	0	0	1
351203	1	0	0
351265	1	0	0
351369	0	0	1
351457	1	0	0
351797	0	1	0
351932	0	0	1
352628	0	1	0
354309	0	0	1
354732	1	0	0
354800	0	0	1
354954	1	0	0
355974	0	0	1
356350	1	0	0
356354	0	0	1
356819	0	0	1
356936	0	0	1
357038	0	0	1
357071	0	0	1
357122	0	0	1
357137	0	1	0
357138	0	2	0
357217	0	1	0
357258	0	1	0
357265	0	1	0
357754	0	0	1
357911	0	0	1
358335	0	1	0
358445	0	0	1
359503	0	0	1
359782	0	0	1
360186	0	0	1
360998	0	1	0
361426	0	0	1
361753	0	1	0
361779	0	0	1
361793	0	0	2
361804	0	0	1
361862	0	0	1
361954	0	0	1
362075	0	0	1
362214	0	0	2
362380	0	0	1
362395	0	0	1
362398	0	0	1
362416	0	0	1
362495	0	1	0
362706	0	0	1
362843	0	0	1
364097	0	1	0
365384	1	0	0
365813	1	0	0
366010	0	0	1
366688	1	0	0
367208	0	0	1
367302	0	1	0
367670	0	0	1
368194	0	0	1
368528	0	0	1
369067	0	1	0
370428	1	0	0
371230	1	0	0
373223	0	0	1
373479	0	0	1
373490	0	1	0
373870	0	0	1
374132	0	0	1
374452	0	1	0
374579	0	0	1
374583	0	0	1
374802	0	0	1
374947	0	0	1
374998	0	0	1
375029	0	0	1
375201	0	1	0
375202	0	0	1
375243	0	1	0
375497	0	0	1
375582	1	0	0
376180	0	1	0
376224	0	0	1
376226	0	0	1
376696	0	0	1
378595	0	0	1
378984	0	1	0
379788	0	0	1
380845	0	0	1
381671	0	0	1
381778	0	0	1
382071	0	0	1
383085	0	1	0
383190	1	0	0
383589	0	1	0
383679	1	0	0
383684	0	0	1
385763	0	0	1
387603	1	0	0
387609	0	0	1
387721	0	0	1
389675	0	0	1
390238	0	0	1
390245	0	0	1
390326	0	0	1
390804	0	0	1
392377	0	0	1
392830	0	0	1
392987	0	0	1
393004	1	0	0
393258	1	0	0
397377	0	1	0
397994	1	0	0
398031	0	1	0
398127	0	0	1
398713	0	0	1
399520	0	1	0
400462	0	1	0
400493	0	0	1
401046	0	0	1
401355	1	0	0
403242	0	1	0
403253	0	1	0
403332	0	1	0
403430	0	1	0
404063	1	0	0
404313	1	0	0
404709	1	0	0
404765	0	0	1
405112	1	0	0
405319	0	0	1
406674	1	0	0
406875	0	0	1
407760	0	0	1
407915	0	1	0
409281	0	0	1
410383	0	0	1
412709	0	0	1
414287	1	0	0
414829	0	0	1
416276	0	0	1
416390	0	1	0
417077	0	0	1
418001	0	0	1
418307	0	0	1
418877	0	0	1
419168	1	0	0
419251	0	1	0
419368	0	0	1
419429	0	0	1
419487	0	0	1
419726	0	0	1
419773	0	0	1
419800	0	0	2
419925	1	0	0
420429	0	0	1
420492	0	0	1
420653	0	1	0
421926	0	0	1
423049	0	0	1
423402	0	0	1
423464	0	0	1
424882	0	0	1
425684	1	0	0
426126	0	0	1
426311	0	0	1
429843	0	0	1
430436	1	0	0
431118	1	0	0
431132	0	0	1
431249	0	0	1
431998	0	0	1
432003	1	0	0
432386	0	0	1
432412	0	0	1
432417	0	0	1
432447	0	0	1
432499	0	0	1
432569	0	0	1
432735	0	1	0
432779	0	0	1
432848	0	0	1
432850	0	0	1
432855	0	0	1
432862	0	0	1
432892	0	0	1
432901	0	0	1
433319	0	0	1
433350	0	0	1
433352	0	0	1
433369	0	0	1
433441	0	1	0
433467	0	0	1
433697	0	1	0
433830	0	0	1
433840	0	0	1
433852	0	0	1
433949	0	1	0
434016	0	0	1
434140	0	0	1
434271	0	0	1
434309	0	0	1
434333	0	0	1
434662	1	0	0
435478	0	0	1
435752	1	0	0
435793	0	0	1
435854	0	0	1
435986	0	0	1
436111	0	0	1
436460	0	0	1
436475	0	0	1
436855	0	0	1
436890	1	0	0
436927	1	0	0
437429	0	0	1
437503	0	0	1
437507	0	0	1
437508	0	0	1
437510	0	0	1
437550	0	0	1
437874	1	0	0
437949	0	1	0
438187	0	0	1
439091	1	0	0
439578	0	0	1
439615	0	1	0
439647	0	1	0
439891	0	0	1
439961	0	0	1
440650	0	1	0
442805	1	0	0
442886	1	0	0
443057	1	0	0
443086	0	1	0
443134	0	1	0
443147	1	0	0
443468	0	0	1
444181	0	0	1
444804	0	1	0
445172	0	0	1
445216	0	0	1
445257	0	0	1
445287	0	0	1
445500	1	0	0
446079	0	0	1
446117	0	0	1
446127	0	0	1
446387	0	0	1
446396	0	0	1
446400	1	0	0
446410	0	0	1
446430	0	0	1
446540	0	0	1
446542	0	0	1
446775	0	0	1
446843	0	0	1
446848	0	0	1
446862	0	0	1
447024	0	0	1
447031	0	0	1
447258	0	0	1
447406	0	0	1
447466	0	1	0
447696	0	0	1
447711	1	0	0
448113	0	1	0
448762	0	0	1
449431	0	0	1
449506	1	0	0
449743	0	0	1
450383	0	0	1
450419	1	0	0
450439	0	0	1
450747	0	1	1
450812	0	0	1
450834	0	0	1
450882	0	0	1
450948	0	0	1
451061	0	0	1
451134	0	0	1
451155	0	0	1
451194	0	0	1
451217	0	0	1
451226	0	0	1
451239	0	0	1
451241	0	0	1
451248	0	0	1
451258	0	0	1
451259	0	0	1
451261	0	0	1
451276	0	0	1
451304	0	0	1
451313	0	0	1
451365	0	0	1
451419	0	0	1
451449	0	0	1
451494	0	0	1
451555	0	0	1
451580	0	0	1
451620	0	0	1
451629	0	0	1
451639	0	0	1
451665	0	0	1
451712	0	0	1
451827	0	0	1
451888	0	0	1
451951	0	0	1
452015	0	0	1
452029	0	0	1
452032	0	0	1
452037	0	0	1
452058	0	0	1
452371	0	0	1
452618	0	0	1
452857	0	0	1
453195	0	0	1
453610	0	0	1
454049	1	0	0
454226	0	0	1
454347	0	0	1
454539	0	0	1
454567	0	0	1
454572	0	0	1
454573	0	0	1
454579	0	0	1
454602	0	0	1
454603	0	0	1
454614	0	0	1
454622	0	0	1
454628	0	0	1
454646	0	0	1
454648	0	0	1
454663	0	0	1
454672	0	0	1
454785	0	0	1
456977	0	1	0
457789	0	0	1
458870	0	1	0
461212	1	0	0
461346	0	0	1
463475	1	0	0
464607	0	0	1
464620	0	0	1
464682	0	0	1
465999	0	0	1
466282	0	0	1
466301	0	0	1
466554	0	0	1
467261	0	0	1
467713	0	0	1
468663	1	0	0
469413	0	1	0
469615	0	0	1
469780	0	0	1
471127	0	1	0
471254	0	0	1
471533	0	0	1
471696	0	0	1
472072	0	0	1
472199	0	0	1
472279	0	0	1
473176	1	0	0
473532	1	0	0
473559	1	0	0
473583	1	0	0
473613	1	0	0
473622	1	0	0
473731	1	0	0
473737	1	0	0
473773	0	0	1
474239	1	0	0
475012	0	1	0
475325	0	0	1
475788	1	0	0
475829	0	0	1
476170	0	1	0
476388	0	1	0
476424	0	1	0
476462	0	1	0
476463	0	1	0
476542	0	1	0
476552	0	1	0
476834	0	1	0
476858	0	1	0
476876	0	1	0
476920	0	1	0
477294	1	0	0
477295	1	0	0
477336	1	0	0
477598	1	0	0
477605	1	0	0
477610	1	0	0
477617	1	0	0
477662	1	0	0
477695	1	0	0
477696	1	0	0
477707	1	0	0
477708	1	0	0
477724	1	0	0
477743	1	0	0
477759	1	0	0
477805	1	0	0
477822	1	0	0
477875	1	0	0
477924	1	0	0
477927	1	0	0
477950	0	0	1
478143	0	0	1
479945	0	0	1
480614	0	0	1
482329	0	0	1
491046	1	0	0
491763	0	0	1
493206	0	0	1
494834	0	0	1
496815	0	0	1
499350	1	0	0
499930	0	1	0
502834	0	1	0
502867	0	0	1
503256	0	0	1
505293	0	0	1
505687	0	0	1
506186	1	0	0
506994	0	0	1
507361	0	0	1
508381	0	1	0
510872	0	0	1
510875	0	0	1
511362	0	0	1
511371	0	0	1
513662	0	0	1
515225	1	0	0
515767	0	1	0
516230	1	0	0
518195	0	0	1
518228	1	0	0
519845	1	0	0
520088	0	1	0
522477	0	0	1
522950	0	1	0
523543	0	0	1
524138	0	0	1
527535	1	0	0
528535	0	0	1
528791	0	0	1
528815	0	1	0
530403	1	0	0
532143	0	1	0
532545	0	0	1
532804	0	1	0
533147	1	0	0
533336	0	0	1
536248	0	1	0
536982	0	0	1
537653	0	0	1
537711	0	0	1
539974	1	0	0
540708	0	0	1
542420	0	1	0
544077	0	0	1
544212	0	1	0
546563	0	0	1
550118	0	0	1
551656	0	1	0
552632	0	0	1
553144	0	0	1
554430	0	0	1
556329	0	0	1
556340	0	0	1
556342	0	0	1
556348	0	0	1
556351	0	0	1
556360	0	0	1
556361	0	0	1
556389	0	0	1
556428	0	1	0
556521	0	0	1
556550	0	0	1
556561	0	0	1
556624	0	0	1
556637	0	0	1
556711	0	0	1
556786	0	0	1
556965	0	0	1
557014	1	0	0
557155	0	0	1
557173	0	0	1
557185	0	0	1
557264	0	0	1
557299	0	0	1
557317	0	0	1
557480	0	1	0
557566	0	0	1
557589	0	0	1
557840	0	0	1
558050	0	0	1
558397	0	0	1
558567	0	0	1
558589	0	0	1
558752	0	0	1
558789	0	0	1
558798	0	0	1
558855	0	0	1
559178	0	0	1
559583	0	1	0
559894	0	0	1
560174	0	1	0
560681	0	0	1
560684	0	0	1
560735	0	0	1
560938	0	0	1
561149	0	0	1
562699	0	0	1
562730	0	0	1
562810	0	0	1
562832	0	0	1
562848	0	0	1
562881	0	0	1
562914	0	0	1
562942	0	0	1
563174	0	0	1
563764	0	0	1
564786	0	0	1
564804	0	0	1
564820	0	0	1
564860	0	0	1
564885	0	0	1
564908	0	0	1
564971	0	0	1
564992	0	0	1
565148	0	0	1
565178	0	0	1
565251	0	0	1
565580	0	0	1
565591	0	0	1
565622	0	0	1
565747	0	1	0
566754	1	0	0
567660	0	0	1
569261	0	0	1
571372	0	0	1
571802	0	0	1
571969	0	0	1
572785	0	0	1
572895	0	0	1
573228	0	0	1
573336	0	0	1
573688	0	0	1
574614	0	0	1
576319	0	0	1
576946	0	0	1
579098	0	1	0
579656	1	0	0
579818	0	0	1
581850	0	0	1
582642	0	0	1
583445	0	0	1
584168	1	0	0
585763	0	0	1
585913	0	0	1
586133	0	0	1
586175	0	0	1
586282	0	0	1
586354	0	0	1
586364	0	0	1
586370	0	0	1
586405	0	0	1
586407	0	0	1
586428	0	0	1
586434	0	0	1
586439	0	0	1
586454	0	0	1
586460	0	0	1
586465	0	0	1
586489	0	0	1
586504	0	0	1
586516	0	0	1
586552	0	0	1
586593	0	0	1
589210	0	0	1
590517	1	0	0
591044	1	0	0
592318	1	0	0
594223	0	0	1
596060	0	0	1
596276	1	0	0
596741	0	1	0
600705	1	0	0
602580	1	0	0
603018	0	0	1
604120	0	1	0
605274	0	0	1
605411	0	0	1
606069	0	0	1
610672	1	0	0
610937	0	0	1
611972	0	0	1
612952	0	1	0
614504	0	0	1
615672	0	0	1
615798	0	1	0
619458	0	0	1
619521	1	0	0
620659	0	1	0
621213	0	0	1
623186	1	0	0
625018	0	1	0
625727	0	0	1
628376	0	0	1
628979	1	0	0
630105	0	0	1
632224	0	0	1
632403	0	0	1
634412	1	0	0
635053	0	0	1
636480	0	0	1
637774	1	0	0
637964	0	0	1
642702	0	0	1
643599	1	0	0
646456	0	1	0
648533	1	0	0
649407	0	1	0
649759	0	0	1
649904	0	0	1
652749	0	0	1
654766	0	0	1
654954	1	0	0
655145	0	1	0
655851	1	0	0
656443	0	1	0
660621	0	0	1
678417	1	0	0
682555	0	0	1
682790	0	0	1
685805	0	0	1
688424	1	0	0
689881	0	0	1
691639	0	0	1
693086	0	1	0
694534	0	0	1
696754	0	0	1
696778	0	0	1
696954	1	0	0
697943	0	0	1
698768	0	0	1
701835	0	0	1
702172	0	1	0
703060	1	0	0
703310	0	0	1
703422	0	0	1
705355	1	0	0
708206	0	0	1
709755	0	0	1
709798	1	0	0
710196	0	0	1
712795	1	0	0
713055	1	0	0
713968	0	0	1
715896	1	0	0
719706	0	0	1
723010	0	0	1
725731	0	0	1
726182	0	0	1
730618	0	0	1
734460	0	1	0
735308	1	0	0
736851	1	0	0
738147	0	0	1
738288	1	0	0
739821	0	0	1
741601	0	1	0
743165	0	0	1
743195	0	0	1
743651	0	0	1
744097	0	1	0
744341	0	0	1
744563	0	0	1
744593	0	0	1
744635	0	0	1
744746	0	0	1
744747	0	0	1
745025	0	0	1
745679	0	0	1
745736	0	0	1
745775	0	0	1
746245	0	0	1
746287	0	0	1
746389	0	0	1
746650	0	0	1
747244	1	0	0
747491	0	1	0
747712	0	0	1
747879	0	1	0
747884	0	0	1
748902	0	0	1
749330	0	0	1
749619	0	0	1
749621	0	0	1
749623	0	0	1
749624	0	0	1
749638	0	0	1
749640	0	0	1
749644	0	0	1
749655	0	0	1
749660	0	0	1
749761	0	0	1
749895	1	0	0
750077	0	0	1
750099	0	0	1
750102	0	0	1
750106	0	1	0
750167	0	0	1
750398	0	0	1
750711	0	0	1
750974	0	0	1
751092	1	0	0
751441	0	0	1
751594	0	0	1
751755	0	0	1
751774	0	0	1
751812	0	0	1
752059	0	0	1
752198	0	0	1
752224	0	0	1
752284	0	0	1
752286	0	1	0
752302	0	0	1
752806	0	0	1
753038	0	0	1
753072	0	0	1
753083	0	0	1
753396	0	0	1
760120	0	0	1
760889	1	0	0
760903	1	0	0
760925	1	0	0
760928	1	0	0
760930	1	0	0
760938	1	0	0
760946	1	0	0
760951	1	0	0
760990	1	0	0
760991	1	0	0
760993	1	0	0
760998	1	0	0
761001	1	0	0
761017	1	0	0
761126	1	0	0
761975	1	0	0
763314	0	1	0
763838	0	0	1
765108	0	1	0
766228	0	0	1
766664	0	0	1
774051	0	0	1
778443	0	0	1
787033	0	1	0
787174	0	1	0
787220	0	1	0
787328	0	1	0
787336	0	1	0
787354	0	1	0
787370	0	1	0
787386	0	1	0
787410	0	1	0
787417	0	1	0
787419	0	1	0
787446	0	1	0
787455	0	1	0
787459	0	2	0
787465	0	2	0
787709	0	0	1
787750	0	1	0
787817	0	1	0
787819	0	1	0
787828	0	0	1
787894	0	0	1
788051	1	0	0
788078	0	0	1
788093	1	0	0
788101	1	0	0
788130	1	0	0
788137	1	0	0
788147	1	0	0
788163	1	0	0
788276	0	0	1
788481	1	0	0
788503	1	0	0
788562	1	0	0
788664	1	0	0
788733	1	0	0
790019	0	0	1
790058	0	0	1
790088	0	0	1
790459	0	0	1
790485	0	0	1
790517	0	0	1
790519	0	0	1
790554	0	0	1
790573	0	0	1
790595	0	0	1
790598	0	0	1
790636	0	0	1
790680	0	0	1
791426	0	0	1
791707	0	0	1
792412	0	0	2
792856	0	0	1
793255	0	0	1
793314	0	0	1
793333	0	0	1
793401	0	1	0
793491	0	0	1
793596	0	0	1
793642	0	0	1
793782	0	0	1
795052	0	0	1
796005	0	0	1
796029	0	0	1
796050	0	0	1
796056	0	0	1
796082	0	0	1
796100	0	0	1
796105	0	0	1
796175	0	0	1
796498	0	0	1
796984	0	1	0
797032	0	0	1
797062	0	0	1
797199	0	1	0
797243	0	0	1
797390	0	0	1
797774	0	0	1
797776	0	1	0
798084	0	0	1
798087	0	0	1
798110	0	0	1
798157	0	0	1
798198	0	0	1
798316	0	0	1
798405	0	0	1
798431	0	0	1
798676	0	0	1
798801	0	0	1
798822	0	0	1
803310	0	1	0
804553	0	0	1
805228	0	1	0
806137	0	0	1
806757	0	0	1
815425	1	0	0
817793	0	0	1
818149	1	0	0
819070	1	0	0
830763	0	0	1
832735	0	0	1
835516	1	0	0
840814	0	0	1
842802	0	0	1
842877	0	0	1
843459	0	0	1
846898	0	0	1
848386	0	1	0
849888	0	1	0
851935	0	1	0
852261	0	0	1
852892	0	1	0
853313	1	0	0
853543	1	0	0
859599	0	0	1
869224	0	1	0
875200	0	1	0
875218	0	0	1
877698	0	1	0
884857	0	1	0
888113	0	1	0
913934	0	0	1
913967	0	0	1
915639	0	1	0
929709	0	0	1
934671	0	0	1
935147	0	1	0
936902	0	0	1
938231	0	0	1
938616	0	0	1
943365	0	0	1
944258	0	0	1
944436	0	0	1
947401	0	0	1
957990	0	0	1
960146	0	0	1
966899	0	0	1
980939	0	1	0
982971	0	0	1
987602	0	1	0
998847	1	0	0
1000935	1	0	0
1002678	0	1	0
1015964	0	0	1
1036019	0	1	0
1036397	0	0	1
1047051	1	0	0
1055158	0	0	1
1060485	0	0	1
1061787	0	0	1
1062559	0	0	1
1064307	0	0	1
1067043	0	0	1
1067450	0	0	1
1067790	0	0	1
1068649	0	0	1
1070188	0	0	1
1070496	0	1	0
1070832	0	0	1
1070959	0	0	1
1073588	1	0	0
1073802	0	0	1
1074627	0	0	1
1081350	1	0	0
1109112	0	0	1
1119057	1	0	0
1127335	0	0	1
1129911	0	0	1
1146505	0	1	0
1153266	0	1	0
1157915	0	0	1
1160062	0	0	1
1179416	0	1	0
1188509	0	1	0
1197817	0	0	1
1198629	1	0	0
1220092	0	0	1
1224520	0	0	1
1227185	1	0	0
1227595	0	0	1
1228981	0	0	1
1248566	0	1	0
1249286	0	0	1
1276659	0	0	1
1281308	0	0	1
1380662	0	1	0
1385417	0	0	1
1406250	0	0	1
1465341	1	0	0

