## htsjdk.samtools.metrics.StringHeader
# CollectInsertSizeMetrics --Histogram_FILE /u/home/s/samdemar/project-guillom/upf1_rrp6/7_INSERT_HISTOGRAMS/UPF1_1YP_1.fq.gz_hist.pdf --DEVIATIONS 1.0E7 --MINIMUM_PCT 0.0 --INPUT /u/home/s/samdemar/project-guillom/upf1_rrp6/4_REMOVE_PCR/UPF1_1YP_1.fq.gz.bam --OUTPUT /u/home/s/samdemar/project-guillom/upf1_rrp6/7_INSERT_HISTOGRAMS/UPF1_1YP_1.fq.gz_output.txt --METRIC_ACCUMULATION_LEVEL ALL_READS --INCLUDE_DUPLICATES false --ASSUME_SORTED true --STOP_AFTER 0 --VERBOSITY INFO --QUIET false --VALIDATION_STRINGENCY STRICT --COMPRESSION_LEVEL 5 --MAX_RECORDS_IN_RAM 500000 --CREATE_INDEX false --CREATE_MD5_FILE false --GA4GH_CLIENT_SECRETS client_secrets.json --help false --version false --showHidden false --USE_JDK_DEFLATER false --USE_JDK_INFLATER false
## htsjdk.samtools.metrics.StringHeader
# Started on: Mon Nov 15 17:14:07 PST 2021

## METRICS CLASS	picard.analysis.InsertSizeMetrics
MEDIAN_INSERT_SIZE	MODE_INSERT_SIZE	MEDIAN_ABSOLUTE_DEVIATION	MIN_INSERT_SIZE	MAX_INSERT_SIZE	MEAN_INSERT_SIZE	STANDARD_DEVIATION	READ_PAIRS	PAIR_ORIENTATION	WIDTH_OF_10_PERCENT	WIDTH_OF_20_PERCENT	WIDTH_OF_30_PERCENT	WIDTH_OF_40_PERCENT	WIDTH_OF_50_PERCENT	WIDTH_OF_60_PERCENT	WIDTH_OF_70_PERCENT	WIDTH_OF_80_PERCENT	WIDTH_OF_90_PERCENT	WIDTH_OF_95_PERCENT	WIDTH_OF_99_PERCENT	SAMPLE	LIBRARY	READ_GROUP
262	257	39	2	1300748	281.083109	2368.405149	18630347	FR	15	31	45	61	79	99	123	155	207	261	487			
253	55662	229	2	1362331	47524.270751	129089.217619	4048	RF	143	255	349	415	459	497	6859	110819	207795	563367	1496039			
183	147	71	2	1411867	68779.453529	173432.213575	8500	TANDEM	27	55	81	111	143	185	253	97747	501001	902679	1595783			

## HISTOGRAM	java.lang.Integer
insert_size	All_Reads.fr_count	All_Reads.rf_count	All_Reads.tandem_count
2	17	17	6
3	19	10	0
4	17	17	2
5	21	22	0
6	17	20	0
7	19	23	2
8	18	13	0
9	24	20	2
10	17	16	1
11	30	16	1
12	28	17	2
13	23	17	2
14	19	21	3
15	27	20	2
16	25	21	2
17	30	24	1
18	29	25	2
19	1797	17	2
20	90	24	4
21	68	28	1
22	1025	23	3
23	54	17	1
24	55	21	4
25	95	21	9
26	86	16	2
27	67	19	3
28	243	23	7
29	71	23	4
30	398	16	2
31	55	20	7
32	361	21	5
33	119	16	10
34	84	15	7
35	386	15	7
36	73	15	9
37	79	18	4
38	58	12	16
39	81	13	12
40	91	15	8
41	98	14	6
42	534	16	11
43	209	17	12
44	581	18	12
45	155	8	9
46	164	21	11
47	123	12	6
48	159	13	4
49	164	15	9
50	133	14	10
51	1936	14	4
52	204	11	14
53	139	11	17
54	665	15	14
55	225	10	13
56	161	13	15
57	180	14	14
58	570	10	21
59	174	10	10
60	163	6	7
61	214	7	22
62	209	6	14
63	356	4	6
64	263	8	18
65	296	13	15
66	309	7	7
67	314	11	12
68	271	14	15
69	289	9	15
70	316	9	11
71	340	10	15
72	403	9	26
73	427	13	16
74	415	10	16
75	527	9	25
76	469	9	19
77	519	18	14
78	560	11	28
79	571	12	24
80	676	9	20
81	756	10	16
82	787	8	20
83	667	10	27
84	779	6	20
85	905	9	22
86	904	7	31
87	971	5	30
88	1036	4	19
89	1049	5	26
90	1190	7	27
91	1201	10	26
92	1331	6	34
93	1244	10	33
94	1443	3	27
95	2086	7	20
96	1599	11	39
97	1606	6	28
98	1848	7	28
99	1912	5	38
100	1970	4	32
101	2132	9	30
102	2294	7	25
103	2385	10	26
104	2547	7	31
105	2608	5	43
106	2798	7	25
107	3278	5	25
108	3080	6	25
109	3174	11	43
110	3411	6	30
111	3482	5	37
112	3826	3	29
113	3992	5	25
114	4211	9	30
115	4477	9	36
116	4489	6	42
117	4704	4	38
118	4995	5	43
119	5391	6	43
120	5533	9	36
121	5794	4	35
122	6040	11	37
123	6052	7	40
124	6361	9	38
125	6695	6	40
126	7047	8	39
127	7356	5	30
128	7729	6	38
129	8201	8	43
130	8507	5	41
131	8606	11	37
132	9014	2	47
133	9481	5	41
134	9714	2	32
135	10074	7	31
136	10272	6	32
137	10888	5	43
138	11184	5	37
139	11882	4	39
140	12380	8	40
141	12622	9	30
142	13586	6	33
143	13438	7	40
144	14233	1	42
145	14623	5	37
146	15559	4	36
147	15946	2	52
148	16283	5	47
149	16811	11	28
150	17768	4	30
151	18173	6	33
152	18995	3	31
153	19388	5	47
154	20090	3	43
155	20897	11	48
156	21132	2	46
157	22434	7	33
158	22986	4	39
159	23985	8	41
160	24562	5	33
161	25536	3	30
162	26457	8	42
163	27262	3	41
164	28085	6	37
165	28731	5	48
166	29844	5	40
167	30495	3	32
168	31420	3	42
169	32238	3	26
170	33627	3	33
171	34203	4	41
172	35328	7	39
173	36814	6	30
174	37942	7	23
175	39279	6	39
176	39854	2	36
177	41147	5	29
178	42413	4	39
179	43649	5	35
180	44640	3	34
181	46019	5	34
182	47074	3	37
183	47782	4	25
184	49891	7	27
185	50397	3	33
186	52308	5	22
187	53509	8	34
188	54674	3	42
189	55844	4	19
190	57274	3	28
191	58556	5	31
192	60294	1	41
193	61448	4	44
194	63123	8	20
195	64261	2	20
196	66668	4	23
197	67977	2	22
198	69133	3	31
199	70998	7	30
200	72241	3	25
201	73193	1	27
202	75124	5	26
203	76757	7	31
204	79264	4	31
205	79673	4	20
206	81169	0	24
207	81993	4	23
208	83953	1	14
209	85922	3	31
210	87470	0	25
211	89000	2	19
212	91513	3	24
213	92248	5	32
214	93652	6	31
215	95469	4	21
216	96657	4	22
217	98783	1	19
218	99649	1	29
219	101446	2	17
220	103297	2	24
221	104365	3	20
222	105249	5	16
223	107311	2	18
224	108885	1	24
225	109516	3	24
226	110701	3	21
227	112343	4	17
228	112865	3	21
229	114814	3	17
230	115669	2	23
231	115845	3	25
232	118177	2	23
233	119134	4	18
234	119473	6	22
235	121503	2	27
236	122337	3	19
237	122217	2	19
238	123204	4	18
239	124768	4	23
240	125178	1	17
241	125882	3	17
242	126752	6	14
243	127131	5	11
244	128516	2	17
245	128819	3	16
246	129058	2	16
247	130205	1	15
248	130583	4	7
249	130028	0	14
250	129774	4	9
251	130420	3	17
252	130464	3	17
253	130358	4	21
254	130471	6	11
255	130080	4	12
256	130064	2	11
257	130822	1	18
258	129486	5	5
259	129962	4	10
260	129186	2	13
261	128603	2	7
262	128921	2	17
263	128630	2	9
264	127932	6	9
265	127627	0	10
266	127730	2	5
267	127025	1	11
268	126063	0	8
269	126048	1	10
270	124994	3	11
271	124440	3	13
272	124291	2	10
273	122045	2	7
274	122182	1	11
275	120859	3	7
276	120323	1	10
277	120275	6	10
278	118722	2	3
279	117519	2	7
280	116914	2	10
281	116021	5	8
282	114761	1	6
283	113386	2	11
284	112707	2	5
285	112376	1	4
286	111358	4	5
287	110178	0	7
288	108462	2	9
289	107827	0	12
290	106412	1	6
291	104090	2	8
292	103738	2	8
293	102655	3	6
294	100772	3	4
295	100096	3	4
296	99836	2	5
297	97659	1	5
298	96660	3	10
299	95803	4	4
300	93642	1	5
301	92375	2	7
302	91081	3	9
303	89081	1	4
304	88937	2	2
305	86916	3	3
306	85790	2	4
307	85163	2	3
308	83598	4	5
309	82298	1	3
310	81221	3	11
311	79947	1	3
312	78566	2	2
313	77145	2	2
314	76191	4	2
315	74510	2	3
316	73674	3	5
317	72954	2	2
318	71177	0	3
319	69856	0	4
320	69014	3	4
321	67396	6	7
322	66093	8	0
323	65381	2	2
324	63302	1	4
325	62532	0	0
326	61680	1	4
327	60253	2	3
328	59138	1	4
329	57849	0	3
330	57127	2	7
331	55889	0	8
332	55069	1	1
333	53560	3	0
334	52650	1	5
335	51908	2	3
336	50536	2	0
337	49898	2	0
338	48413	3	1
339	47013	3	2
340	46487	1	1
341	45302	5	4
342	44464	6	3
343	43424	1	1
344	42689	3	3
345	41497	0	2
346	40912	5	4
347	40066	1	4
348	38745	3	4
349	38719	4	0
350	37400	0	2
351	36887	6	1
352	35808	2	3
353	35054	1	3
354	33916	3	3
355	33491	4	5
356	33267	3	2
357	32007	7	1
358	31287	1	1
359	30721	2	0
360	29853	3	0
361	29274	1	3
362	28484	0	2
363	27918	4	2
364	27076	2	0
365	26483	1	1
366	25414	0	1
367	25312	3	1
368	24865	1	3
369	24025	2	2
370	23502	1	3
371	22839	0	3
372	22090	3	1
373	22019	2	1
374	21270	2	1
375	20584	0	0
376	20332	1	0
377	19970	1	1
378	19534	1	0
379	18952	4	2
380	18637	3	1
381	18213	1	1
382	18034	0	0
383	17213	1	4
384	16602	1	1
385	16352	5	1
386	15825	3	2
387	15527	0	3
388	15115	1	2
389	14889	2	2
390	14236	2	1
391	13984	0	0
392	13690	2	1
393	13118	1	0
394	12954	3	0
395	12602	0	0
396	12476	2	2
397	12227	2	0
398	11936	2	0
399	11523	1	1
400	11451	1	1
401	10948	0	0
402	10728	2	1
403	10440	6	2
404	10292	1	0
405	9959	5	0
406	9830	2	1
407	9511	2	0
408	9314	1	0
409	9128	3	1
410	8678	3	0
411	8425	0	1
412	8270	0	1
413	8115	0	0
414	7846	1	0
415	7708	1	0
416	7907	1	0
417	7402	0	0
418	7227	2	0
419	7006	1	1
420	6917	3	0
421	6758	2	0
422	6601	2	1
423	6314	4	0
424	6352	2	1
425	6038	2	0
426	5876	3	1
427	5795	1	0
428	5622	0	0
429	5492	0	0
430	5445	2	1
431	5249	2	1
432	4994	1	0
433	4921	0	1
434	4877	0	0
435	4827	0	2
436	4678	5	0
437	4595	8	0
438	4379	1	1
439	4420	0	0
440	4312	1	0
441	4144	1	2
442	4038	0	0
443	4084	1	0
444	3868	0	0
445	3850	2	0
446	3650	1	1
447	3534	5	0
448	3574	2	0
449	3510	0	0
450	3363	1	1
451	3185	2	0
452	3194	2	0
453	3225	2	0
454	3040	0	2
455	2992	1	0
456	2931	2	2
457	2959	0	1
458	2926	0	0
459	2672	0	0
460	2742	0	2
461	2667	2	0
462	2505	0	0
463	2574	1	0
464	2370	2	0
465	2520	0	1
466	2474	2	0
467	2260	1	0
468	2357	0	0
469	2218	0	1
470	2268	1	2
471	2084	1	0
472	2002	1	0
473	2050	2	0
474	2065	1	0
475	1934	1	0
476	1995	0	0
477	1942	0	1
478	1887	1	0
479	1853	1	0
480	1869	1	1
481	1775	1	0
482	1726	2	0
483	1677	2	1
484	1619	0	1
485	1589	1	0
486	1632	3	0
487	1563	1	1
488	1584	1	0
489	1489	0	0
490	1558	2	0
491	1465	2	0
492	1379	0	0
493	1390	1	0
494	1422	0	1
495	1383	1	1
496	1327	1	0
497	1327	0	1
498	1323	2	0
499	1274	1	0
500	1325	1	0
501	1235	0	0
502	1289	0	1
503	1276	1	0
504	1190	1	1
505	1175	0	0
506	1170	1	0
507	1176	0	0
508	1150	2	0
509	1118	1	0
510	1126	2	1
511	1077	1	0
512	1117	0	0
513	1090	0	0
514	1144	0	0
515	1028	1	1
516	976	0	0
517	1002	1	0
518	987	3	0
519	951	0	0
520	927	2	0
521	951	0	0
522	933	0	0
523	869	0	0
524	864	0	0
525	858	2	1
526	844	2	0
527	816	1	0
528	811	3	0
529	824	1	0
530	777	0	0
531	759	2	0
532	794	0	0
533	731	0	1
534	773	0	0
535	762	0	1
536	766	1	0
537	764	0	1
538	726	2	0
539	760	1	1
540	700	1	0
541	793	0	1
542	773	1	1
543	737	0	0
544	725	2	0
545	736	1	0
546	677	0	0
547	683	2	0
548	699	1	0
549	650	1	1
550	702	0	0
551	701	0	1
552	652	1	0
553	649	1	0
554	682	0	0
555	661	0	0
556	663	1	0
557	653	0	0
558	652	1	0
559	708	1	0
560	679	1	0
561	682	0	0
562	631	0	0
563	687	1	0
564	662	0	1
565	695	0	0
566	654	1	1
567	638	0	1
568	613	1	0
569	615	0	0
570	635	0	1
571	628	1	0
572	664	0	0
573	622	3	0
574	642	0	0
575	644	1	0
576	636	0	0
577	640	0	0
578	634	0	0
579	630	0	0
580	607	1	1
581	626	0	0
582	614	2	1
583	613	3	0
584	619	0	0
585	602	1	0
586	639	2	0
587	601	0	0
588	607	1	0
589	634	1	1
590	606	0	0
591	616	0	0
592	619	1	0
593	603	1	0
594	582	1	0
595	607	0	0
596	604	0	0
597	593	2	0
598	559	1	0
599	628	1	0
600	629	2	0
601	634	1	0
602	582	0	0
603	640	0	0
604	545	1	0
605	607	0	0
606	645	1	0
607	666	0	1
608	670	1	0
609	655	1	0
610	587	0	0
611	614	1	0
612	607	0	0
613	622	0	0
614	641	2	0
615	613	1	0
616	576	2	0
617	633	0	1
618	628	1	0
619	633	1	1
620	636	1	1
621	643	0	0
622	618	1	0
623	590	0	0
624	612	0	0
625	627	0	0
626	632	1	0
627	581	0	0
628	608	4	0
629	586	1	0
630	618	0	0
631	661	0	1
632	646	2	0
633	650	1	0
634	616	1	0
635	601	1	2
636	569	1	0
637	551	1	1
638	562	1	1
639	567	0	1
640	573	1	0
641	585	0	0
642	554	1	0
643	560	1	0
644	541	0	0
645	548	1	0
646	545	1	0
647	536	0	0
648	549	1	0
649	556	0	0
650	537	1	0
651	559	1	1
652	544	0	0
653	551	1	1
654	541	2	0
655	528	2	1
656	521	0	0
657	552	0	0
658	511	0	0
659	515	3	0
660	540	0	0
661	518	0	0
662	537	0	0
663	502	2	0
664	519	2	0
665	538	0	0
666	560	1	0
667	556	2	0
668	512	1	0
669	501	0	0
670	533	0	0
671	495	1	0
672	508	2	1
673	502	1	2
674	505	0	0
675	523	0	0
676	497	1	0
677	484	0	1
678	488	1	0
679	498	0	0
680	471	0	0
681	457	0	0
682	519	1	0
683	504	0	0
684	471	0	0
685	505	3	0
686	439	0	0
687	424	0	0
688	475	1	1
689	467	1	0
690	519	0	0
691	466	0	0
692	463	1	0
693	449	0	0
694	438	0	0
695	447	0	0
696	432	0	0
697	406	0	0
698	448	1	0
699	423	0	0
700	415	0	0
701	416	0	1
702	384	0	0
703	418	0	0
704	402	0	0
705	384	1	0
706	395	0	0
707	422	0	0
708	413	0	0
709	426	1	1
710	403	0	0
711	384	0	0
712	402	0	0
713	380	0	0
714	405	0	0
715	387	0	1
716	386	0	0
717	383	1	0
718	399	1	0
719	388	3	0
720	421	2	0
721	406	0	0
722	373	1	0
723	426	2	0
724	392	0	0
725	400	0	0
726	372	0	0
727	409	0	1
728	417	0	0
729	390	2	0
730	371	1	0
731	384	0	0
732	368	3	0
733	363	0	0
734	362	0	0
735	365	1	0
736	371	0	1
737	364	1	0
738	349	0	0
739	391	0	0
740	362	0	0
741	380	0	0
742	388	0	0
743	385	3	0
744	375	1	0
745	373	0	0
746	379	0	0
747	364	0	0
748	352	2	0
749	361	2	0
750	334	0	0
751	352	0	0
752	358	0	0
753	361	0	0
754	376	0	0
755	352	0	0
756	345	0	0
757	321	1	0
758	324	0	0
759	327	0	0
760	336	0	0
761	293	0	1
762	310	0	0
763	293	3	0
764	319	1	0
765	300	0	0
766	265	0	0
767	289	1	0
768	268	0	0
769	245	0	0
770	274	1	0
771	258	1	0
772	267	1	0
773	271	0	0
774	275	0	0
775	281	0	0
776	250	0	0
777	302	0	0
778	286	1	0
779	266	1	0
780	294	0	0
781	268	0	0
782	246	0	0
783	251	1	1
784	269	0	0
785	248	1	0
786	244	0	0
787	240	0	0
788	241	2	0
789	210	1	0
790	238	0	0
791	224	0	1
792	216	1	0
793	214	0	0
794	219	1	0
795	204	1	0
796	220	1	0
797	242	0	0
798	215	0	0
799	199	1	0
800	193	0	0
801	223	1	0
802	193	1	0
803	182	1	0
804	190	0	0
805	177	1	0
806	176	1	0
807	171	1	0
808	164	0	0
809	178	1	0
810	167	2	0
811	140	3	0
812	179	0	0
813	159	2	1
814	157	3	0
815	145	1	0
816	167	1	0
817	180	0	0
818	152	1	0
819	149	0	0
820	164	3	0
821	159	1	0
822	181	0	0
823	160	0	0
824	144	0	0
825	113	1	0
826	111	1	0
827	117	0	0
828	121	0	0
829	131	0	0
830	136	1	0
831	143	0	0
832	146	0	0
833	133	0	0
834	126	0	0
835	138	0	0
836	128	0	0
837	122	1	0
838	140	0	0
839	119	0	0
840	125	0	0
841	133	1	0
842	106	1	0
843	118	0	0
844	110	0	1
845	114	0	0
846	114	0	0
847	121	0	0
848	114	0	0
849	110	0	0
850	107	1	0
851	104	0	0
852	126	0	0
853	93	0	0
854	107	0	0
855	97	0	0
856	102	0	0
857	97	0	0
858	92	1	0
859	105	1	0
860	110	0	0
861	102	1	0
862	92	0	0
863	92	1	0
864	87	1	0
865	101	0	0
866	92	1	0
867	95	0	0
868	109	0	0
869	65	0	0
870	90	0	0
871	74	0	0
872	96	0	0
873	80	0	0
874	89	0	0
875	82	0	0
876	96	0	1
877	82	0	0
878	87	0	0
879	100	0	0
880	84	0	0
881	74	0	0
882	83	0	0
883	70	0	0
884	70	0	0
885	75	0	0
886	65	0	0
887	62	0	0
888	60	0	0
889	64	0	0
890	62	0	0
891	57	0	0
892	70	0	0
893	60	0	0
894	61	0	0
895	62	0	0
896	82	0	0
897	61	0	0
898	59	0	0
899	73	1	0
900	78	0	0
901	78	0	0
902	76	0	0
903	60	1	0
904	64	0	0
905	57	2	1
906	64	0	0
907	59	0	0
908	58	0	0
909	46	1	0
910	53	1	0
911	39	0	0
912	57	0	1
913	43	0	0
914	53	1	0
915	59	0	0
916	40	0	0
917	54	0	0
918	55	0	0
919	47	0	0
920	52	0	0
921	42	1	0
922	57	0	0
923	60	0	0
924	41	1	0
925	46	1	0
926	51	0	0
927	48	1	0
928	44	0	0
929	54	0	0
930	50	2	0
931	42	0	0
932	52	0	0
933	51	0	0
934	47	0	0
935	41	0	0
936	33	0	0
937	50	0	0
938	50	0	0
939	51	0	0
940	43	2	0
941	35	0	0
942	42	0	0
943	35	1	0
944	41	1	0
945	44	0	0
946	30	0	0
947	33	1	0
948	33	0	0
949	37	0	0
950	47	0	0
951	42	0	0
952	40	0	0
953	39	0	0
954	33	0	0
955	33	0	0
956	42	0	0
957	31	0	0
958	40	0	0
959	28	0	0
960	21	0	0
961	35	0	0
962	45	0	0
963	39	0	0
964	29	1	0
965	34	0	0
966	27	0	0
967	27	0	0
968	28	0	0
969	32	0	0
970	34	0	0
971	21	0	0
972	17	0	0
973	26	0	0
974	24	3	0
975	31	0	0
976	23	0	0
977	20	0	0
978	21	0	0
979	24	1	0
980	23	1	0
981	28	0	0
982	19	0	0
983	21	0	0
984	27	0	0
985	20	0	0
986	20	0	0
987	15	0	0
988	19	0	0
989	24	0	0
990	15	2	0
991	18	0	0
992	21	0	0
993	18	1	0
994	15	0	0
995	13	0	0
996	16	0	0
997	19	0	0
998	27	0	0
999	23	0	0
1000	22	1	0
1001	16	0	0
1002	25	1	0
1003	25	1	0
1004	18	0	0
1005	18	0	0
1006	16	0	0
1007	26	0	0
1008	19	0	0
1009	24	0	0
1010	16	0	0
1011	13	0	0
1012	19	0	0
1013	13	0	0
1014	16	0	0
1015	17	0	0
1016	15	0	0
1017	20	0	0
1018	18	0	0
1019	15	0	0
1020	13	0	0
1021	15	0	0
1022	20	0	0
1023	15	0	0
1024	16	0	0
1025	21	1	0
1026	20	0	0
1027	23	0	0
1028	8	0	0
1029	15	0	0
1030	22	0	0
1031	10	0	0
1032	16	0	0
1033	13	1	0
1034	19	0	0
1035	11	0	0
1036	11	0	0
1037	19	0	0
1038	32	1	0
1039	12	0	0
1040	15	0	0
1041	13	0	0
1042	20	0	0
1043	14	0	0
1044	15	0	0
1045	16	0	0
1046	16	0	0
1047	18	1	0
1048	20	1	0
1049	15	0	0
1050	27	1	0
1051	19	0	0
1052	15	0	0
1053	11	0	0
1054	11	0	0
1055	17	0	0
1056	15	1	0
1057	18	0	0
1058	13	0	0
1059	17	0	0
1060	15	0	0
1061	8	0	0
1062	14	0	0
1063	11	1	0
1064	12	0	0
1065	12	2	0
1066	9	0	0
1067	14	0	0
1068	8	0	0
1069	14	0	0
1070	19	0	0
1071	10	0	0
1072	19	0	0
1073	8	0	0
1074	13	0	0
1075	21	0	0
1076	11	0	0
1077	19	0	0
1078	17	0	0
1079	14	0	0
1080	14	0	0
1081	12	0	0
1082	12	0	0
1083	8	0	0
1084	16	0	0
1085	13	0	0
1086	3	0	0
1087	14	1	0
1088	12	0	0
1089	9	0	0
1090	10	0	0
1091	8	1	0
1092	10	0	0
1093	8	0	0
1094	13	0	0
1095	9	1	0
1096	10	0	0
1097	8	0	0
1098	8	1	0
1099	10	0	0
1100	9	0	0
1101	10	0	0
1102	6	0	0
1103	6	0	1
1104	5	0	0
1105	7	0	0
1106	14	0	0
1107	4	0	0
1108	8	0	0
1109	9	0	0
1110	14	0	0
1111	6	1	0
1112	6	1	0
1113	7	0	0
1114	5	1	0
1115	3	0	0
1116	8	0	0
1117	11	0	0
1118	5	0	0
1119	12	1	0
1120	7	0	0
1121	8	0	0
1122	14	0	0
1123	9	0	0
1124	7	0	0
1125	3	0	0
1126	4	0	0
1127	8	1	0
1128	9	0	0
1129	11	0	0
1130	1	0	0
1131	10	0	0
1132	9	0	0
1133	6	0	0
1134	5	0	0
1135	4	0	0
1136	5	0	0
1137	7	0	0
1138	6	0	0
1139	6	0	0
1140	4	0	0
1141	5	1	0
1142	7	0	0
1143	5	1	0
1144	3	1	0
1145	5	0	0
1146	9	0	0
1147	7	0	0
1148	2	0	0
1149	2	0	0
1150	4	1	0
1151	3	0	0
1152	5	0	0
1153	7	0	0
1154	3	0	0
1155	7	0	0
1156	5	0	0
1157	10	0	0
1158	7	0	0
1159	4	0	0
1160	4	0	0
1162	6	0	0
1163	3	0	0
1164	7	0	0
1165	3	1	0
1166	3	0	0
1167	2	0	0
1168	4	0	0
1169	8	0	0
1170	5	0	0
1171	3	0	0
1172	3	0	0
1173	2	0	0
1174	5	1	0
1175	3	0	0
1176	2	0	0
1177	3	1	0
1178	4	0	0
1179	5	0	0
1180	1	0	0
1181	5	0	0
1182	4	0	0
1183	3	0	0
1184	5	1	0
1185	5	0	0
1186	8	0	0
1187	7	0	0
1188	3	0	0
1189	4	0	0
1190	4	0	0
1191	9	0	0
1192	5	0	0
1193	6	0	0
1194	3	0	0
1195	5	0	0
1196	3	1	0
1197	3	0	0
1198	5	0	0
1199	5	0	0
1200	3	0	0
1201	7	0	0
1202	1	0	0
1203	6	0	0
1204	6	0	0
1205	4	1	0
1206	5	0	0
1207	3	0	0
1208	4	0	0
1209	2	0	0
1210	6	0	0
1211	4	0	0
1212	1	0	0
1213	2	0	0
1214	6	0	0
1215	4	0	0
1216	5	0	0
1217	4	0	0
1218	7	0	0
1219	6	0	0
1220	7	0	0
1221	6	0	0
1222	5	0	0
1223	5	0	0
1224	8	0	0
1225	5	1	0
1226	1	0	0
1227	3	0	0
1228	2	0	0
1229	3	0	0
1230	5	0	0
1231	6	0	0
1232	5	0	0
1233	3	0	0
1234	2	0	0
1235	2	0	0
1236	2	0	0
1237	1	0	0
1238	2	0	0
1239	4	0	0
1240	2	2	0
1241	2	1	0
1242	2	0	0
1243	2	0	1
1244	3	1	0
1246	6	0	0
1247	2	0	0
1248	5	0	0
1250	6	0	0
1251	4	1	0
1252	5	0	0
1253	3	1	0
1254	0	1	0
1255	4	0	0
1256	3	0	0
1257	2	0	0
1258	7	0	0
1259	2	1	0
1260	3	0	0
1261	4	0	0
1262	3	0	0
1263	2	0	0
1264	4	0	0
1265	2	0	0
1266	2	0	0
1267	1	0	0
1268	6	0	0
1269	3	0	0
1270	7	0	0
1271	4	0	0
1272	7	0	1
1273	5	0	0
1274	3	0	1
1275	5	0	0
1276	7	0	0
1277	8	0	0
1278	8	0	0
1279	6	0	0
1280	9	0	0
1281	6	0	0
1282	3	0	0
1283	7	0	0
1284	5	0	0
1285	6	0	1
1286	2	0	0
1287	7	0	0
1288	7	0	0
1289	4	0	0
1290	5	0	0
1291	3	0	0
1292	4	0	0
1293	2	0	0
1294	5	1	0
1295	5	0	0
1296	8	0	0
1297	5	0	0
1298	3	0	0
1299	3	0	0
1300	1	0	0
1301	7	0	0
1302	9	0	0
1303	3	0	0
1304	6	0	0
1305	7	0	0
1306	5	1	0
1307	7	0	0
1308	6	1	0
1309	6	1	0
1310	5	0	0
1311	4	0	0
1312	2	0	0
1313	7	0	0
1314	7	0	0
1315	6	0	0
1316	4	0	0
1317	6	0	0
1318	2	0	0
1319	7	0	0
1320	3	0	0
1321	6	1	0
1322	7	0	0
1323	4	0	0
1324	2	0	0
1325	7	0	0
1326	1	0	0
1327	6	0	0
1328	4	0	0
1329	3	0	0
1330	2	0	0
1331	1	0	0
1332	2	0	0
1333	2	0	0
1334	3	0	0
1335	5	0	0
1336	2	0	0
1337	4	0	0
1338	4	0	0
1339	1	0	0
1340	5	0	0
1341	3	0	0
1342	4	0	0
1343	2	0	0
1344	3	0	0
1345	7	0	0
1346	5	0	0
1347	10	0	0
1348	11	0	0
1349	5	0	0
1350	6	0	0
1351	9	0	0
1352	5	0	0
1353	6	0	0
1354	8	0	0
1355	9	0	0
1356	6	0	0
1357	10	0	0
1358	10	0	0
1359	6	0	0
1360	7	0	0
1361	11	1	0
1362	8	0	0
1363	5	0	0
1364	10	1	0
1365	9	0	0
1366	11	1	0
1367	9	0	0
1368	10	0	0
1369	9	0	0
1370	10	0	0
1371	9	0	0
1372	14	0	0
1373	9	1	0
1374	16	0	0
1375	12	0	0
1376	11	1	0
1377	13	0	0
1378	14	0	0
1379	14	0	0
1380	16	0	0
1381	12	0	0
1382	14	0	0
1383	14	0	0
1384	14	0	0
1385	11	0	0
1386	11	0	0
1387	14	0	0
1388	12	0	0
1389	9	0	0
1390	14	1	0
1391	13	0	0
1392	8	1	0
1393	13	0	0
1394	18	0	0
1395	15	0	0
1396	17	0	0
1397	19	0	0
1398	13	0	0
1399	13	0	0
1400	17	0	0
1401	19	0	0
1402	18	0	0
1403	18	0	0
1404	18	0	0
1405	22	0	0
1406	18	0	0
1407	16	0	0
1408	16	0	0
1409	16	0	0
1410	12	1	0
1411	11	0	0
1412	8	0	0
1413	15	0	0
1414	11	0	0
1415	12	0	0
1416	20	0	0
1417	12	0	0
1418	18	0	0
1419	19	0	0
1420	16	0	0
1421	19	0	0
1422	19	0	0
1423	22	0	0
1424	22	0	0
1425	23	0	0
1426	18	0	0
1427	13	1	0
1428	24	0	0
1429	22	0	0
1430	21	0	0
1431	15	0	0
1432	20	0	0
1433	16	0	0
1434	23	0	0
1435	24	0	0
1436	22	1	0
1437	17	0	0
1438	21	0	0
1439	25	0	0
1440	30	0	0
1441	21	1	0
1442	24	1	0
1443	24	0	0
1444	22	0	0
1445	22	0	0
1446	20	0	0
1447	28	1	0
1448	24	0	0
1449	25	0	0
1450	26	0	0
1451	23	0	0
1452	25	0	0
1453	24	0	0
1454	23	0	0
1455	31	0	0
1456	31	0	0
1457	25	0	0
1458	25	0	0
1459	24	0	0
1460	26	0	0
1461	25	0	0
1462	22	0	0
1463	32	0	0
1464	24	0	0
1465	25	0	0
1466	27	0	0
1467	26	0	0
1468	26	0	0
1469	27	0	0
1470	24	0	0
1471	23	0	0
1472	16	0	0
1473	20	0	0
1474	15	0	0
1475	17	0	0
1476	19	0	0
1477	21	0	0
1478	21	0	0
1479	23	0	0
1480	14	0	0
1481	20	0	0
1482	17	0	0
1483	19	0	0
1484	15	0	0
1485	12	0	0
1486	14	0	0
1487	16	0	1
1488	17	0	0
1489	13	0	0
1490	13	0	0
1491	17	0	0
1492	9	0	0
1493	12	0	0
1494	19	0	0
1495	17	0	0
1496	18	0	0
1497	18	0	0
1498	12	0	0
1499	18	0	0
1500	10	0	0
1501	13	0	0
1502	6	0	0
1503	13	0	0
1504	8	0	0
1505	10	0	0
1506	9	0	0
1507	5	0	0
1508	10	0	0
1509	9	0	1
1510	10	0	0
1511	7	0	0
1512	12	0	0
1513	14	0	0
1514	12	0	0
1515	11	0	0
1516	14	0	0
1517	8	0	0
1518	12	0	0
1519	10	0	0
1520	9	0	0
1521	13	0	0
1522	10	0	0
1523	10	0	0
1524	11	0	0
1525	10	0	0
1526	7	0	0
1527	10	0	0
1528	11	0	0
1529	5	0	0
1530	10	0	0
1531	10	0	0
1532	12	0	0
1533	8	0	0
1534	8	0	0
1535	6	0	0
1536	8	0	0
1537	12	0	0
1538	7	0	0
1539	7	0	0
1540	12	0	0
1541	8	0	0
1542	8	0	0
1543	6	0	0
1544	7	0	0
1545	6	0	0
1546	9	0	0
1547	3	0	0
1548	9	0	0
1549	6	0	0
1550	2	0	0
1551	5	0	0
1552	10	0	0
1553	9	0	0
1554	7	0	0
1555	10	0	0
1556	6	0	0
1557	9	0	0
1558	4	0	0
1559	6	0	0
1560	4	0	0
1561	5	0	0
1562	5	0	0
1563	4	0	0
1564	2	0	0
1565	3	0	0
1566	2	0	0
1567	4	0	0
1568	5	0	0
1569	4	0	0
1570	9	0	0
1571	4	0	0
1572	6	0	0
1573	3	0	0
1574	7	0	0
1575	6	0	0
1576	4	0	0
1577	5	0	0
1578	5	0	0
1579	11	0	0
1580	13	0	0
1581	10	0	0
1582	7	0	0
1583	5	0	0
1584	6	0	0
1585	8	0	0
1586	6	0	0
1587	7	0	0
1588	6	0	0
1589	8	0	0
1590	6	0	0
1591	11	0	0
1592	6	0	0
1593	5	0	0
1594	7	0	0
1595	6	0	0
1596	6	0	0
1597	4	0	0
1598	12	0	0
1599	5	0	0
1600	8	0	0
1601	10	0	0
1602	7	0	0
1603	6	0	0
1604	4	0	0
1605	8	0	0
1606	4	0	0
1607	5	0	0
1608	5	0	0
1609	5	0	0
1610	6	0	0
1611	13	0	0
1612	5	0	0
1613	7	0	0
1614	7	0	0
1615	8	0	0
1616	9	0	0
1617	5	0	0
1618	4	0	0
1619	6	0	0
1620	5	0	0
1621	4	0	0
1622	6	0	0
1623	5	0	0
1624	3	0	0
1625	5	0	0
1626	8	0	0
1627	6	0	0
1628	4	0	0
1629	7	0	0
1630	4	0	0
1631	4	0	0
1632	7	0	0
1633	10	0	0
1634	5	0	0
1635	6	0	0
1636	7	0	0
1637	6	0	0
1638	9	0	0
1639	5	0	0
1640	8	0	0
1641	8	0	0
1642	7	0	0
1643	5	0	0
1644	5	0	0
1645	5	0	0
1646	6	0	0
1647	2	0	0
1648	4	0	0
1649	4	0	0
1650	5	0	0
1651	3	0	0
1652	3	0	0
1653	6	0	0
1654	5	0	0
1655	7	0	0
1656	5	0	0
1657	9	0	0
1658	9	0	0
1659	6	0	0
1660	7	0	0
1661	6	0	0
1662	8	0	0
1663	3	0	0
1664	2	0	0
1665	4	0	0
1667	4	0	0
1668	1	0	0
1670	1	0	0
1671	4	0	0
1672	4	0	0
1673	2	0	0
1674	1	0	0
1675	4	0	0
1676	4	0	0
1677	4	0	0
1678	2	0	0
1679	2	0	0
1680	2	0	0
1681	1	0	0
1682	7	0	0
1683	2	0	0
1684	2	0	0
1685	1	0	0
1686	4	0	0
1687	2	0	0
1688	1	0	0
1689	4	0	0
1690	2	0	0
1691	7	0	0
1692	7	0	0
1693	6	0	0
1694	7	0	0
1695	3	0	0
1696	8	0	0
1697	11	0	0
1698	4	0	0
1699	7	0	0
1700	3	0	0
1701	2	0	0
1702	2	0	0
1703	4	0	0
1704	2	0	0
1706	2	0	0
1707	4	0	0
1708	3	1	0
1709	4	0	0
1710	2	0	0
1711	4	0	0
1712	6	0	0
1713	1	0	0
1714	3	0	0
1715	4	0	0
1716	3	0	0
1717	2	0	0
1718	1	0	0
1719	2	0	0
1720	1	1	0
1721	3	0	0
1722	2	0	0
1723	1	0	0
1724	1	0	0
1725	3	0	0
1726	1	0	0
1727	3	0	0
1728	4	0	0
1729	4	0	0
1730	5	0	0
1731	5	0	0
1732	4	0	0
1733	2	0	0
1734	2	0	0
1735	3	0	0
1736	3	0	0
1737	2	0	0
1738	7	0	0
1739	4	0	0
1740	3	0	0
1741	4	0	0
1742	2	1	0
1743	7	0	0
1744	4	0	0
1745	1	0	0
1746	5	0	0
1747	3	0	0
1748	3	0	0
1749	1	0	0
1750	2	0	0
1751	5	0	0
1752	3	0	0
1753	5	0	0
1754	5	0	0
1755	7	0	0
1756	5	0	0
1757	4	0	0
1758	8	0	0
1759	4	0	0
1760	6	0	0
1761	4	0	0
1762	6	0	0
1763	6	0	0
1764	8	0	0
1765	3	0	0
1766	7	0	1
1767	8	0	0
1768	6	0	0
1769	9	0	0
1770	7	0	0
1771	5	0	0
1772	9	0	0
1773	12	0	0
1774	3	0	0
1775	4	1	0
1776	3	0	0
1777	5	0	0
1778	5	0	0
1779	13	0	0
1780	13	0	0
1781	7	0	0
1782	10	0	0
1783	10	0	0
1784	16	0	0
1785	7	0	0
1786	10	0	0
1787	14	0	0
1788	8	0	0
1789	8	0	0
1790	4	0	0
1791	6	0	0
1792	6	0	0
1793	17	0	0
1794	6	0	0
1795	7	0	0
1796	5	0	0
1797	5	0	0
1798	7	0	0
1799	11	0	0
1800	8	0	0
1801	5	0	0
1802	6	0	0
1803	6	0	0
1804	6	0	0
1805	3	0	0
1806	6	0	0
1807	9	0	0
1808	8	0	0
1809	10	0	0
1810	7	0	0
1811	6	0	0
1812	4	0	0
1813	8	0	0
1814	8	0	0
1815	2	0	0
1816	4	0	0
1817	6	0	0
1818	8	0	0
1819	6	0	0
1820	5	0	0
1821	2	0	0
1822	6	0	0
1823	9	0	0
1824	6	0	0
1825	16	0	1
1826	6	0	0
1827	4	0	0
1828	4	0	0
1829	3	0	0
1830	4	0	0
1831	3	0	0
1832	13	0	0
1833	8	0	0
1834	19	1	0
1835	13	0	0
1836	14	0	0
1837	21	0	0
1838	5	0	0
1839	7	0	0
1840	1	0	0
1841	3	0	0
1842	5	0	0
1843	2	0	0
1844	6	0	0
1845	6	0	0
1846	5	0	0
1847	8	0	0
1848	6	0	0
1849	2	0	0
1850	3	0	0
1851	6	0	0
1852	4	0	0
1853	6	0	0
1854	25	0	0
1855	24	0	0
1856	26	0	0
1857	15	0	0
1858	19	0	0
1859	13	0	0
1860	6	0	0
1861	4	0	0
1862	5	0	0
1865	2	0	0
1866	4	0	0
1867	2	0	0
1868	2	0	0
1869	6	0	0
1870	2	0	0
1871	5	1	1
1872	2	0	0
1873	3	0	0
1874	3	0	0
1875	2	0	0
1876	2	0	0
1877	2	0	0
1878	1	0	0
1879	1	1	0
1880	3	0	0
1881	1	0	1
1882	3	0	0
1883	2	0	0
1884	2	0	0
1885	4	0	0
1886	2	0	0
1887	3	0	0
1888	4	0	1
1889	4	0	0
1890	2	0	0
1891	2	0	0
1892	5	0	0
1894	5	0	0
1895	4	0	0
1896	3	0	0
1897	2	0	0
1898	1	0	0
1899	1	0	0
1900	3	0	0
1901	3	0	0
1903	4	0	0
1904	4	0	0
1905	1	0	0
1906	1	0	0
1907	4	0	0
1908	1	0	0
1909	3	0	0
1910	2	0	0
1911	1	0	0
1912	2	0	0
1913	1	0	0
1915	1	0	0
1916	2	1	0
1917	3	0	0
1918	3	0	0
1919	2	1	0
1920	1	0	0
1921	2	1	0
1922	2	0	0
1923	2	0	0
1924	2	0	0
1925	3	0	0
1926	1	0	0
1927	1	0	0
1928	1	0	0
1929	2	0	0
1930	2	0	0
1931	1	0	0
1932	1	0	0
1933	2	0	0
1935	5	0	0
1936	2	0	0
1937	2	0	0
1938	3	0	0
1941	2	0	0
1946	1	0	0
1947	1	0	0
1948	2	0	0
1949	8	0	0
1950	4	0	0
1951	2	0	0
1952	48	0	0
1953	2	0	0
1954	1	0	0
1955	1	0	0
1958	1	0	0
1960	1	0	1
1961	1	0	1
1962	2	0	0
1965	1	0	0
1966	4	0	0
1968	1	0	0
1969	2	0	0
1971	1	0	0
1974	2	0	0
1977	3	0	0
1981	2	0	0
1985	1	0	0
1988	1	0	0
1989	1	0	0
1992	1	0	0
1996	2	0	0
1997	1	0	0
2001	1	0	0
2002	1	0	0
2003	1	0	0
2006	1	0	0
2011	1	0	0
2012	3	0	0
2013	1	0	0
2017	1	0	0
2021	1	0	0
2023	1	0	0
2027	1	0	0
2028	1	0	0
2032	1	0	0
2033	1	0	0
2034	1	0	0
2037	1	0	1
2039	1	0	0
2041	1	0	0
2050	1	0	0
2053	1	0	0
2056	0	0	1
2058	1	1	0
2079	2	0	0
2086	1	0	0
2093	1	0	0
2094	1	0	0
2100	1	0	0
2102	0	1	0
2108	1	0	0
2115	1	0	1
2120	0	1	0
2134	1	0	0
2135	1	0	0
2143	1	0	0
2149	1	0	0
2150	1	0	0
2158	1	0	0
2163	1	0	0
2165	1	0	0
2166	1	0	0
2175	2	0	0
2178	1	0	0
2197	1	0	0
2198	1	0	0
2204	1	0	0
2206	1	0	0
2207	1	0	0
2218	1	0	0
2222	1	0	0
2248	1	0	0
2259	2	0	0
2266	1	0	0
2279	1	0	0
2294	1	0	0
2297	1	0	0
2303	1	0	0
2330	2	0	0
2333	1	0	0
2334	1	0	0
2336	3	0	0
2337	1	0	0
2340	4	0	0
2341	1	0	0
2345	5	0	0
2346	3	0	0
2347	1	0	0
2348	2	0	0
2350	1	0	0
2351	3	0	0
2352	3	0	0
2353	6	0	0
2354	3	0	0
2355	3	0	0
2356	1	0	0
2359	3	0	0
2360	1	0	0
2361	5	0	0
2362	2	0	0
2363	2	0	0
2364	1	0	0
2365	2	0	0
2366	4	0	0
2368	2	0	0
2369	4	0	0
2370	2	0	0
2371	1	0	0
2372	3	0	0
2373	2	0	0
2374	4	0	0
2375	2	0	0
2376	3	0	0
2377	4	0	0
2379	4	0	0
2380	3	0	0
2381	4	0	0
2383	1	0	0
2384	1	0	0
2385	2	0	0
2386	2	0	0
2388	4	0	0
2389	2	0	0
2390	2	0	0
2391	2	0	0
2392	5	0	0
2393	2	0	0
2394	2	0	0
2395	4	0	0
2396	4	0	0
2397	4	0	0
2398	3	0	0
2399	2	0	0
2400	4	0	0
2401	4	0	0
2402	2	0	0
2403	2	0	0
2404	2	0	0
2405	7	0	0
2406	3	0	0
2407	4	0	0
2408	2	0	0
2409	4	0	0
2410	3	0	0
2411	3	0	0
2412	4	0	0
2413	3	0	0
2414	4	0	0
2415	8	0	0
2416	1	0	0
2417	8	0	0
2418	7	0	0
2419	5	0	0
2420	2	0	0
2421	3	0	0
2422	3	0	0
2423	3	0	0
2424	2	0	0
2425	3	0	0
2426	4	0	0
2427	3	0	0
2428	7	0	0
2429	2	0	0
2430	4	0	0
2431	2	0	0
2432	2	0	0
2433	2	0	0
2434	2	0	0
2435	1	0	0
2436	1	0	0
2437	1	0	0
2438	1	0	0
2439	2	0	0
2440	3	0	0
2441	4	0	0
2442	3	0	0
2443	2	0	0
2444	2	0	0
2445	3	0	0
2446	3	0	0
2447	3	0	0
2448	3	0	0
2450	1	0	0
2451	1	0	0
2452	3	0	0
2453	1	0	0
2454	2	0	0
2455	1	0	0
2457	1	0	0
2458	2	0	0
2459	2	0	0
2460	6	0	0
2461	8	0	0
2462	4	0	0
2463	2	0	0
2464	4	0	0
2465	2	0	0
2466	4	0	0
2467	2	0	0
2468	3	0	0
2469	5	0	0
2470	4	0	0
2471	5	0	0
2472	6	0	0
2473	2	0	0
2474	3	0	0
2475	5	0	0
2476	2	0	0
2477	4	0	1
2478	5	0	0
2479	1	0	0
2480	5	0	0
2481	1	0	0
2482	1	0	0
2483	2	0	0
2484	3	0	0
2485	1	0	0
2486	4	0	0
2487	2	0	0
2488	3	0	0
2489	2	0	0
2491	3	0	0
2492	3	0	0
2493	1	0	0
2495	2	0	0
2496	2	0	0
2497	2	0	0
2498	4	0	0
2499	4	0	0
2500	4	0	0
2502	4	0	0
2503	2	0	0
2504	2	0	0
2505	3	0	0
2506	3	0	0
2507	1	0	0
2508	1	0	0
2509	2	0	0
2510	4	0	0
2512	1	0	0
2514	1	0	0
2515	4	0	0
2516	2	0	0
2519	1	0	0
2520	3	0	0
2521	3	0	0
2522	1	0	0
2523	2	0	0
2524	1	0	0
2526	2	0	0
2527	3	0	0
2528	1	0	0
2529	1	0	0
2530	1	0	0
2531	3	0	0
2532	1	0	0
2533	2	0	0
2534	1	0	0
2538	3	0	0
2540	1	0	0
2541	2	0	0
2542	3	0	0
2543	2	0	0
2544	1	0	0
2545	2	0	0
2546	1	0	0
2548	1	0	0
2549	3	0	0
2551	1	0	0
2552	2	0	0
2554	1	0	0
2555	1	0	0
2556	1	0	0
2557	1	0	0
2558	1	0	0
2561	1	0	0
2562	2	0	0
2563	1	0	0
2565	2	0	0
2566	1	0	0
2568	1	0	0
2569	2	0	0
2570	1	0	0
2572	1	0	0
2575	3	0	0
2576	1	0	0
2577	1	0	0
2579	1	0	0
2581	1	0	0
2583	1	0	0
2585	1	0	0
2586	1	0	0
2588	1	0	0
2590	1	0	0
2592	1	0	0
2594	1	0	0
2595	1	0	0
2597	2	0	0
2598	2	0	0
2602	1	0	0
2605	1	0	0
2606	1	0	0
2608	1	0	0
2609	1	0	0
2611	1	0	0
2615	1	0	0
2623	1	0	0
2627	1	0	0
2631	1	0	0
2632	1	0	0
2644	1	0	0
2645	1	0	0
2647	1	0	0
2650	1	0	0
2651	1	0	0
2654	1	0	0
2660	1	0	0
2661	1	0	0
2662	1	0	0
2663	3	0	0
2665	1	0	0
2666	1	0	0
2667	3	0	0
2668	1	0	0
2670	2	0	0
2672	2	0	0
2673	3	0	0
2675	2	0	0
2676	1	0	0
2677	2	0	0
2679	1	0	0
2680	1	0	0
2681	3	0	0
2682	2	0	1
2686	1	0	0
2687	3	0	0
2688	1	0	0
2689	3	0	0
2690	1	0	0
2691	2	0	0
2692	3	0	0
2693	2	0	0
2694	3	0	0
2695	1	0	0
2696	5	0	0
2697	4	0	0
2698	4	0	0
2699	3	0	0
2700	3	0	0
2701	3	0	0
2702	4	0	0
2703	2	0	0
2704	4	0	0
2705	2	0	0
2706	3	0	0
2707	1	0	0
2708	2	0	0
2709	3	0	0
2710	1	0	0
2711	5	0	0
2712	6	0	0
2713	7	0	0
2714	10	0	0
2715	13	0	0
2716	1	0	0
2717	7	0	0
2718	3	0	0
2719	5	0	0
2720	3	0	0
2721	2	0	0
2722	3	0	0
2723	8	1	0
2724	4	0	0
2725	4	0	0
2726	4	0	0
2727	5	0	0
2728	4	0	0
2729	3	0	0
2730	6	0	0
2731	3	0	0
2732	3	0	0
2733	1	0	0
2734	3	0	0
2736	4	0	0
2737	4	0	0
2738	4	0	0
2739	5	0	0
2740	4	0	0
2741	6	0	0
2742	6	0	0
2743	5	0	0
2744	5	0	0
2745	4	0	0
2746	4	0	0
2747	10	0	0
2748	12	0	0
2749	3	0	0
2750	5	0	0
2751	3	0	0
2752	3	0	0
2753	4	0	0
2754	6	0	0
2755	1	0	0
2756	3	0	0
2757	4	0	0
2759	1	0	0
2760	2	0	0
2761	1	0	0
2762	4	0	0
2763	2	0	0
2764	5	0	0
2765	5	0	0
2766	2	0	0
2767	8	0	0
2768	4	0	0
2769	16	0	0
2770	4	0	0
2771	10	0	0
2772	3	0	0
2773	1	0	0
2774	2	0	0
2775	1	0	0
2776	2	0	0
2777	2	0	0
2780	1	0	0
2781	2	0	0
2782	2	0	0
2783	2	0	0
2784	1	0	0
2785	1	0	0
2786	2	0	0
2787	2	0	0
2789	2	0	0
2792	2	0	0
2795	1	0	0
2796	0	0	1
2797	1	0	0
2798	3	0	0
2799	2	0	0
2800	1	0	0
2801	3	0	0
2802	4	0	0
2806	1	0	0
2808	3	0	0
2809	2	0	0
2810	3	0	0
2813	1	0	0
2814	1	0	0
2817	1	0	0
2825	1	0	0
2826	2	0	0
2829	1	0	0
2833	2	0	0
2834	1	0	0
2835	1	0	0
2836	1	0	0
2845	1	0	0
2867	0	0	1
2869	2	0	0
2874	1	0	0
2896	1	0	0
2900	1	0	0
2901	1	0	0
2906	1	0	0
2908	2	0	1
2910	1	0	0
2915	1	0	0
2924	1	0	0
2927	1	0	0
2936	1	0	0
2953	1	0	0
2955	1	0	0
2966	1	0	0
2967	0	2	0
2968	1	0	0
2970	1	0	0
2972	1	0	0
2977	1	0	0
2982	1	0	0
2996	1	0	0
3011	1	0	0
3015	1	0	0
3016	0	0	1
3018	1	0	0
3022	1	0	0
3030	1	0	0
3034	1	0	0
3048	1	0	0
3049	1	0	0
3050	0	0	1
3051	1	0	0
3056	1	0	0
3059	1	0	0
3063	1	0	0
3077	1	0	0
3128	0	1	0
3156	0	1	0
3184	1	0	0
3190	0	1	0
3197	1	1	0
3198	0	1	0
3201	0	0	1
3212	0	1	0
3237	0	1	0
3246	0	2	0
3250	0	1	0
3267	0	1	0
3309	1	0	0
3313	0	1	0
3316	0	1	0
3321	0	1	0
3325	0	1	0
3327	0	1	0
3331	0	1	0
3338	0	1	0
3350	0	1	0
3358	0	1	0
3364	0	1	0
3371	0	1	0
3400	0	0	1
3462	1	0	0
3469	0	1	0
3489	1	0	0
3546	1	0	0
3558	1	0	0
3598	1	0	0
3599	0	1	0
3613	1	0	0
3614	0	1	0
3619	1	0	0
3634	0	1	0
3638	0	1	0
3641	0	1	0
3647	0	1	0
3651	0	0	1
3658	0	1	0
3668	1	0	0
3675	0	1	0
3682	0	1	0
3694	0	1	0
3727	0	0	1
3730	0	1	0
3735	0	0	1
3747	1	0	0
3752	0	0	1
3753	0	1	0
3756	0	0	1
3774	0	0	1
3790	1	0	0
3797	1	0	0
3804	0	0	1
3813	0	0	1
3831	1	0	0
3847	1	0	0
3854	1	0	0
3901	1	0	0
3924	1	0	0
3940	1	0	0
3986	1	0	0
3994	1	0	0
3997	1	0	0
4008	0	0	1
4013	1	0	0
4027	0	0	1
4034	1	0	0
4042	1	0	0
4044	1	0	0
4046	1	0	0
4051	1	0	0
4052	2	0	0
4056	1	0	0
4058	1	0	0
4068	1	0	0
4069	1	0	0
4070	1	0	0
4071	1	0	0
4075	1	0	0
4077	2	0	0
4078	0	0	2
4079	1	0	0
4083	1	0	0
4084	2	0	0
4085	1	0	0
4087	1	0	0
4088	2	0	0
4089	1	0	0
4090	2	0	0
4091	2	0	0
4092	1	0	0
4093	4	0	0
4094	1	0	0
4096	1	0	0
4097	2	0	0
4098	3	0	0
4099	1	0	0
4100	2	0	0
4101	1	1	0
4102	2	0	0
4104	1	0	0
4107	3	0	0
4108	1	0	0
4109	2	0	0
4110	3	0	0
4111	1	0	0
4112	3	0	0
4114	2	0	0
4116	1	0	0
4117	2	0	0
4118	1	0	0
4119	3	0	0
4120	4	0	0
4121	2	0	0
4122	3	0	0
4123	2	0	0
4124	2	0	0
4125	2	0	0
4126	1	0	0
4127	3	0	0
4128	3	0	0
4129	4	0	0
4131	3	0	0
4132	2	0	0
4133	1	0	0
4134	4	0	0
4135	2	0	0
4136	1	0	0
4137	2	0	0
4138	2	0	0
4140	1	0	0
4141	2	0	0
4142	2	0	0
4143	1	0	0
4146	1	0	0
4147	2	0	0
4148	1	0	0
4149	3	0	0
4150	1	0	0
4151	1	1	0
4152	1	0	0
4154	1	0	0
4155	1	0	0
4156	3	0	0
4157	2	0	0
4158	1	0	0
4159	1	0	0
4161	1	0	0
4163	1	0	0
4164	2	0	0
4165	2	0	0
4169	1	0	0
4170	1	0	0
4173	1	0	0
4174	1	0	0
4175	1	0	0
4177	1	0	0
4179	1	0	0
4181	1	0	0
4183	1	0	0
4184	1	0	0
4186	1	0	0
4188	1	0	0
4195	1	0	0
4197	1	0	0
4198	1	0	0
4202	1	0	0
4203	2	0	0
4204	1	0	0
4208	1	0	0
4209	1	0	0
4210	1	0	0
4211	1	0	0
4213	1	0	0
4214	1	0	0
4215	2	0	0
4216	1	0	0
4217	1	0	0
4218	1	0	0
4220	1	0	0
4221	1	0	0
4227	2	0	0
4228	4	0	0
4229	1	0	0
4230	1	0	0
4232	1	0	0
4233	1	0	0
4234	3	0	0
4235	1	0	0
4236	2	0	0
4237	1	0	0
4238	4	0	0
4239	1	0	0
4240	2	0	0
4241	3	0	0
4242	2	0	0
4244	2	0	0
4245	1	0	0
4246	1	0	0
4247	3	0	0
4248	3	0	0
4249	2	0	0
4250	1	0	0
4251	1	0	0
4253	1	0	0
4254	1	0	0
4255	2	0	0
4256	1	0	0
4257	2	0	0
4259	1	0	0
4260	1	0	0
4261	1	0	0
4262	1	0	0
4263	1	0	0
4264	2	0	0
4266	2	0	0
4267	2	0	0
4268	3	0	0
4269	2	0	0
4271	2	0	0
4274	4	0	0
4275	1	0	0
4276	1	0	0
4277	1	0	0
4278	1	0	0
4279	2	0	0
4280	1	0	0
4281	3	0	0
4282	1	0	0
4283	1	0	0
4284	1	0	0
4285	2	0	0
4287	1	0	0
4289	4	0	0
4290	1	0	0
4291	2	0	0
4292	1	0	0
4293	4	0	0
4294	1	0	0
4295	1	0	0
4296	5	0	0
4297	2	0	0
4299	3	0	0
4300	3	0	0
4301	2	0	0
4304	1	0	0
4305	2	0	0
4308	1	0	0
4310	3	0	0
4311	3	0	0
4312	1	0	0
4314	3	0	0
4315	2	0	0
4316	2	0	0
4317	2	0	0
4318	2	0	0
4319	1	0	0
4320	1	0	0
4321	1	0	0
4322	1	0	0
4323	1	0	0
4324	2	0	0
4325	2	0	0
4326	1	0	0
4327	1	0	0
4328	1	0	0
4330	2	0	0
4332	1	0	0
4335	1	0	0
4336	2	0	0
4337	2	0	0
4340	1	0	0
4341	1	0	0
4342	2	0	0
4345	1	0	0
4346	1	0	0
4347	3	0	0
4350	1	0	0
4351	1	0	0
4352	1	0	0
4354	1	0	0
4355	2	0	0
4357	1	0	0
4359	1	0	0
4361	2	0	0
4362	1	0	0
4363	1	0	0
4365	1	0	0
4366	3	0	0
4367	2	0	0
4368	1	0	0
4370	1	0	0
4371	1	0	0
4373	1	0	0
4376	2	0	0
4377	2	0	0
4378	1	0	0
4380	1	0	0
4381	1	0	0
4383	1	0	0
4390	1	1	0
4392	1	0	0
4401	1	0	0
4405	1	0	0
4409	2	0	0
4411	1	0	0
4412	1	0	0
4417	0	0	1
4421	2	0	0
4425	1	0	0
4432	1	0	0
4434	2	0	0
4435	1	0	0
4437	1	0	0
4443	1	0	0
4446	1	0	0
4447	1	0	0
4449	1	0	0
4456	1	0	0
4463	1	0	0
4468	1	0	0
4472	1	0	1
4474	1	0	0
4476	1	0	0
4508	1	0	0
4517	1	0	0
4525	0	1	0
4536	1	0	0
4543	1	0	0
4544	1	0	0
4545	1	0	0
4560	1	0	0
4578	1	0	0
4583	1	0	0
4612	1	0	0
4621	0	1	0
4622	1	0	0
4630	0	1	0
4632	0	1	0
4648	0	1	0
4649	0	1	0
4658	0	1	0
4660	0	1	0
4662	0	1	0
4665	0	1	0
4668	0	0	1
4672	1	0	0
4676	0	1	0
4677	0	1	0
4679	0	1	0
4685	0	1	0
4703	0	1	0
4706	0	1	0
4749	1	0	0
4785	1	0	0
4803	1	0	0
4809	0	1	0
4810	0	1	0
4841	0	1	0
4847	1	0	0
4883	0	1	0
4884	0	1	0
4899	0	1	0
4922	0	1	0
4944	0	1	0
4959	0	1	0
4982	0	1	0
4985	0	1	0
4988	0	1	0
5017	0	1	0
5028	0	1	0
5029	0	1	0
5038	0	1	0
5048	0	1	0
5055	0	1	0
5068	0	1	0
5088	0	1	0
5097	0	1	0
5111	0	1	0
5122	1	0	0
5125	1	0	0
5132	0	1	0
5155	1	0	0
5164	1	0	0
5165	1	0	0
5166	1	0	0
5167	1	0	0
5172	2	0	0
5174	1	0	0
5175	1	0	0
5176	1	0	0
5178	1	0	0
5180	2	0	0
5181	1	0	0
5182	1	0	0
5188	1	0	0
5194	1	0	0
5199	1	0	0
5201	1	0	0
5204	1	0	0
5206	1	0	0
5207	1	0	0
5209	1	0	0
5216	1	0	0
5220	1	0	0
5227	2	0	0
5230	2	0	0
5231	1	0	0
5234	1	0	0
5241	1	0	0
5243	0	1	0
5247	3	0	0
5248	1	0	0
5253	1	0	0
5259	1	0	0
5266	1	0	0
5274	1	0	0
5287	0	0	1
5295	0	1	0
5310	1	0	0
5323	1	0	0
5342	0	0	1
5361	0	1	0
5364	0	0	1
5367	0	0	1
5372	1	0	0
5382	0	1	0
5402	0	1	0
5407	0	1	0
5410	0	0	1
5416	0	1	0
5417	0	0	1
5420	0	0	1
5426	0	1	0
5430	0	1	0
5433	0	0	1
5505	0	0	1
5536	0	0	1
5565	0	0	1
5628	1	0	0
5673	0	1	0
5714	0	1	0
5723	0	1	0
5734	0	0	1
5741	1	0	0
5758	1	0	0
5776	1	0	0
5793	1	0	0
5826	1	0	0
5867	1	0	0
5868	1	0	0
5870	1	0	0
5907	0	0	1
5939	1	0	0
5943	1	0	0
5951	1	0	0
6036	1	0	0
6050	0	1	0
6081	1	0	0
6122	0	1	0
6131	1	0	0
6134	1	0	0
6154	1	0	0
6166	1	0	0
6188	1	0	0
6203	1	0	0
6266	1	0	0
6285	0	1	0
6289	0	1	0
6316	1	0	0
6368	0	1	0
6405	1	0	0
6427	1	0	0
6436	1	0	0
6506	1	0	0
6539	1	0	0
6542	1	0	0
6544	1	0	0
6578	1	0	0
6616	1	0	0
6630	1	0	0
6658	1	0	0
6677	1	0	0
6679	1	0	0
6680	1	0	0
6685	1	0	0
6688	1	0	0
6689	2	0	0
6691	1	0	0
6693	2	0	0
6694	2	0	0
6697	1	0	0
6698	3	0	0
6699	2	0	0
6702	2	0	0
6703	1	0	0
6704	1	0	0
6705	2	0	0
6706	1	0	0
6707	1	0	0
6708	1	0	0
6709	1	0	0
6710	2	0	0
6711	3	0	0
6712	5	0	0
6713	3	0	0
6714	1	0	0
6715	3	0	0
6716	2	0	0
6717	1	0	0
6718	3	0	0
6719	3	0	0
6720	2	0	0
6721	5	0	1
6722	2	0	0
6723	3	0	0
6724	2	0	0
6725	1	0	0
6726	2	0	0
6727	3	0	0
6728	3	0	1
6729	2	0	0
6730	5	0	0
6731	4	0	0
6732	4	0	0
6733	5	0	0
6734	6	0	0
6735	3	0	0
6736	5	0	0
6737	3	0	0
6738	4	0	0
6739	3	0	0
6740	5	0	0
6741	5	0	0
6742	7	0	0
6743	4	0	0
6744	6	0	0
6745	6	0	0
6746	5	0	0
6747	5	0	0
6748	5	0	0
6749	3	0	0
6750	6	0	0
6751	4	0	0
6752	3	0	0
6753	5	0	0
6754	3	0	0
6755	2	0	0
6756	3	0	1
6757	4	0	0
6758	1	0	0
6759	3	0	0
6760	3	0	0
6761	5	0	0
6762	4	0	0
6763	5	0	0
6764	2	0	0
6765	2	0	0
6766	3	0	0
6767	3	0	0
6768	5	0	0
6769	1	0	0
6770	2	0	0
6771	2	0	0
6772	6	0	0
6773	1	0	0
6774	5	0	0
6775	3	0	0
6776	5	0	0
6777	4	0	0
6778	2	0	0
6779	3	0	0
6780	3	0	0
6781	2	0	0
6782	3	0	0
6783	3	0	0
6784	2	0	0
6785	2	0	0
6786	2	0	0
6787	4	0	0
6788	3	0	0
6789	4	0	0
6790	1	0	0
6791	2	0	0
6792	4	0	0
6793	2	0	0
6794	2	0	0
6795	3	0	0
6796	2	0	0
6797	1	0	0
6798	2	0	0
6800	1	0	0
6802	1	0	0
6804	1	0	0
6805	1	0	0
6806	1	0	0
6807	1	0	0
6808	3	0	0
6809	2	0	0
6811	1	0	0
6812	3	0	0
6813	1	0	0
6814	2	0	0
6815	0	0	1
6816	1	0	0
6817	2	0	0
6819	1	0	0
6820	1	0	0
6821	1	0	0
6822	3	0	0
6823	1	0	0
6824	3	0	0
6825	3	0	0
6826	1	0	0
6827	1	0	0
6828	2	0	0
6829	1	0	0
6830	2	0	0
6831	1	0	0
6832	2	0	0
6833	1	0	0
6835	1	0	0
6836	3	0	0
6837	2	0	0
6838	2	0	0
6839	2	0	0
6840	1	0	0
6842	2	0	0
6843	1	0	0
6844	1	0	0
6846	1	0	0
6847	1	0	0
6848	1	0	0
6850	2	0	0
6851	1	0	0
6852	1	0	0
6853	1	0	0
6861	1	0	0
6862	1	0	0
6863	2	0	0
6866	1	0	0
6867	2	0	0
6872	1	0	0
6873	1	0	0
6878	1	0	0
6880	1	0	0
6885	1	0	0
6908	1	0	0
6912	1	0	0
6918	1	0	0
6931	0	1	0
6932	1	0	0
6936	1	0	0
6949	1	0	0
6956	2	0	0
6959	1	0	0
6961	1	0	0
6963	1	0	0
6967	2	0	0
6979	1	0	0
6995	0	1	0
7001	1	0	0
7004	1	0	0
7005	1	0	0
7011	1	0	0
7016	1	0	0
7018	0	1	0
7026	1	0	0
7037	0	1	0
7047	1	0	0
7048	1	0	0
7051	1	0	0
7059	1	0	0
7083	1	0	0
7087	1	0	0
7097	1	0	0
7125	0	1	0
7146	1	0	0
7169	1	0	1
7177	0	1	0
7184	1	0	0
7185	0	1	0
7187	0	1	0
7197	0	1	0
7198	0	1	0
7230	1	0	0
7231	0	1	0
7241	0	2	0
7252	0	1	0
7352	0	0	1
7365	1	0	0
7370	1	0	0
7447	1	0	0
7456	1	0	0
7488	0	1	0
7504	0	1	0
7540	0	1	0
7543	0	1	0
7580	0	1	0
7590	0	0	1
7619	0	0	1
7628	1	0	0
7644	0	0	1
7646	0	0	1
7692	0	0	1
7700	0	0	1
7705	0	0	1
7919	1	0	0
7922	1	0	0
7925	1	0	0
7929	1	0	0
7931	1	0	0
7932	2	0	0
7936	1	0	0
7938	2	0	0
7939	1	0	0
7942	1	0	0
7950	1	0	0
7957	1	0	0
7975	1	0	0
7982	1	0	0
7986	1	0	0
7988	1	0	0
7993	1	0	0
8019	1	0	0
8028	1	0	0
8030	1	0	0
8036	0	0	1
8052	0	0	1
8061	1	0	0
8062	0	0	1
8154	0	0	1
8174	0	0	1
8188	0	0	1
8198	0	0	1
8211	0	0	1
8270	1	0	0
8309	1	0	0
8498	1	0	0
8522	0	1	0
8525	0	1	0
8530	0	2	0
8531	1	1	0
8533	0	2	0
8534	0	1	0
8543	0	1	0
8544	0	1	0
8562	0	1	0
8574	0	0	1
8591	0	1	0
8592	0	1	0
8599	0	1	0
8602	0	2	0
8608	0	1	0
8682	0	1	0
8768	0	0	1
8859	0	1	0
8866	0	1	0
8869	0	1	0
8879	0	1	0
8891	0	1	0
8897	0	2	0
8902	0	1	0
8911	0	1	0
8916	0	1	0
8947	0	1	0
8954	0	1	0
8957	0	2	0
8962	0	1	0
8968	0	0	1
8971	0	1	0
8972	0	0	1
8974	0	0	1
8989	0	1	0
8990	0	1	0
8999	0	0	1
9001	0	0	1
9013	0	1	0
9025	0	1	0
9028	0	1	0
9029	0	1	0
9038	1	0	0
9041	0	0	1
9045	0	0	1
9051	0	1	0
9075	0	0	1
9113	0	0	1
9129	1	0	0
9195	0	1	0
9214	0	0	1
9227	0	0	2
9228	0	0	1
9238	0	0	1
9265	1	0	0
9275	0	0	1
9276	1	0	0
9277	1	0	1
9288	1	0	0
9291	1	0	0
9300	1	0	0
9308	1	0	0
9312	0	0	1
9314	1	0	0
9320	1	0	0
9326	1	0	0
9327	2	0	0
9330	1	0	0
9332	1	1	0
9334	1	0	0
9340	1	0	0
9353	1	0	0
9370	1	0	0
9388	1	0	0
9394	1	0	0
9395	1	0	0
9409	0	0	1
9412	1	0	0
9415	1	0	0
9423	1	0	0
9463	0	0	1
9475	1	0	0
9493	1	0	0
9554	1	0	0
9663	1	0	0
9665	1	0	0
9670	1	0	0
9671	1	0	0
9672	1	0	0
9675	1	0	0
9677	1	0	0
9682	1	0	0
9715	1	0	0
9733	1	0	0
9739	1	0	0
9740	1	0	0
9743	2	0	0
9744	1	0	0
9745	1	0	0
9748	1	0	0
9749	1	0	0
9751	1	0	0
9757	1	0	0
9879	1	0	0
9963	0	0	1
10029	0	0	1
10042	0	0	1
10361	0	0	1
10462	1	0	0
10627	1	0	0
10677	0	0	1
10785	1	0	0
10964	0	0	1
11038	0	1	0
11117	0	1	0
11326	0	1	0
11349	0	1	0
11356	1	0	0
11382	0	1	0
11387	1	0	0
11445	0	0	1
11519	0	1	0
11541	0	1	0
11567	0	1	0
11580	0	1	0
11597	0	1	0
11644	0	1	0
11899	0	1	0
11902	0	0	1
11914	0	1	0
11919	0	1	0
11976	0	1	0
12000	0	0	1
12115	1	0	0
12128	0	0	1
12136	0	0	1
12341	1	0	0
12364	1	0	0
12411	1	0	0
12502	1	0	0
12569	0	1	0
12617	0	1	0
12658	0	0	1
12694	0	1	0
12709	0	1	0
12717	0	1	0
12733	1	0	0
12752	1	0	0
12828	1	0	0
12944	1	0	0
12967	1	0	0
13031	0	0	1
13038	1	0	0
13042	0	1	0
13055	0	1	0
13059	0	1	0
13060	1	0	0
13079	0	1	0
13085	0	1	0
13086	0	1	0
13111	1	0	0
13262	1	0	0
13328	1	0	0
13339	1	0	0
13387	1	0	0
13406	1	0	0
13446	1	0	0
13540	1	0	0
13766	1	0	0
13778	1	0	0
13779	1	0	0
13904	1	0	0
13960	1	0	0
14036	0	1	0
14399	1	0	0
14657	1	0	0
15049	0	1	0
15155	0	1	0
15166	0	1	0
15168	0	1	0
15170	0	1	0
15171	0	1	0
15214	1	0	0
15396	0	1	0
15411	0	0	1
15485	0	0	1
15605	0	0	1
15620	0	0	1
15661	0	1	0
15679	1	0	0
15737	0	0	1
15796	0	0	1
15958	0	1	0
15964	1	0	0
16246	0	1	0
16349	1	0	0
16369	1	0	0
16374	1	0	0
16503	0	1	0
16592	0	1	0
17208	1	0	0
17413	1	0	0
17431	0	1	0
17445	1	0	0
17451	0	1	0
17507	0	0	1
17566	0	0	1
17581	0	0	1
18059	0	1	0
18105	0	1	0
18122	0	0	1
18271	0	1	0
18394	0	0	1
18942	0	0	1
19057	0	0	1
19079	0	0	1
19126	0	0	1
19352	0	1	0
19600	0	0	1
19708	0	1	0
19723	0	0	1
20061	1	0	0
20209	0	0	1
20252	0	0	1
20939	0	1	0
21327	1	0	0
21600	0	0	1
21609	0	0	1
21637	1	0	0
21684	1	0	0
21728	0	1	0
21732	0	1	0
21954	1	0	0
22129	1	0	0
22351	0	0	1
22569	0	1	0
22624	0	0	1
22650	0	0	1
22688	0	0	1
22922	0	0	1
23256	0	0	1
23461	1	0	0
23637	0	0	1
23646	0	0	1
23721	0	0	1
24248	0	0	1
24249	0	0	1
24254	0	0	1
24339	0	0	1
24348	0	0	1
24362	0	0	1
24419	0	0	1
24431	0	1	0
24452	1	0	0
24535	0	0	1
24597	0	0	1
24706	1	0	0
24765	0	0	1
24895	1	0	0
25427	0	0	1
25521	1	0	0
25709	0	0	1
25897	0	0	1
25920	0	1	0
26060	0	0	1
26853	0	0	1
27123	0	0	1
27248	0	0	1
27250	0	0	1
27253	0	0	1
27255	0	0	1
27260	0	0	1
27261	0	0	1
27262	0	0	2
27286	0	0	1
27521	1	0	0
27534	1	0	0
27562	0	0	1
27608	0	0	1
27788	0	0	1
27825	0	0	1
27913	0	0	1
27933	0	0	1
28170	0	0	1
28581	0	0	1
28753	0	1	0
28885	0	0	1
28921	0	0	1
28941	0	0	1
28947	0	0	1
29026	1	0	0
29246	0	0	1
29293	0	0	1
29302	0	0	1
29398	0	0	1
29485	0	0	1
29589	0	1	0
29629	0	0	1
29635	1	0	0
30106	0	0	1
30323	0	1	0
30933	0	0	1
31246	0	1	0
31307	0	0	1
31386	1	0	0
31723	0	0	1
31884	0	0	1
31972	1	0	0
32200	0	0	1
32210	0	0	1
32468	1	0	0
32536	0	0	1
33020	0	0	1
33037	0	0	1
33658	0	0	1
33776	0	0	1
33826	1	0	0
34135	0	0	1
34202	0	0	1
34532	0	0	1
34604	1	0	0
35085	1	0	0
35129	0	0	1
35280	0	1	0
35661	0	0	1
36106	0	0	1
36240	0	0	1
36575	0	0	1
36853	0	0	1
37101	0	0	1
37222	0	0	1
37251	1	0	0
37509	0	1	0
37640	0	1	0
37795	0	1	0
37804	0	0	1
37876	0	1	0
37880	0	0	1
37886	0	1	0
37889	1	0	0
37890	0	1	0
37944	0	1	0
37950	0	1	0
37975	0	1	0
38015	0	1	0
38016	0	1	0
38142	0	0	1
38177	0	0	1
38249	0	1	0
38291	0	0	1
38349	0	1	0
38454	0	0	1
38537	0	0	1
38600	1	0	0
38656	0	0	1
38662	1	0	0
38700	0	0	1
38729	1	0	0
38759	1	0	0
38779	1	0	0
38797	1	0	1
38803	1	0	0
38809	1	0	0
38811	1	0	0
38823	1	0	0
38828	1	0	0
38838	1	0	0
38850	2	0	0
38852	0	0	1
39005	0	0	1
39044	0	1	0
39103	1	0	0
39110	1	0	0
39123	1	0	0
39165	1	0	0
39185	1	0	0
39191	0	1	0
39217	0	1	0
39226	1	0	0
39234	1	0	0
39360	1	0	0
39380	1	0	0
39937	0	0	1
40248	0	1	0
40298	0	0	1
41064	1	0	0
41072	0	1	0
41174	1	0	0
41272	0	0	1
41590	0	0	1
41929	0	1	0
42450	1	0	0
42543	0	0	1
42556	0	0	1
42623	1	0	0
42696	0	0	1
42889	0	1	0
42894	1	0	0
42909	0	1	0
43043	0	0	1
43061	0	0	1
43270	1	0	0
43514	0	0	1
44276	0	0	1
44423	0	1	0
44948	0	0	1
45003	0	0	1
45035	1	0	0
45105	0	1	0
45162	0	1	0
45297	0	1	0
45312	0	1	0
45331	0	0	1
45341	0	1	0
45409	0	1	0
45415	0	1	0
45417	0	1	0
45418	0	1	0
45423	0	1	0
45429	0	1	0
45448	0	1	0
45458	0	1	0
45564	0	1	0
45745	0	1	0
45796	0	1	0
45800	0	1	0
45809	0	1	0
45820	0	1	0
46150	1	0	0
46180	1	0	0
46252	1	0	0
46313	1	0	0
46319	1	0	0
46364	1	0	0
46541	2	0	0
46557	1	0	0
46584	1	0	0
46645	1	0	0
46661	1	0	0
46692	1	0	0
46697	1	0	0
46706	1	0	0
46760	0	0	1
46781	1	0	0
46794	1	0	0
46811	1	0	0
46818	1	0	0
46918	1	0	0
46956	0	0	1
47045	0	1	0
47197	0	1	0
47393	1	0	0
47947	1	0	0
48265	0	1	0
48401	0	1	0
48410	0	1	0
48442	0	0	1
48550	0	1	0
48553	0	0	1
48576	0	1	0
48583	0	2	0
48586	0	1	0
48802	0	1	0
49023	0	0	1
49056	0	0	1
49287	1	0	0
49300	1	0	0
49338	0	0	1
49361	1	0	0
49585	0	0	1
49669	1	0	0
49724	1	0	0
49828	1	0	0
49984	1	0	0
50390	0	0	1
51115	1	0	0
51655	0	0	1
52011	1	0	0
52250	0	0	1
53361	0	1	0
53552	0	0	1
53636	0	0	2
53637	0	0	1
53686	1	0	0
53750	0	0	1
54198	0	1	0
54428	0	0	1
54722	0	0	1
54826	0	1	0
55035	0	0	1
55256	1	0	0
55383	0	0	1
55616	1	0	0
55660	0	24	0
55661	0	16	0
55662	0	179	0
55663	0	3	0
55668	0	1	0
55669	0	5	0
55674	0	1	0
55762	1	0	0
55764	1	0	0
55765	6	0	0
55766	2	0	0
55767	2	0	0
55769	3	0	0
55770	5	0	0
55851	0	0	1
55927	0	0	1
55929	0	0	1
55944	0	1	0
56041	0	0	1
56101	0	0	1
56141	0	0	1
56173	0	0	1
56400	0	0	1
56445	0	0	1
56465	0	0	1
56505	1	0	0
56523	0	1	0
56586	0	0	1
56799	0	1	0
56852	0	1	0
56968	0	1	0
57064	0	1	0
57086	0	1	0
57095	0	1	0
57116	0	1	0
57118	0	0	1
57141	0	1	0
57146	0	1	0
57156	0	1	0
57375	1	0	0
57410	0	1	0
57411	0	1	0
57413	0	1	0
57414	0	1	0
57468	0	0	1
57563	0	1	0
57579	1	0	0
57580	0	0	1
57817	0	0	1
57819	1	0	0
57857	0	0	1
57881	1	0	0
57908	1	0	0
57953	1	0	0
57973	1	0	0
58007	1	0	0
58094	1	0	0
58106	1	0	0
58170	1	0	0
58204	1	0	0
58217	1	0	0
58269	1	0	0
58280	1	0	0
58298	1	0	0
58365	1	0	0
58462	0	1	0
58463	0	1	0
58531	1	0	0
58611	1	0	0
58626	0	1	0
58667	0	1	0
58743	0	1	0
59432	0	0	1
60802	0	1	0
61116	0	0	1
61591	0	0	1
62162	1	0	0
62190	0	1	0
62222	0	1	0
62227	1	0	0
62767	1	0	0
63115	0	1	0
63661	0	1	0
64063	0	0	1
65054	0	0	1
65514	0	0	1
65697	0	0	1
65823	0	0	1
65901	0	1	0
67152	0	0	1
67205	0	0	1
67698	0	1	0
67867	0	0	1
68036	0	0	1
68626	0	0	1
69392	0	0	1
69402	0	0	1
69521	0	0	1
70310	0	0	1
70512	0	0	1
71195	0	0	2
71438	0	0	1
72162	1	0	0
72640	0	0	1
73159	0	0	1
73593	0	0	1
73829	0	1	0
74587	0	1	0
74896	0	1	0
75378	0	0	1
75395	0	1	0
75731	0	0	1
75890	1	0	0
75914	0	0	1
76302	0	0	1
76308	0	0	1
76712	1	0	0
76772	1	0	0
77261	0	0	1
77280	0	0	1
77321	0	0	1
77383	0	0	1
77804	0	0	1
78275	0	1	0
78364	0	1	0
78419	1	0	0
78719	0	0	1
79065	1	0	0
79344	1	0	0
79837	0	0	1
81249	0	0	1
82690	1	0	0
82974	0	0	1
82992	0	0	1
83095	0	0	1
83189	0	0	1
83504	0	0	1
83888	0	0	1
84090	1	0	0
84209	0	0	1
84294	0	1	0
84326	0	1	0
84328	0	1	0
84347	0	1	0
84351	0	2	0
84785	0	1	0
85522	0	1	0
85789	0	0	1
85876	0	0	1
86115	0	1	0
86304	0	1	0
86385	0	1	0
86469	1	0	0
86511	0	0	1
86674	0	1	0
86730	1	0	0
87543	0	0	1
87833	0	1	0
87931	1	0	0
88529	0	1	0
88645	0	0	1
89163	0	0	1
89223	0	0	1
89446	0	1	0
89545	0	1	0
90027	1	0	0
90123	0	1	0
90178	0	1	0
90633	0	0	1
90993	0	0	1
91088	1	0	0
91248	0	1	0
91797	0	0	1
92063	0	0	1
92698	0	1	0
92704	0	1	0
93174	0	1	0
93193	0	1	0
93235	0	1	0
93241	0	1	0
93245	0	1	0
93326	0	1	0
93352	0	1	0
93463	0	1	0
93475	0	1	0
93480	0	1	0
93506	0	1	0
93594	0	1	0
93739	1	0	0
93744	1	0	0
93795	1	0	0
93811	0	0	1
93847	1	0	0
93928	0	1	0
93943	1	0	0
93991	1	0	0
94058	0	0	1
94189	1	0	0
94190	1	0	0
94216	1	0	0
94255	1	0	0
94536	1	0	0
94553	1	0	0
94886	0	0	1
95385	0	0	1
95502	0	1	0
95512	1	0	0
95702	1	0	0
95740	1	0	0
95781	0	0	1
96070	1	0	0
96118	1	0	0
96372	0	0	1
96440	1	0	0
96464	0	0	1
96905	0	0	1
97008	0	1	0
97318	0	0	1
97335	0	0	1
97455	0	0	1
97459	0	0	1
97673	0	0	1
97746	0	1	0
97827	0	1	0
99141	0	1	0
99142	0	1	0
99198	1	0	0
99217	0	1	0
99318	0	1	0
99517	0	2	0
99518	0	1	0
99519	0	1	0
99521	0	1	0
99532	0	4	0
99533	0	4	0
99534	0	1	0
99535	0	1	0
99536	0	2	0
99539	0	2	0
99540	0	3	0
99543	0	2	0
99544	0	11	0
99545	0	3	0
99556	0	1	0
99563	0	1	0
99571	0	1	0
99594	0	2	0
99595	0	2	0
99596	0	2	0
99597	0	4	0
99599	0	1	0
99600	0	1	0
99602	0	6	0
99603	0	3	0
99605	0	8	0
99607	0	3	0
99608	0	4	0
99609	0	2	0
99610	0	3	0
99612	0	1	0
99616	0	2	0
99617	0	5	0
99618	0	1	0
99619	0	6	0
99620	0	8	0
99621	0	4	0
99622	0	2	0
99623	0	4	0
99624	0	10	0
99625	0	15	0
99626	0	3	0
99627	0	10	0
99628	0	9	0
99629	0	4	0
99630	0	3	0
99631	0	4	0
99633	0	3	0
99634	0	1	0
99635	0	1	0
99637	0	3	0
99638	0	11	0
99639	0	26	0
99640	0	9	0
99641	0	17	0
99642	0	1	0
99643	0	3	0
99644	0	5	0
99646	0	3	0
99647	0	1	0
99649	0	2	0
99651	0	3	0
99652	0	1	0
99662	0	1	0
99904	1	0	0
99928	0	1	0
99971	0	0	1
99973	1	0	0
99981	1	0	0
99990	0	0	1
100020	1	0	0
100022	1	0	0
100038	1	0	0
100044	1	0	0
100050	1	0	0
100054	1	0	0
100056	2	0	0
100058	7	0	0
100060	3	0	0
100061	16	0	0
100062	13	0	0
100063	25	0	0
100064	10	0	0
100065	4	0	0
100067	3	0	0
100070	2	0	1
100071	5	0	0
100072	1	0	0
100073	10	0	0
100074	19	0	0
100075	17	0	0
100076	5	0	0
100077	18	0	0
100078	19	0	0
100079	5	0	0
100081	3	0	0
100082	5	0	0
100083	13	0	0
100084	1	0	0
100085	4	0	0
100090	2	0	0
100091	1	0	0
100092	5	0	0
100093	4	0	0
100094	5	0	0
100095	2	0	0
100097	6	0	0
100098	1	0	0
100099	6	0	0
100100	5	0	0
100102	1	0	0
100103	1	0	0
100104	1	0	0
100105	6	0	0
100106	1	0	0
100107	10	0	0
100108	5	0	0
100117	1	0	0
100136	1	0	0
100137	1	0	0
100143	1	0	0
100152	1	0	0
100153	1	0	0
100155	2	0	0
100157	6	0	0
100158	9	0	0
100159	4	0	0
100161	1	0	0
100162	10	0	0
100163	2	0	0
100169	7	0	0
100170	18	0	0
100171	3	0	0
100172	1	0	0
100181	1	0	0
100183	5	0	0
100185	3	0	0
100186	3	0	0
100188	1	0	0
100255	0	0	1
100436	0	0	1
100528	1	0	0
101022	1	0	0
101221	0	0	1
101495	0	0	1
101974	0	0	1
102127	0	1	0
102468	0	0	1
102544	0	0	1
102780	0	0	1
102890	0	0	1
103113	0	0	1
103235	0	1	0
104041	0	0	2
104071	0	0	1
104150	0	1	0
104211	0	0	1
104326	0	0	1
104401	0	0	1
104444	0	1	0
104456	0	1	0
104574	1	0	0
104743	0	1	0
104800	0	0	1
105021	0	0	1
105060	0	0	1
105082	0	1	0
105114	0	0	1
105309	0	0	1
105384	0	0	1
105390	0	0	1
105442	1	0	0
105498	0	0	1
105549	0	0	1
105603	0	0	1
105604	0	0	1
105734	0	0	1
105804	0	0	1
105806	0	0	1
105940	1	0	0
105983	0	0	1
106074	0	0	1
106136	0	0	1
106153	0	0	1
106172	0	0	1
106176	0	0	1
106202	0	0	1
106204	0	0	1
106206	0	0	1
106209	0	0	1
106216	0	0	1
106239	0	0	1
106338	0	0	1
106404	0	0	1
106547	0	0	1
106635	0	0	1
106719	0	0	1
106798	0	0	1
106897	0	0	1
106992	0	0	1
107069	0	0	2
107112	1	0	0
107151	1	0	0
107377	0	1	0
107382	0	0	1
107534	0	0	1
107565	0	0	1
107603	1	0	0
107795	0	0	2
107808	0	1	0
107862	0	1	0
107893	0	1	0
107975	0	0	1
108107	0	0	1
108155	0	0	1
108188	0	0	1
108198	0	1	0
108238	0	0	1
108300	0	0	1
108425	0	0	1
108497	0	0	1
108579	0	0	1
108839	0	0	1
108843	0	0	1
108864	0	0	2
108962	1	0	0
109087	1	0	0
109131	0	0	1
109132	0	1	0
109218	0	0	1
109522	0	0	1
109541	1	0	0
109570	1	0	0
109710	0	0	1
109872	1	0	0
109964	1	0	0
109974	0	0	1
110015	1	0	0
110037	1	0	0
110047	1	0	0
110229	0	1	0
110297	0	1	0
110319	1	0	0
110355	0	0	1
110378	0	0	1
110382	0	1	0
110535	0	0	1
110580	0	0	1
110582	0	0	1
110586	0	1	0
110588	0	1	0
110591	0	1	0
110594	0	1	0
110607	0	2	0
110609	0	0	1
110620	0	1	0
110623	0	1	0
110625	0	0	1
110626	0	3	0
110628	0	1	0
110630	0	1	0
110633	0	1	0
110636	0	1	0
110637	0	2	0
110641	0	1	0
110648	0	1	0
110650	0	1	0
110651	0	1	0
110654	0	1	0
110662	0	1	0
110668	0	1	0
110675	0	1	0
110676	0	1	0
110686	0	1	0
110690	0	0	1
110697	0	1	0
110703	0	0	1
110730	0	0	1
110733	0	1	0
110743	0	0	1
110751	0	1	0
110756	0	1	0
110791	1	0	1
110806	0	0	1
110814	0	0	1
110872	0	0	1
110878	0	0	2
110890	0	0	1
110985	0	0	1
110990	0	0	1
111014	0	0	1
111064	1	0	0
111071	0	0	1
111133	1	0	0
111168	1	0	0
111200	0	0	1
111245	0	0	1
111316	0	0	1
111360	1	0	0
111478	1	0	0
111532	1	0	0
111911	0	0	1
112329	0	0	1
112534	0	0	1
112544	0	0	1
112596	0	0	1
112601	0	0	1
112677	0	0	1
113015	0	0	1
113053	0	0	1
113055	0	1	0
113121	0	0	1
113197	0	0	1
113200	0	0	1
113279	0	1	0
113395	0	0	1
113626	0	0	1
113651	0	0	1
113795	0	0	1
114018	0	0	1
114572	0	0	1
114671	0	0	1
114725	0	0	1
114730	0	0	1
114788	0	0	1
114838	1	0	0
114930	1	0	0
115006	0	0	1
115079	0	0	1
115198	0	0	1
115218	0	0	1
115231	1	0	0
115282	0	0	1
115422	0	0	1
115501	0	0	1
115502	0	0	1
115558	0	0	1
115721	0	1	0
115748	0	0	1
116081	1	0	0
116212	0	0	1
116466	0	0	1
116895	0	0	1
116994	0	0	1
117344	0	1	0
117518	0	0	1
117554	0	1	0
117611	1	0	0
117664	0	0	1
117897	0	0	1
117914	1	0	0
117916	0	0	1
117976	0	0	1
117993	0	0	1
118023	0	0	1
118027	0	0	1
118063	0	0	1
118070	1	0	0
118074	0	0	1
118214	0	0	1
118351	1	0	0
118357	0	0	1
118549	0	0	1
118813	0	0	1
118875	0	0	1
118898	0	0	1
119069	1	0	0
119143	1	0	0
119439	1	0	0
119714	0	0	1
119860	0	0	1
119960	0	0	1
120517	0	0	1
120638	0	0	1
120736	0	0	1
120877	0	0	1
121098	0	0	1
121889	1	0	0
121971	1	0	0
122097	0	0	1
122200	0	1	0
122878	0	1	0
123273	0	1	0
123306	0	1	0
123341	0	1	0
123392	0	1	0
123527	0	1	0
124354	0	0	1
124472	0	0	1
124767	0	0	1
125227	0	1	0
125925	0	0	1
127404	0	1	0
128306	0	0	1
128400	1	0	0
128732	0	0	1
128906	1	0	0
128962	2	0	0
128963	1	0	0
128964	3	0	0
128967	1	0	0
128968	9	0	0
128969	2	0	0
128970	1	0	0
128980	1	0	0
128984	1	0	0
128987	2	0	0
128988	2	0	0
128989	2	0	0
128990	1	0	0
128997	1	0	0
129015	1	0	0
129024	1	0	0
129026	1	0	0
129032	0	0	1
129056	0	0	1
129188	0	0	1
129259	1	0	0
129743	0	1	0
129857	0	0	1
130425	1	0	0
131639	0	1	0
131849	0	0	1
131951	0	1	0
132022	0	1	0
132045	0	0	1
132108	1	0	0
132155	0	1	0
132200	0	0	1
132365	0	0	1
132385	1	0	0
132405	0	0	1
132433	1	0	0
132620	0	0	1
133468	0	1	0
134175	0	0	1
134229	0	0	1
134425	0	1	0
134426	0	1	0
134505	0	1	0
134696	0	1	0
134887	0	1	0
134895	0	1	0
134921	0	1	0
134924	0	1	0
135570	1	0	0
136156	0	0	1
136289	0	1	0
136583	0	0	1
136888	0	0	1
136926	0	0	1
137489	1	0	0
137490	0	0	1
137563	0	1	0
137618	1	0	0
137698	0	0	1
137862	0	1	0
138025	1	0	0
138335	0	0	1
138821	0	1	0
138957	1	0	0
139472	0	0	1
140228	0	0	1
140288	1	0	0
140471	0	1	0
140565	0	0	1
140570	0	0	1
140575	0	1	0
140898	0	1	0
140924	1	0	0
140995	1	0	0
141120	1	0	0
141442	0	0	1
141702	0	1	0
142045	0	0	1
142415	0	1	0
142464	0	0	1
142841	0	0	1
143537	0	0	1
143771	0	1	0
144300	0	0	1
144501	0	1	0
145195	0	1	0
146167	0	0	1
146404	1	0	0
146905	0	1	0
146921	0	1	0
146989	0	1	0
147043	0	1	0
148003	0	0	1
148546	1	0	0
148895	0	1	0
149290	0	1	0
149781	1	0	0
149934	0	0	1
149993	0	0	1
150500	1	0	0
150915	0	0	1
151228	0	1	0
151415	0	0	1
152577	1	0	0
152610	0	0	1
154906	0	1	0
154925	0	0	1
154970	1	0	0
155570	0	0	1
155627	0	0	1
155634	0	0	1
155975	0	0	1
156466	0	0	1
157564	0	0	1
157611	0	0	1
157912	1	0	0
158028	0	0	1
158433	0	0	1
158434	0	0	1
158603	0	0	1
158612	0	1	0
158919	0	0	1
158961	0	0	1
158964	1	0	0
159726	0	0	1
160283	0	0	1
160519	0	1	0
160660	0	0	1
161242	0	1	0
161487	0	0	1
161491	0	0	1
161537	0	0	1
161632	1	0	0
161714	0	0	1
161885	0	0	1
162007	0	1	0
162032	1	0	0
162041	0	0	1
162311	0	1	0
162588	0	0	1
162803	0	1	0
162815	0	1	0
162829	0	0	1
162928	0	0	1
162967	0	0	1
162976	0	0	1
162996	0	1	0
163052	0	0	1
163157	0	0	1
163208	0	0	1
163632	0	0	1
163643	0	0	1
163694	0	0	1
164149	0	0	1
164228	0	0	1
164376	0	1	0
164952	1	0	0
165070	0	0	1
165304	0	0	1
166320	1	0	0
166661	0	0	1
166814	0	1	0
166881	0	0	1
166945	0	1	0
167780	0	1	0
167929	0	0	1
168499	1	0	0
168773	0	1	0
168921	1	0	0
168998	0	0	1
169081	1	0	0
169474	1	0	0
169732	0	0	1
169954	0	0	1
169966	0	0	1
170046	0	0	1
170131	0	0	1
170250	0	0	1
170299	0	0	1
170316	0	0	1
170818	0	0	1
170870	0	1	0
171085	0	0	1
171186	1	0	0
171346	1	0	0
171565	0	0	1
171650	0	0	1
171694	0	0	1
171718	0	0	1
171766	0	0	1
171816	0	0	1
172042	0	0	1
172136	1	0	0
172139	1	0	0
172170	0	0	1
172241	0	0	1
172320	1	0	1
172428	0	0	1
172520	1	0	0
172673	0	0	1
172846	0	1	0
172980	0	0	1
173194	0	0	1
173241	0	0	1
173303	0	0	1
173916	0	0	1
174014	0	0	1
174366	0	0	1
174417	0	0	1
174464	0	0	1
174496	0	0	1
174566	0	0	1
174584	0	0	1
174888	0	0	1
174899	0	1	0
174900	0	0	1
174906	1	0	0
174910	0	0	1
174964	0	0	1
174982	0	0	1
175022	0	0	1
175070	0	0	1
175138	0	1	0
175196	0	0	1
175245	0	0	1
175308	0	0	1
175321	0	0	1
175391	0	0	1
175406	0	0	1
175628	0	0	1
175785	0	0	1
175814	0	0	1
175866	0	0	1
175868	0	0	1
175894	0	0	1
175933	0	0	1
175936	0	0	1
176091	1	0	0
176138	0	0	1
176145	0	0	1
176166	0	0	1
176168	0	1	0
176192	0	0	2
176256	0	0	1
176528	0	0	1
176529	0	0	1
176550	0	0	1
176846	0	0	1
176865	0	0	1
176871	0	0	1
176908	0	0	1
177077	0	0	1
177137	0	0	1
177182	0	0	1
177222	0	0	1
177233	0	0	1
177247	0	0	1
177251	0	0	1
177257	0	0	1
177277	0	0	1
177280	0	0	1
177291	0	0	1
177303	0	0	1
177317	0	0	3
177325	0	0	1
177360	0	0	1
177384	0	0	1
177395	0	0	1
177411	0	0	2
177503	0	0	1
177549	0	0	1
177607	0	0	1
177610	0	0	1
177636	1	0	0
177659	0	0	1
177665	0	0	1
177701	0	0	1
177834	0	0	1
177838	0	0	1
177839	0	0	1
177854	0	0	1
177887	0	0	2
177899	0	0	1
177908	0	1	0
177920	0	0	1
177924	0	0	1
178059	0	0	2
178168	2	0	0
178169	0	0	1
178175	0	0	1
178192	0	0	1
178194	0	0	8
178210	0	0	1
178240	0	0	1
178251	0	0	1
178258	0	0	1
178260	0	0	1
178301	0	0	1
178309	0	0	1
178324	0	0	1
178325	0	0	1
178336	0	0	1
178341	0	0	1
178342	0	1	0
178345	0	0	1
178384	0	0	1
178436	0	0	1
178463	0	0	1
178475	0	0	1
178561	0	0	1
178579	0	1	0
178615	0	0	1
178623	0	0	1
178647	0	1	0
178657	0	0	1
178707	0	0	1
178751	0	0	1
178775	0	0	1
178790	0	0	1
178797	0	0	1
178803	0	0	1
178815	0	0	1
178822	0	0	1
178835	0	0	1
178840	0	0	3
178912	0	0	1
178915	0	0	1
178967	0	0	1
178975	0	0	1
179037	0	0	1
179211	1	0	0
179263	0	0	1
179265	0	1	0
179289	0	0	1
179327	0	0	1
179399	0	0	1
179400	0	0	1
179452	0	0	1
179488	0	0	1
179561	0	0	1
179613	0	0	1
179917	0	0	1
179969	0	0	1
180037	0	0	1
180348	0	0	1
180349	0	0	1
180356	0	0	1
180359	0	0	1
180360	0	0	1
180361	0	0	1
180362	0	0	1
180363	0	0	1
180366	0	0	1
180367	0	0	1
180368	0	0	2
180371	0	0	1
180372	0	0	1
180374	0	0	1
180376	0	0	1
180377	0	0	1
180378	0	0	1
180379	0	0	1
180384	0	0	1
180395	0	0	1
180396	0	0	1
180398	0	0	1
180400	0	0	1
180403	0	0	1
180407	0	0	1
180414	0	0	1
180422	0	0	2
180423	0	0	1
180427	0	0	1
180429	0	0	1
180430	0	0	1
180433	0	0	1
180436	0	0	1
180438	0	0	1
180439	0	0	1
180454	0	0	1
180455	0	0	1
180457	0	0	1
180460	0	0	1
180498	0	0	1
180576	0	0	1
181219	0	0	1
181415	0	0	1
182731	0	0	1
182860	0	0	1
183525	0	0	1
183541	0	0	1
183566	0	0	1
183728	0	0	1
183846	1	0	0
183937	0	1	0
184466	0	0	1
184557	0	0	1
184710	1	0	0
184807	0	0	1
184833	0	0	1
184842	0	0	1
185178	1	0	0
185661	0	0	1
185968	1	0	0
186060	0	0	1
186126	0	0	1
186284	0	0	1
186462	0	0	1
186599	0	1	0
186609	1	0	0
186893	0	0	1
186894	0	0	1
186934	0	1	0
187142	0	0	1
187156	0	0	1
187172	1	0	0
187187	0	0	1
187192	0	0	1
187363	1	0	0
187407	0	0	1
187454	0	0	1
187562	0	0	1
187575	0	0	1
187639	0	0	1
187718	0	0	1
187917	0	0	1
188333	0	0	1
188341	0	0	1
188346	0	0	1
188365	0	0	1
188615	0	0	1
188636	1	0	0
188731	1	0	0
188799	0	1	0
189896	0	0	1
190572	0	0	1
190688	1	0	0
190741	0	1	0
190880	0	0	1
190967	0	0	1
191176	0	1	0
191259	0	0	1
191480	0	0	1
191517	0	1	0
191646	0	0	1
191761	1	0	0
191765	1	0	0
191847	1	0	0
191971	0	0	1
192125	0	0	1
192205	0	0	1
192300	1	0	0
192595	0	1	0
193894	0	1	0
193981	1	0	0
195200	0	0	1
196099	0	0	1
196732	0	1	0
196808	0	0	1
196904	0	0	1
197519	0	1	0
197610	0	0	1
197859	0	0	1
198168	0	0	1
198428	0	0	1
199087	0	0	1
199674	0	0	1
200588	0	0	1
200839	0	0	1
201095	0	0	1
201107	0	0	1
201234	0	0	1
201363	0	0	1
201458	0	1	0
201498	0	0	1
201715	1	0	0
201836	1	0	0
202905	0	0	1
203134	0	1	0
203242	0	1	0
203298	1	0	0
203545	0	0	1
203899	0	0	1
204696	1	0	0
204923	0	1	0
204957	0	0	1
205140	0	0	1
205379	1	0	0
206134	0	0	1
206537	0	1	0
206882	0	1	0
207120	0	1	0
207275	0	0	1
207330	0	1	0
207544	0	0	1
209538	1	0	0
209876	0	1	0
210127	0	1	0
210167	0	1	0
210546	0	1	0
210701	0	1	0
210737	0	1	0
211345	1	0	0
211836	0	1	0
212303	1	0	0
212398	0	0	1
212435	0	0	1
212557	0	0	1
212725	0	0	1
212963	0	0	1
212967	0	0	1
213004	1	0	0
213136	0	0	1
213227	0	0	1
213255	0	0	1
213417	0	0	1
213441	0	0	1
213521	0	0	1
213528	0	0	1
213531	0	0	1
213537	0	0	1
213557	0	0	1
213679	0	0	1
213687	0	0	1
213720	0	0	1
213724	0	0	1
213770	1	0	0
213783	0	0	1
213885	0	1	0
214022	0	0	1
214318	0	0	1
214450	0	0	1
214609	0	0	1
214651	0	0	1
214805	0	0	1
214841	0	0	1
214876	0	0	2
214879	0	0	1
214881	0	0	1
214925	0	0	1
215174	1	0	0
215194	0	0	1
215349	0	0	1
215382	0	0	1
215383	0	0	1
215387	0	0	1
215471	0	0	1
215500	0	0	1
215510	0	0	1
215550	0	0	1
215560	0	0	1
215589	0	0	1
215607	0	0	1
215622	0	0	1
215684	0	0	1
215718	0	0	1
215780	0	0	1
215795	0	0	1
215818	0	0	1
215840	0	0	1
215936	0	0	1
215938	0	0	1
215999	0	0	1
216009	0	0	1
216017	0	0	1
216028	0	0	1
216036	0	0	1
216059	0	0	1
216091	0	0	1
216131	0	1	0
216197	0	0	1
216222	0	0	1
216244	0	0	1
216267	0	0	1
216281	1	0	0
216334	0	0	1
216382	0	0	1
216493	0	0	1
216515	0	0	1
216524	0	0	1
216748	0	0	1
216795	0	0	1
216831	0	0	1
216865	0	0	1
216948	0	0	1
216958	0	0	1
216965	0	0	1
217060	0	0	1
217070	0	0	1
217275	0	0	1
217292	0	0	1
217432	1	0	0
217567	0	1	0
217635	0	0	1
217653	0	0	1
217764	0	0	1
217783	0	0	1
218121	0	1	0
218328	0	0	1
218446	0	0	1
218467	0	0	1
218506	0	0	1
218525	0	0	1
218533	0	0	1
218537	0	0	1
218544	0	0	1
218653	1	0	0
218671	1	0	0
218720	0	0	1
218745	0	0	1
219139	0	0	1
219224	0	0	1
219255	0	1	0
219297	1	0	0
219385	0	0	1
219516	0	0	1
219799	0	1	0
220165	0	0	1
220221	0	0	1
220381	0	1	0
220427	0	0	1
220450	0	0	1
220492	0	0	1
220532	0	0	1
220555	0	0	1
220606	0	0	1
220778	1	0	1
220792	0	0	1
220798	0	0	1
220828	0	0	1
221001	0	0	1
221029	0	0	1
221552	0	0	1
221553	0	0	1
221697	0	0	1
221725	1	0	0
221867	0	0	1
221903	1	0	0
221928	0	0	2
221982	0	0	1
222107	1	0	0
222143	0	0	1
222323	0	0	1
222348	0	0	1
222361	0	0	1
222380	0	0	1
222555	0	1	0
222570	0	1	0
222621	0	0	1
222827	0	0	1
222952	0	0	1
222974	0	0	1
223019	0	0	1
223039	0	0	1
223073	0	0	1
223184	0	0	1
223190	0	0	1
223459	0	1	0
223528	0	0	1
223635	0	0	1
223661	0	0	1
223715	0	0	1
223718	0	0	1
223764	0	0	1
223813	0	0	1
223855	0	0	2
223992	1	0	0
224005	0	0	1
224035	0	0	1
224036	0	0	1
224076	1	0	0
224093	0	1	0
224098	0	0	1
224114	1	0	0
224121	2	0	0
224127	1	0	0
224130	1	0	0
224136	1	0	0
224140	1	0	0
224141	1	0	0
224143	1	0	0
224146	1	0	0
224148	2	0	0
224149	1	0	0
224150	1	0	0
224151	1	0	0
224155	1	0	0
224156	1	0	0
224158	1	0	0
224159	1	0	0
224160	1	0	0
224161	0	0	1
224167	1	0	0
224168	1	0	0
224174	1	0	0
224175	1	0	0
224177	2	0	0
224178	1	0	0
224181	2	0	0
224182	1	0	0
224189	1	0	0
224192	1	0	0
224219	0	0	1
224280	0	0	1
224717	0	1	0
224883	0	0	1
225392	0	0	1
225625	0	1	0
225889	1	0	0
226312	0	0	1
226512	0	0	1
227641	0	0	1
228095	1	0	0
228272	0	1	0
228434	1	0	0
228954	0	0	1
229903	0	0	1
229956	0	0	1
230097	0	1	0
230141	1	0	0
230202	0	0	1
230326	0	0	1
230415	0	0	1
230429	0	0	1
230684	0	0	1
230761	1	0	0
231071	0	1	0
231613	0	0	1
231935	0	1	0
232175	0	1	0
232325	0	0	1
232591	0	1	0
232647	0	0	1
232659	0	1	0
232661	0	0	1
232691	0	1	0
232714	0	0	1
232724	0	0	1
233075	1	0	0
233410	1	0	0
233533	0	1	0
233634	0	0	1
233818	0	0	1
234126	1	0	0
234577	1	0	0
235036	0	1	0
236052	0	0	1
236296	1	0	0
236990	0	0	1
238510	0	0	1
238701	0	0	1
238735	0	0	1
238907	0	1	0
238926	0	1	0
239161	0	0	1
239747	0	0	1
239892	0	1	0
239993	0	0	1
240184	0	0	1
240207	1	0	0
240793	0	0	1
240891	0	0	1
241243	1	0	0
241803	0	0	1
242143	0	1	0
242258	0	0	1
242362	0	1	0
242495	1	0	0
242988	0	1	0
243013	1	0	0
243054	0	0	1
243110	1	0	0
243228	0	0	1
243407	0	0	1
243558	0	0	1
243675	0	0	1
243819	0	0	1
243828	0	0	1
244090	0	0	1
244224	1	0	0
244272	0	0	1
244659	0	0	1
244723	0	0	1
244774	0	0	1
244820	0	1	0
245000	0	1	0
245013	0	0	1
245184	0	0	1
245222	0	0	1
245280	0	0	1
245307	0	0	1
245329	0	0	1
245575	0	0	1
245641	0	0	1
245681	0	1	0
245728	0	0	1
245835	0	0	1
245969	0	0	1
246039	0	0	1
246067	0	0	1
246078	0	0	1
246294	0	0	1
246398	0	0	1
246809	0	0	1
246912	0	0	1
246928	1	0	0
247202	0	0	1
247364	0	0	1
247564	0	0	1
248434	0	0	1
249317	0	0	1
249445	0	0	1
249519	1	0	0
249731	1	0	0
250062	0	1	0
250068	0	1	0
250219	0	1	0
250404	1	0	0
250451	0	0	1
250638	0	0	1
250683	0	0	1
250874	0	1	0
250944	0	1	0
252490	0	0	1
252686	1	0	0
253368	0	0	1
253929	0	0	1
254891	0	0	1
254947	0	1	0
255005	0	0	1
255130	1	0	0
255191	0	0	1
255223	0	0	1
255376	0	0	1
255441	0	0	1
255463	0	0	1
255470	0	0	1
255758	0	0	1
255789	0	1	0
256113	1	0	0
256227	1	0	0
256237	1	0	0
256325	1	0	0
256433	0	0	1
256926	1	0	0
257281	1	0	0
257925	0	0	1
258647	1	0	0
259201	1	0	0
259250	1	0	0
259288	0	1	0
259503	1	0	0
259505	1	0	0
259541	1	0	0
259807	0	0	1
259931	0	0	1
259993	1	0	0
260520	1	0	0
260575	1	0	0
260655	0	1	0
260693	0	1	0
260697	0	0	1
260862	0	0	1
260867	0	1	0
260923	0	0	1
261120	1	0	0
261340	0	0	1
261344	0	1	0
261595	0	0	1
261769	1	0	0
261834	1	0	0
261894	0	0	1
261988	1	0	0
262077	1	0	0
262299	1	0	0
262323	1	0	0
262391	0	0	1
262442	0	0	1
262452	0	1	0
262522	1	0	0
262905	0	0	1
263120	0	0	1
263481	0	0	1
263550	0	0	1
264291	0	0	1
264398	0	0	1
264852	0	0	1
264961	0	0	1
265010	0	0	1
265107	1	0	1
265351	0	0	1
265492	0	0	1
265624	0	0	1
265896	0	0	1
266413	0	0	1
266478	0	0	1
266569	0	0	1
266955	0	0	1
266961	0	0	1
267305	0	0	1
267369	1	0	0
267557	0	0	1
267891	0	0	1
268013	0	0	1
268262	0	0	1
268663	1	0	0
269361	0	0	1
269588	0	0	1
269873	0	0	1
269916	0	0	1
270856	1	0	0
270913	0	0	1
271223	0	0	1
271377	0	0	1
271420	0	1	0
272087	0	0	1
272598	0	1	0
274243	1	0	0
274681	1	0	0
275414	0	0	1
275706	0	1	0
276346	1	0	0
276389	0	0	1
276761	0	0	1
276797	0	1	0
276899	0	0	1
276930	0	0	1
277109	0	0	1
277163	0	0	1
277220	0	0	1
277432	0	0	1
277475	1	0	0
277939	1	0	0
277970	0	0	1
278558	1	0	0
278657	0	0	1
278770	1	0	0
278966	0	1	0
278973	0	0	1
279109	1	0	0
279333	1	0	0
279969	0	0	1
280113	0	1	0
280223	0	1	0
280293	0	1	0
280311	0	1	0
280360	0	1	0
280402	0	1	0
280414	0	1	0
280423	0	1	0
280695	0	1	0
280696	0	1	0
280734	0	0	1
280844	0	0	1
281027	1	0	0
281067	0	0	1
281084	1	0	0
281166	1	0	0
281312	0	0	1
281314	0	0	1
281336	0	0	1
281439	0	0	1
281454	0	0	1
281458	0	0	1
281736	0	0	1
281756	1	0	0
281757	0	0	1
281762	0	0	1
281772	0	0	1
281780	0	0	1
281785	0	0	1
281796	0	0	1
281849	0	0	1
281936	0	1	0
282264	0	0	1
282310	0	0	1
282463	1	0	0
282701	1	0	0
282838	0	0	1
283000	0	1	0
283011	0	0	1
283055	0	0	1
283066	0	1	0
283069	0	0	1
283071	0	1	0
283112	0	1	0
283143	0	0	1
283145	0	0	1
283164	0	0	1
283168	0	0	1
283270	0	0	1
283300	0	1	0
283711	1	0	0
284009	0	0	1
284484	0	0	1
284776	0	0	1
285031	0	0	1
285095	0	0	1
285225	0	0	1
285227	0	0	1
285774	1	0	0
285776	0	1	0
286142	0	0	1
286443	0	0	1
286468	0	0	1
286719	0	0	1
287339	0	0	1
287364	0	0	1
287655	1	0	0
288520	0	0	1
288790	0	0	1
288816	0	1	0
289046	1	0	0
289432	0	1	0
290301	0	1	0
290561	0	1	0
291148	1	0	0
292096	1	0	0
292301	0	0	1
292762	0	0	1
292963	0	0	1
293149	1	0	0
293241	0	0	1
294266	0	0	1
294533	0	1	0
294838	0	1	0
295192	0	1	0
295214	0	1	0
295389	0	1	0
295405	0	1	0
296144	0	1	0
296402	0	1	0
296498	0	0	1
297008	1	0	0
297232	1	0	0
297276	1	0	0
297334	0	1	0
297726	0	0	1
297863	0	2	0
298029	0	1	0
298182	0	1	0
298246	1	0	0
299778	0	1	0
300998	0	1	0
301900	0	1	0
303037	1	0	0
303498	0	0	1
303501	0	0	1
303508	0	0	1
303561	0	0	1
303615	0	0	1
303659	0	0	1
304998	0	0	1
305216	1	0	0
305276	0	1	0
305407	0	0	1
305885	1	0	0
305889	1	0	0
306325	0	0	1
306442	0	0	1
307579	0	1	0
307581	0	0	1
307649	0	0	1
307708	0	0	1
307923	0	1	0
308867	1	0	0
309306	0	0	1
309981	1	0	0
310039	0	1	0
310235	0	0	1
312417	0	0	1
312526	0	1	0
312533	1	0	0
312669	0	0	1
312797	0	0	1
312983	0	0	1
313011	0	0	1
313789	1	0	0
314108	0	1	0
314880	0	0	1
314910	0	0	1
314994	1	0	0
316735	0	1	0
317711	1	0	0
318977	0	0	1
319677	0	0	1
319879	0	1	0
320901	0	0	1
320933	0	0	1
320983	0	0	1
321266	0	0	1
321813	0	0	1
322128	0	0	1
322396	0	0	1
322989	0	1	0
323398	1	0	0
323720	0	0	1
323955	1	0	0
324161	0	0	1
324308	0	0	1
324506	0	0	1
324520	0	0	1
324540	0	0	1
324660	0	0	1
324915	0	0	1
325165	0	0	1
325483	0	0	1
325503	0	0	1
325540	0	0	1
325651	0	0	1
325679	0	0	1
326063	0	0	1
326083	0	0	1
326174	0	0	1
326263	0	0	1
326439	0	0	1
326536	0	1	0
327079	0	0	1
327117	0	0	1
327213	0	0	1
327237	0	0	1
327392	0	0	1
327395	0	0	1
327410	0	0	1
327587	0	0	1
327851	0	0	1
327859	0	0	1
328657	0	0	1
329009	0	0	1
329086	0	0	1
329122	0	0	1
329186	0	0	1
329234	1	0	0
329239	0	0	1
329276	0	0	1
329307	0	0	1
329381	0	0	1
329391	0	0	1
329413	0	0	1
329438	0	0	1
329443	0	0	1
329453	0	0	1
329536	0	0	1
329543	0	0	1
329608	0	0	1
329620	0	0	1
329662	0	0	1
329708	0	0	1
329715	0	0	1
329730	0	0	1
329738	0	0	1
329752	0	0	1
329847	0	0	1
329851	0	0	1
330172	0	0	1
330505	0	0	1
330712	0	0	1
331730	0	0	1
331852	0	1	0
332173	1	0	0
332463	0	0	1
332533	0	0	1
332564	0	0	1
332589	0	0	1
332594	0	0	1
333083	1	0	0
333089	0	0	1
333415	0	0	1
333465	0	1	0
334188	0	0	1
334271	0	0	1
334284	0	1	0
335238	0	0	1
335710	1	0	0
335748	0	0	1
335893	0	0	1
336045	0	0	1
336216	0	0	1
336476	1	0	0
337319	0	1	0
337509	0	0	1
337864	0	1	0
338013	0	0	1
339025	0	0	1
339267	1	0	0
339811	0	0	1
340079	1	0	0
340226	0	0	1
340312	0	1	0
340540	0	1	0
340564	0	1	0
340567	0	0	1
340583	0	0	1
340632	0	1	0
340687	0	1	0
340701	0	1	0
340863	0	0	1
340962	0	1	0
341054	0	0	1
341066	0	0	1
341072	0	0	1
341207	1	0	0
341337	0	0	1
341428	1	0	0
341766	1	0	0
341790	1	0	0
341799	1	0	0
341871	1	0	0
341873	1	0	0
342175	0	0	1
342637	0	0	1
342716	0	0	1
343000	1	0	0
343248	0	0	1
343497	0	0	1
344311	0	0	1
345075	0	0	1
346554	0	0	1
346935	0	0	1
347392	0	1	0
347928	1	0	0
349037	0	0	1
349666	0	0	1
351383	0	1	0
352376	0	0	1
352471	0	0	1
352664	0	1	0
352878	1	0	0
353073	1	0	0
353310	0	0	1
353674	1	0	0
353675	1	0	0
354213	0	0	1
354342	0	0	1
354352	0	0	1
354469	0	0	1
354675	0	1	0
354749	1	0	0
354760	1	0	0
354781	1	0	0
354810	1	0	0
355762	0	1	0
355882	0	0	1
355950	0	0	1
355962	0	1	0
355976	0	0	1
356483	1	0	0
356509	1	0	0
356718	1	0	0
356994	0	1	0
357014	0	0	1
357144	0	0	1
357153	0	2	0
357217	0	1	0
359164	0	0	1
359173	0	1	0
359236	0	1	0
359788	0	0	1
360210	0	0	1
360630	1	0	0
361150	0	0	1
361361	0	0	1
361771	0	0	1
361907	0	0	1
362003	0	0	1
362343	0	0	1
362876	0	0	1
363045	0	0	1
363350	0	0	1
363705	0	1	0
364142	1	0	0
364161	0	0	1
364392	1	0	0
364441	0	2	0
364527	0	1	0
366245	0	1	0
366558	0	0	1
367279	0	0	1
368038	0	0	1
368122	1	0	0
369563	1	0	0
369588	1	0	0
370085	0	0	1
370849	0	0	1
371366	0	0	1
371431	0	0	1
371574	0	0	1
372090	1	0	0
373515	0	1	0
373947	0	1	0
374000	0	0	1
374132	0	0	1
374161	0	0	1
374553	0	0	1
374780	0	0	1
374868	0	0	1
374995	0	0	1
376580	0	1	0
376860	0	0	1
376989	0	1	0
377005	1	0	0
377226	0	0	1
377533	0	1	0
377672	0	0	1
377948	0	0	1
378256	0	0	1
378523	1	0	0
378738	0	0	1
379309	0	0	1
382707	0	0	1
383158	0	0	1
383505	1	0	0
383794	0	1	0
383903	0	0	1
385894	0	1	0
387810	1	0	0
388351	0	0	1
389137	0	0	1
389450	0	0	1
390851	0	1	0
391709	0	1	0
392231	0	0	1
392534	0	0	1
392810	0	0	1
392986	0	1	0
393497	0	0	1
394291	0	1	0
394690	1	0	0
395028	0	1	0
395516	0	0	1
396988	1	0	0
397013	1	0	0
397077	0	1	0
397099	0	1	0
397364	0	0	1
397470	0	0	1
397605	1	0	0
398621	0	1	0
398933	0	0	1
399801	1	0	0
399908	0	1	0
400430	0	0	1
400583	1	0	0
401593	1	0	0
401606	0	0	1
402030	0	0	1
402319	0	0	1
402875	1	0	0
402968	0	1	0
403258	0	1	0
403417	0	0	1
404378	1	0	0
404510	0	0	1
404964	1	0	0
404972	0	0	1
406267	0	0	1
406735	0	0	1
407149	0	0	1
407237	1	0	0
407605	1	0	0
408408	0	0	1
409566	0	1	0
410128	0	0	1
410948	0	1	0
412146	0	0	1
417055	1	0	0
417272	0	1	0
417429	0	0	1
417485	0	1	0
417510	0	0	1
418068	0	0	1
418124	1	0	0
418830	0	0	1
419021	0	0	1
419252	0	0	1
419796	0	0	1
420389	0	0	1
420479	0	0	1
420482	0	1	0
420779	0	0	1
421350	0	0	1
421656	0	0	1
422254	0	0	1
422914	0	0	1
423414	0	0	1
424194	0	0	1
424363	0	0	1
424454	0	0	1
424869	0	0	2
425441	0	0	1
425826	1	0	0
425915	0	0	1
427436	1	0	0
427505	0	1	0
429235	0	0	1
430744	0	0	1
431761	0	0	1
431840	0	0	1
432271	0	0	1
432416	0	0	1
432439	0	0	1
432441	1	0	0
432632	0	0	1
432745	0	0	1
432752	0	0	1
432835	0	0	1
432866	0	0	1
432875	0	0	1
432877	1	0	0
433038	0	0	1
433324	0	0	1
433461	0	0	1
433662	0	0	1
433829	0	0	1
433836	0	0	1
433867	0	0	1
433873	0	0	1
434129	0	0	1
434251	0	0	1
434308	0	0	1
434322	0	0	1
434716	0	0	1
434885	0	0	1
435150	0	1	0
436375	1	0	0
436555	0	0	1
437507	0	0	1
437517	0	0	1
437595	0	0	1
437672	0	0	1
438462	0	0	1
439480	0	0	1
440381	1	0	0
440562	0	0	1
440761	0	0	1
440910	0	0	1
441180	1	0	0
442330	0	0	1
444114	0	0	1
444369	1	0	0
444430	1	0	0
444967	0	0	1
445010	1	0	0
445228	0	0	1
445436	0	0	1
445866	0	1	0
445884	1	0	0
445935	0	1	0
446094	0	0	1
446322	0	0	1
446592	0	0	1
446793	0	0	1
446801	0	0	1
446804	0	0	1
446812	0	0	1
446873	0	0	1
446876	0	0	1
447180	0	0	1
447354	0	0	1
447586	0	0	1
447830	0	0	1
448310	0	0	1
448486	0	0	1
448788	0	0	1
448810	0	0	1
448897	0	0	1
449293	0	0	1
449433	0	0	1
449458	0	1	0
449618	0	0	1
450109	1	0	0
450698	0	0	1
450705	1	0	0
450741	0	0	1
450744	0	0	1
450802	0	1	0
450827	0	0	1
450926	0	0	1
450956	0	0	1
450972	0	0	1
451011	0	0	1
451030	0	0	1
451067	1	0	1
451175	0	0	1
451229	0	0	1
451274	0	0	1
451291	0	0	1
451301	0	0	1
451321	0	0	1
451342	0	0	1
451353	0	0	1
451359	0	0	1
451522	0	0	1
451560	0	0	1
451625	0	0	2
451648	0	0	1
451659	0	0	1
451672	0	0	1
451792	0	0	1
451951	0	0	1
451964	0	0	1
451974	0	0	1
451985	0	0	1
452082	0	0	1
452191	0	0	1
452456	0	1	0
452934	0	0	1
453518	0	0	1
453532	1	0	0
453541	0	0	1
453563	0	0	1
453589	0	0	1
454283	0	0	1
454324	0	0	1
454550	0	0	1
454552	0	0	1
454566	0	0	1
454574	0	0	1
454597	0	0	1
454600	0	0	2
454609	0	0	1
454617	0	0	1
454628	0	0	1
454635	0	0	1
454651	0	0	1
454656	0	0	1
454658	0	0	1
454659	0	0	1
454665	0	0	1
454668	0	0	1
454676	0	0	1
454780	0	0	1
458639	0	0	1
459514	0	1	0
460505	0	1	0
461398	1	0	0
462481	0	0	1
462982	1	0	0
463279	1	0	0
463583	0	0	1
464210	1	0	0
464690	0	0	1
466274	0	0	1
466624	0	0	1
466687	0	1	0
466815	0	0	1
467038	0	0	1
468765	0	0	1
469520	0	0	1
469700	0	0	1
470048	0	0	1
470729	0	0	1
471043	0	0	1
471146	0	0	1
471469	0	0	1
471498	1	0	0
472339	0	0	1
472341	0	0	1
472361	0	0	1
472367	1	0	0
472392	0	0	1
472841	0	1	0
472932	1	0	0
473555	1	0	0
473575	1	0	0
473609	1	0	0
473616	1	0	0
473630	1	0	0
473699	1	0	0
474106	0	0	1
474984	0	0	1
475435	0	0	1
476143	0	1	0
476315	0	1	0
476366	0	1	0
476415	0	1	0
476471	0	1	0
476516	0	1	0
476537	0	1	0
476621	0	1	0
476900	0	1	0
476917	0	1	0
476918	0	1	0
476929	0	2	0
476935	0	1	0
477206	1	0	0
477221	1	0	0
477295	1	0	0
477330	1	0	0
477335	1	0	0
477436	1	0	0
477678	1	0	0
477700	1	0	0
477753	1	0	0
477762	1	0	0
477822	1	0	0
477950	1	0	0
477984	0	0	1
479308	0	0	1
480918	0	0	1
481930	1	0	0
482040	0	0	1
484839	1	0	0
485466	0	0	1
486596	0	1	0
486802	0	0	1
487199	0	1	0
488623	1	0	0
488789	1	0	0
489476	1	0	0
489685	0	0	1
490731	0	1	0
491305	0	0	1
491371	0	0	1
491648	0	0	1
492302	0	0	1
492389	0	0	1
492810	0	0	1
497956	1	0	0
498017	0	0	1
498488	0	0	1
500226	1	0	0
500500	1	0	0
502880	1	0	0
503631	0	1	0
505882	0	0	1
506855	0	0	1
508117	0	0	1
509529	0	0	1
510835	0	0	1
511194	0	0	1
511310	1	0	0
513278	1	0	0
514237	1	0	0
514914	0	1	0
515534	0	1	0
517278	1	0	0
517316	1	0	0
517986	0	0	1
518846	1	0	0
519006	0	0	1
519758	0	0	1
519911	1	0	0
521487	1	0	0
522275	0	0	1
523168	0	0	1
523774	0	0	1
530685	0	1	0
531114	0	1	0
531850	0	1	0
533060	0	1	0
533913	0	0	1
535279	1	0	0
535960	0	1	0
536659	1	0	0
536816	0	0	1
541462	0	0	1
541920	0	1	0
542740	0	0	1
543460	1	0	0
543590	0	1	0
543965	0	0	1
544004	0	0	1
544168	0	0	1
544636	0	0	1
544740	0	0	1
547699	1	0	0
547852	1	0	0
548125	0	1	0
548683	0	0	1
549076	0	0	1
550192	0	1	0
552892	0	0	1
553362	0	0	1
554185	0	0	1
554208	0	0	1
554894	1	0	0
555924	1	0	0
556314	0	0	1
556347	0	0	1
556357	0	0	1
556368	0	0	1
556370	0	0	1
556371	0	0	1
556375	0	0	1
556392	0	0	1
556422	0	0	1
556432	0	0	1
556447	0	0	1
556507	0	0	1
556545	0	0	1
556814	0	0	1
556944	1	0	0
557472	0	0	1
557476	0	1	0
557736	0	0	1
557978	0	0	1
558058	0	0	1
558253	0	0	1
558530	0	0	1
558681	0	0	1
558713	0	0	1
558784	0	0	1
559068	0	0	1
559087	0	0	1
559107	0	1	0
559134	0	0	1
559675	0	0	1
559848	0	1	0
559905	0	0	1
560026	1	0	0
560434	0	0	1
560879	0	0	1
560940	0	0	1
562253	0	0	1
562285	0	1	0
562725	0	0	1
562808	0	0	1
562870	0	0	1
562911	0	0	1
562924	0	0	1
563016	0	0	1
563068	0	0	1
563199	1	0	0
563623	0	0	1
563771	0	0	1
563783	0	0	1
564334	0	0	1
564502	0	0	1
564626	0	0	1
564643	0	0	1
564733	0	0	1
564813	0	0	1
564820	0	0	1
564822	0	0	1
564830	0	0	1
564850	0	0	1
564905	0	0	1
564912	0	0	1
564929	0	0	1
564963	0	0	1
564975	0	0	1
564980	0	0	1
565268	1	0	0
565325	0	1	0
565389	1	0	0
565481	0	0	1
565617	0	0	1
565736	0	0	1
566637	0	0	1
566828	0	0	1
568068	0	0	1
568137	0	0	1
572121	1	0	0
572416	0	0	1
573541	1	0	0
573660	1	0	0
574865	0	1	0
574946	0	0	1
575248	0	0	1
575401	0	0	1
575452	0	0	1
575490	1	0	0
577830	0	1	0
577969	0	0	1
578300	0	0	1
578605	0	1	0
579026	0	1	0
579963	0	0	1
580386	0	0	1
580560	0	0	1
580815	1	0	0
581593	0	0	1
581707	0	0	1
581788	0	0	1
582284	0	1	0
584997	0	0	1
585910	1	0	0
586398	0	0	1
586406	0	0	1
586407	0	0	1
586412	0	0	1
586414	0	0	1
586427	0	0	1
586429	0	0	1
586452	0	0	1
586466	0	0	1
586484	0	0	2
586488	0	0	1
586489	0	0	1
586491	0	0	1
586498	0	0	1
586514	0	0	1
586515	0	0	1
586587	0	0	1
586632	0	0	1
587335	0	0	1
589762	0	0	1
591744	0	1	0
592354	0	1	0
592647	0	0	1
593547	0	0	1
593720	0	0	1
596724	0	1	0
596831	0	1	0
596961	0	0	1
599595	1	0	0
604125	0	0	1
604696	0	0	1
605443	0	0	1
610262	1	0	0
616695	0	0	1
620601	0	0	1
621951	0	1	0
625936	0	0	1
628014	0	0	1
630128	1	0	0
635133	0	0	1
636429	1	0	0
638677	1	0	0
641456	1	0	0
643695	0	0	1
651263	0	0	1
653792	0	0	1
656158	1	0	0
656903	1	0	0
657902	0	1	0
659314	0	1	0
660247	0	0	1
665507	1	0	0
667436	1	0	0
670741	1	0	0
673727	0	0	1
673745	0	0	1
674136	1	0	0
674390	0	0	1
675320	1	0	0
675360	0	1	0
677346	0	0	1
678137	0	0	1
678147	0	1	0
680193	0	0	1
680820	0	1	0
681573	1	0	0
681902	1	0	0
683064	0	0	1
685448	1	0	0
686820	1	0	0
687686	0	0	1
687838	0	0	1
688275	0	1	0
688929	0	0	1
692677	0	0	1
695315	0	0	1
696584	0	0	1
696749	0	0	1
696781	0	0	1
696813	0	0	1
697580	0	0	1
697846	0	0	1
699828	0	1	0
700694	1	0	0
706111	0	0	1
706523	0	0	1
707151	0	0	1
708613	0	0	1
711254	0	1	0
715372	0	0	1
715595	1	0	0
716000	0	0	1
716257	1	0	0
717560	0	0	1
718902	0	1	0
721004	1	0	0
721549	0	0	1
722820	0	1	0
723239	0	0	1
724974	0	0	1
727148	0	0	1
729068	0	1	0
730435	0	0	1
730588	0	0	1
730597	0	0	1
731606	1	0	0
732055	0	0	1
732265	0	0	1
733157	0	0	1
733797	0	1	0
735316	0	1	0
740586	0	1	0
741178	0	1	0
742838	0	0	1
744189	0	0	1
744251	0	1	0
744913	0	0	1
744964	0	0	1
745429	0	0	1
745609	0	0	1
745736	0	0	1
746463	0	0	1
746500	0	0	1
747009	0	0	1
747234	1	0	0
747584	0	1	0
747730	0	1	0
747914	0	0	1
748272	0	1	0
749051	0	0	1
749181	0	0	1
749614	0	0	1
749617	0	0	1
749629	0	0	1
749642	0	0	1
749648	0	0	1
749660	0	0	1
749661	0	0	1
749905	0	0	1
750117	0	0	1
750176	0	0	1
750544	0	0	1
750555	0	0	1
750623	0	0	1
751433	0	1	0
751614	0	0	1
751705	0	0	1
751736	0	0	1
751991	0	0	1
752102	0	0	1
752383	0	0	1
752805	0	0	1
752878	0	0	1
753049	0	0	1
757156	0	0	1
760210	1	0	0
760926	1	0	0
760934	1	0	0
760936	2	0	0
760945	2	0	0
760958	1	0	0
760961	1	0	0
760964	2	0	0
760969	1	0	0
760976	1	0	0
760987	1	0	0
760996	1	0	0
761005	1	0	0
761009	1	0	0
761012	1	0	0
761052	1	0	0
761099	1	0	0
763457	0	0	1
764568	0	0	1
765039	0	0	1
770749	0	1	0
780273	0	1	0
783722	0	0	1
786075	1	0	0
786830	0	1	0
787052	0	1	0
787208	0	1	0
787325	0	1	0
787348	0	1	0
787384	0	1	0
787387	0	1	0
787406	0	1	0
787424	0	1	0
787431	0	1	0
787433	0	1	0
787649	1	0	0
787721	0	1	0
787726	0	1	0
787766	0	1	0
787770	0	1	0
787779	0	1	0
787782	0	0	1
787828	0	1	0
787855	0	1	0
787895	0	0	1
787897	0	1	0
787933	1	0	0
788121	1	0	0
788126	0	0	1
788135	1	0	0
788147	1	0	0
788151	1	0	0
788164	1	0	0
788176	1	0	0
788180	1	0	0
788182	1	0	0
788212	1	0	0
788244	1	0	0
788504	1	0	0
788540	1	0	0
788552	1	0	0
788666	1	0	0
788680	1	0	0
788811	1	0	0
789043	0	0	1
789887	0	0	1
790305	0	0	1
790400	0	0	1
790507	0	0	1
790526	0	0	1
790608	0	0	1
790613	0	0	1
791076	1	0	0
791224	1	0	0
792412	0	0	1
792465	0	0	1
792542	0	0	1
792860	1	0	0
792880	0	0	1
793192	0	0	1
793305	0	0	1
793325	0	0	1
793364	0	0	1
793684	0	0	1
794436	0	0	1
794453	0	0	1
794696	0	0	1
795032	0	0	1
795106	0	0	1
795790	0	0	1
795887	0	0	1
796034	0	0	1
796038	0	0	1
796060	0	0	1
796065	0	0	1
796141	0	0	1
796158	0	0	1
796374	0	0	1
796916	0	1	0
797111	0	0	1
797124	0	0	1
797156	0	0	1
797181	0	1	0
797701	0	0	1
797759	0	0	1
797883	0	0	1
797933	0	0	1
797958	0	0	1
797990	0	0	1
798011	0	0	1
798074	0	0	1
798134	0	0	1
798369	0	0	1
798406	0	0	1
798408	0	0	1
798427	0	0	1
798487	1	0	0
798637	0	0	1
799172	0	0	1
799226	0	0	1
800696	0	1	0
802126	0	0	1
802885	0	0	1
803023	0	0	1
806042	0	0	1
808018	0	0	1
811070	0	0	1
811071	1	0	0
811407	0	1	0
811418	1	0	0
811901	0	0	1
812722	0	0	1
818133	1	0	0
818493	0	0	1
819417	0	0	1
820926	1	0	0
820988	0	0	1
823434	1	0	0
832153	0	1	0
843458	0	0	1
847076	0	0	1
848318	0	0	1
848898	0	1	0
851314	1	0	0
851443	0	0	1
852885	1	0	0
853388	0	1	0
853578	1	0	0
858439	0	0	1
861877	0	0	1
864225	0	0	1
864812	1	0	0
869522	0	0	1
882937	0	1	0
899892	0	0	1
906134	1	0	0
909206	0	0	1
912510	0	0	1
927120	0	1	0
930497	1	0	0
933466	1	0	0
937784	0	0	1
942122	0	1	0
942675	0	0	1
943131	0	0	1
944910	0	0	1
945112	0	0	1
945717	0	0	1
946598	0	0	1
952619	0	0	1
969696	0	0	1
970996	1	0	0
972819	0	1	0
973953	0	0	1
980427	0	0	1
984295	0	0	1
993338	0	0	1
998500	1	0	0
1001015	1	0	0
1009029	0	1	0
1009872	1	0	0
1012247	0	0	1
1012751	0	1	0
1022258	1	0	0
1034559	0	0	1
1053194	0	0	1
1055771	0	0	1
1060748	0	0	1
1061244	0	0	1
1061245	0	0	1
1061398	0	0	1
1061781	0	0	1
1062157	0	0	1
1062167	0	0	1
1062258	0	0	1
1062266	0	0	1
1062297	0	0	1
1063344	0	0	1
1063922	0	0	1
1064062	0	0	1
1064528	0	0	1
1064603	0	0	1
1066157	1	0	0
1067612	0	0	1
1067750	0	0	1
1067778	0	0	1
1067780	0	0	1
1067781	0	0	1
1068424	0	0	1
1069493	0	0	1
1069587	0	0	1
1071915	0	0	1
1076655	0	0	1
1089144	0	1	0
1092036	0	1	0
1111362	1	0	0
1123935	0	0	1
1137630	0	0	1
1163101	1	0	0
1164374	0	1	0
1169177	0	0	1
1196254	1	0	0
1200466	1	0	0
1227223	1	0	0
1227239	1	0	0
1228146	0	0	1
1239916	0	0	1
1240879	0	0	1
1271245	0	0	1
1274916	1	0	0
1293790	0	1	0
1297098	0	0	1
1300748	1	0	0
1311628	0	0	1
1311828	0	0	1
1339766	0	0	1
1362331	0	1	0
1371510	0	0	1
1411867	0	0	1

