## htsjdk.samtools.metrics.StringHeader
# CollectInsertSizeMetrics --Histogram_FILE /u/home/s/samdemar/project-guillom/upf1_rrp6/7_INSERT_HISTOGRAMS/UPF1_2YP_1.fq.gz_hist.pdf --DEVIATIONS 1.0E7 --MINIMUM_PCT 0.0 --INPUT /u/home/s/samdemar/project-guillom/upf1_rrp6/4_REMOVE_PCR/UPF1_2YP_1.fq.gz.bam --OUTPUT /u/home/s/samdemar/project-guillom/upf1_rrp6/7_INSERT_HISTOGRAMS/UPF1_2YP_1.fq.gz_output.txt --METRIC_ACCUMULATION_LEVEL ALL_READS --INCLUDE_DUPLICATES false --ASSUME_SORTED true --STOP_AFTER 0 --VERBOSITY INFO --QUIET false --VALIDATION_STRINGENCY STRICT --COMPRESSION_LEVEL 5 --MAX_RECORDS_IN_RAM 500000 --CREATE_INDEX false --CREATE_MD5_FILE false --GA4GH_CLIENT_SECRETS client_secrets.json --help false --version false --showHidden false --USE_JDK_DEFLATER false --USE_JDK_INFLATER false
## htsjdk.samtools.metrics.StringHeader
# Started on: Mon Nov 15 17:18:02 PST 2021

## METRICS CLASS	picard.analysis.InsertSizeMetrics
MEDIAN_INSERT_SIZE	MODE_INSERT_SIZE	MEDIAN_ABSOLUTE_DEVIATION	MIN_INSERT_SIZE	MAX_INSERT_SIZE	MEAN_INSERT_SIZE	STANDARD_DEVIATION	READ_PAIRS	PAIR_ORIENTATION	WIDTH_OF_10_PERCENT	WIDTH_OF_20_PERCENT	WIDTH_OF_30_PERCENT	WIDTH_OF_40_PERCENT	WIDTH_OF_50_PERCENT	WIDTH_OF_60_PERCENT	WIDTH_OF_70_PERCENT	WIDTH_OF_80_PERCENT	WIDTH_OF_90_PERCENT	WIDTH_OF_95_PERCENT	WIDTH_OF_99_PERCENT	SAMPLE	LIBRARY	READ_GROUP
265	259	38	2	1272037	284.960126	2300.048637	17970090	FR	15	29	45	61	77	97	121	153	205	257	497			
258	55662	233	2	1194939	46861.104796	129601.814959	3941	RF	155	251	349	417	467	511	5401	110809	198767	560237	1574007			
184	186	68	2	1443891	58737.893297	159781.315372	8369	TANDEM	27	51	79	107	137	175	229	907	436677	837413	1591767			

## HISTOGRAM	java.lang.Integer
insert_size	All_Reads.fr_count	All_Reads.rf_count	All_Reads.tandem_count
2	18	12	2
3	17	11	0
4	16	5	1
5	18	11	0
6	13	18	0
7	24	17	0
8	12	19	0
9	11	12	1
10	22	14	1
11	18	17	0
12	23	20	0
13	24	17	0
14	20	17	1
15	17	16	1
16	17	15	1
17	22	11	2
18	19	25	0
19	1504	19	1
20	59	20	1
21	73	19	3
22	862	20	1
23	45	19	2
24	61	30	4
25	85	24	3
26	73	17	7
27	57	19	5
28	223	15	7
29	56	22	4
30	426	19	3
31	45	21	12
32	245	17	6
33	98	11	5
34	58	16	8
35	296	15	6
36	58	18	4
37	65	19	13
38	56	13	4
39	101	19	10
40	71	8	11
41	82	11	7
42	572	14	6
43	187	12	12
44	620	9	9
45	130	16	7
46	146	3	12
47	122	12	8
48	150	13	10
49	157	17	6
50	136	9	12
51	1512	11	9
52	168	8	6
53	117	13	15
54	626	9	18
55	222	13	9
56	144	12	12
57	146	9	15
58	566	18	14
59	141	11	19
60	155	10	15
61	213	8	12
62	164	9	19
63	257	14	13
64	215	13	14
65	249	7	13
66	285	9	18
67	237	14	13
68	258	15	21
69	219	9	18
70	265	9	19
71	265	10	17
72	331	11	17
73	336	5	20
74	364	11	19
75	467	12	22
76	366	7	17
77	404	8	17
78	447	4	11
79	468	3	12
80	538	8	17
81	563	12	22
82	569	9	23
83	519	8	26
84	562	12	23
85	679	8	24
86	743	6	26
87	743	5	21
88	801	5	22
89	808	8	20
90	937	7	27
91	895	10	29
92	992	7	23
93	951	8	28
94	1093	5	30
95	1670	6	28
96	1103	6	33
97	1158	3	26
98	1282	6	28
99	1411	8	24
100	1422	10	27
101	1491	8	38
102	1711	7	33
103	1786	5	34
104	1785	9	32
105	1908	6	34
106	1967	5	32
107	2426	9	27
108	2242	11	36
109	2345	4	26
110	2452	9	37
111	2616	5	47
112	2704	12	26
113	2814	9	39
114	3166	6	30
115	3290	11	34
116	3335	6	27
117	3417	10	43
118	3700	7	40
119	3917	5	39
120	3990	3	43
121	4490	5	34
122	4434	6	36
123	4518	4	38
124	4824	5	42
125	4790	7	30
126	5290	9	40
127	5518	4	38
128	5786	3	41
129	6004	2	36
130	6277	7	35
131	6582	7	47
132	6828	3	36
133	6994	10	41
134	7199	5	37
135	7546	7	51
136	7760	5	30
137	8230	12	30
138	8273	5	41
139	9214	6	40
140	9583	7	38
141	9968	6	37
142	10572	2	41
143	10342	3	35
144	11023	5	38
145	11594	10	38
146	11888	7	47
147	12073	9	32
148	12852	6	40
149	13225	13	25
150	13813	4	34
151	14431	6	40
152	14747	7	39
153	15653	7	33
154	16090	7	34
155	16602	4	39
156	17128	2	30
157	17858	7	35
158	18702	2	33
159	19188	5	22
160	20069	7	41
161	21122	6	45
162	21242	8	42
163	22208	4	46
164	22918	4	38
165	23476	6	37
166	24735	8	31
167	25050	4	38
168	25649	7	33
169	26551	4	30
170	27696	5	37
171	28240	4	40
172	29405	6	40
173	30776	6	37
174	31449	5	35
175	32991	4	30
176	33803	3	27
177	34476	6	31
178	35588	6	38
179	36816	8	38
180	37795	3	32
181	39113	3	31
182	40284	7	27
183	40862	2	35
184	42622	3	30
185	43421	5	33
186	44274	4	53
187	46223	4	31
188	46769	1	26
189	48373	2	29
190	49733	7	37
191	51100	5	25
192	52411	9	36
193	53965	3	24
194	55514	5	27
195	56054	3	30
196	57844	1	31
197	59609	3	36
198	60520	1	31
199	62554	2	28
200	63658	5	34
201	64544	5	35
202	66599	6	22
203	68161	7	23
204	70115	3	30
205	70899	6	29
206	72452	4	30
207	73078	6	35
208	75347	1	27
209	77045	7	36
210	77989	2	24
211	80325	3	31
212	82305	2	23
213	82929	2	21
214	84721	2	23
215	86689	2	24
216	87959	2	31
217	89564	5	20
218	91731	4	38
219	92339	3	26
220	94410	4	32
221	95630	1	21
222	96737	3	20
223	98821	2	15
224	100082	2	24
225	101481	4	30
226	102637	3	18
227	104516	1	23
228	105265	5	18
229	106859	2	25
230	107615	1	25
231	108068	4	24
232	110581	3	20
233	112031	5	18
234	112725	3	25
235	114269	5	18
236	115233	5	19
237	116069	2	19
238	117192	2	21
239	118131	1	25
240	119321	2	14
241	120799	2	16
242	121800	1	10
243	121551	5	20
244	123273	1	20
245	124732	2	16
246	124750	3	11
247	125845	1	15
248	125590	2	14
249	125560	4	21
250	126104	4	17
251	127056	1	16
252	127173	4	11
253	127151	2	25
254	127623	2	15
255	127067	3	15
256	128010	3	20
257	127820	4	13
258	127959	6	12
259	128679	3	14
260	127894	2	6
261	127374	3	13
262	127692	1	8
263	126938	4	10
264	127301	1	12
265	127295	1	12
266	127320	1	11
267	126280	3	10
268	126821	1	12
269	126166	2	8
270	124654	1	12
271	124330	2	13
272	124086	3	8
273	123300	2	8
274	123252	2	10
275	122638	2	13
276	120855	1	11
277	120751	1	16
278	119514	0	6
279	119081	4	9
280	118219	3	9
281	117704	2	2
282	116258	1	10
283	115901	2	4
284	114527	0	8
285	113710	4	3
286	112854	5	8
287	112014	1	10
288	110086	1	8
289	109504	0	6
290	108328	4	10
291	106945	3	11
292	105541	2	7
293	104623	1	6
294	102981	2	6
295	102425	1	6
296	101381	1	11
297	99547	2	9
298	98495	0	7
299	97991	3	9
300	95910	1	4
301	94507	0	7
302	93142	1	3
303	91736	1	6
304	90750	2	4
305	89304	1	9
306	88026	1	4
307	87239	1	7
308	85928	0	6
309	84496	2	6
310	83443	1	4
311	82069	0	5
312	80792	2	4
313	79652	2	4
314	77662	0	4
315	76770	0	7
316	75389	1	8
317	74574	0	3
318	72650	2	6
319	71940	2	8
320	71428	0	6
321	69443	5	4
322	67752	3	6
323	66785	5	2
324	64950	2	1
325	64284	3	3
326	63408	1	2
327	61780	0	5
328	60696	1	5
329	59576	2	7
330	58810	3	2
331	57424	3	2
332	55977	2	2
333	54929	3	3
334	54452	1	1
335	53193	7	4
336	51862	2	2
337	51211	3	1
338	50039	3	4
339	48477	8	4
340	47815	1	1
341	46733	3	5
342	45807	1	3
343	44901	2	2
344	43859	4	0
345	42699	3	0
346	41891	1	0
347	41061	3	2
348	39780	3	5
349	39379	3	3
350	38607	3	2
351	37778	3	3
352	36753	1	2
353	35706	2	7
354	35022	3	1
355	34458	1	1
356	34205	5	1
357	33044	1	2
358	32020	3	1
359	31304	6	1
360	30395	2	1
361	30072	2	1
362	29387	1	0
363	28257	1	3
364	27683	4	1
365	27377	0	2
366	26301	2	0
367	25799	1	0
368	25357	2	1
369	24329	2	1
370	24304	1	2
371	23339	4	0
372	22731	1	3
373	22564	1	0
374	21914	2	1
375	21248	1	2
376	20943	3	1
377	20229	1	0
378	19621	3	2
379	19190	1	3
380	18863	4	2
381	18391	2	2
382	17864	1	1
383	17520	2	1
384	17126	0	2
385	16439	4	0
386	16322	0	0
387	15738	0	1
388	15335	0	1
389	14837	0	0
390	14643	1	1
391	14229	1	1
392	14065	1	1
393	13667	1	0
394	13055	0	1
395	12774	2	2
396	12673	0	0
397	12528	3	0
398	12063	2	0
399	11750	2	2
400	11607	1	2
401	11114	2	0
402	11178	4	1
403	10686	2	0
404	10466	1	0
405	10131	3	0
406	10008	3	1
407	9664	0	0
408	9434	3	1
409	9147	2	2
410	8776	2	0
411	8753	0	2
412	8606	1	2
413	8337	0	0
414	8085	0	0
415	7783	1	1
416	7832	2	0
417	7568	0	0
418	7252	2	0
419	7234	2	2
420	7116	1	1
421	6845	1	0
422	6640	1	0
423	6557	2	0
424	6411	1	3
425	6400	2	1
426	5954	1	0
427	5795	1	0
428	5681	0	0
429	5599	1	0
430	5540	3	0
431	5434	2	1
432	5171	0	0
433	5097	1	0
434	5007	1	0
435	4923	1	0
436	4830	3	1
437	4671	8	0
438	4554	2	0
439	4392	2	1
440	4334	0	0
441	4183	1	1
442	4137	3	1
443	4067	4	0
444	3925	1	0
445	3787	1	1
446	3702	2	0
447	3665	1	0
448	3656	2	0
449	3494	0	0
450	3464	1	1
451	3225	1	0
452	3296	0	0
453	3197	1	0
454	3173	3	0
455	3043	5	1
456	2945	1	0
457	2900	1	0
458	2874	1	0
459	2709	0	1
460	2780	2	0
461	2660	1	0
462	2567	0	0
463	2631	0	0
464	2598	2	0
465	2533	2	0
466	2390	2	0
467	2402	0	2
468	2310	2	0
469	2247	0	0
470	2314	1	0
471	2104	1	0
472	2121	0	1
473	2066	2	0
474	1953	0	1
475	1928	2	0
476	1968	1	0
477	1897	0	0
478	1878	2	0
479	1801	1	0
480	1827	0	1
481	1759	1	0
482	1702	0	0
483	1648	2	0
484	1644	1	1
485	1614	1	0
486	1532	0	2
487	1563	0	0
488	1572	1	0
489	1575	0	0
490	1534	0	0
491	1422	0	0
492	1410	0	0
493	1386	0	0
494	1372	1	0
495	1409	1	0
496	1352	2	0
497	1304	2	0
498	1279	1	0
499	1247	1	0
500	1304	1	0
501	1225	0	1
502	1244	3	0
503	1288	0	0
504	1184	1	0
505	1178	1	0
506	1121	3	0
507	1136	1	0
508	1131	1	0
509	1142	0	0
510	1153	0	0
511	1102	2	0
512	1081	4	0
513	1052	1	0
514	1096	0	0
515	1046	4	1
516	982	0	0
517	944	4	1
518	910	2	0
519	936	0	0
520	902	1	0
521	908	2	0
522	852	1	0
523	914	0	0
524	816	1	0
525	888	2	1
526	852	1	1
527	807	0	0
528	779	1	0
529	812	0	0
530	772	2	0
531	777	2	0
532	745	0	0
533	735	1	0
534	700	0	0
535	802	3	1
536	764	1	0
537	774	0	0
538	732	2	1
539	729	0	1
540	726	2	1
541	703	0	2
542	762	1	0
543	670	2	0
544	669	1	1
545	691	1	1
546	665	2	0
547	670	1	0
548	706	1	0
549	666	1	0
550	700	0	0
551	684	0	0
552	658	0	1
553	722	2	0
554	662	0	0
555	630	1	0
556	662	0	0
557	652	1	0
558	633	0	0
559	685	1	0
560	697	1	1
561	681	0	2
562	675	1	0
563	618	2	0
564	667	2	0
565	657	0	0
566	664	0	1
567	678	2	0
568	665	1	0
569	621	1	0
570	649	0	0
571	632	0	0
572	664	0	0
573	606	0	0
574	623	1	1
575	649	0	0
576	617	1	0
577	646	0	0
578	630	0	0
579	630	0	0
580	616	0	2
581	641	0	2
582	597	1	0
583	602	1	2
584	630	0	0
585	627	0	0
586	616	0	0
587	603	0	1
588	585	0	0
589	568	1	0
590	583	0	1
591	607	1	0
592	612	1	0
593	659	1	0
594	594	0	0
595	607	3	0
596	578	1	0
597	634	1	1
598	595	0	0
599	627	0	0
600	589	1	0
601	642	0	0
602	608	0	2
603	638	2	0
604	627	1	0
605	648	0	0
606	653	1	0
607	660	0	0
608	655	1	1
609	636	0	1
610	621	1	2
611	646	1	0
612	610	0	0
613	607	0	0
614	644	0	0
615	608	1	0
616	614	1	0
617	630	0	1
618	605	0	0
619	667	1	1
620	619	0	0
621	641	0	0
622	621	0	0
623	594	1	0
624	623	2	1
625	625	3	0
626	595	0	0
627	630	2	0
628	654	0	0
629	633	0	0
630	587	1	0
631	636	0	0
632	631	0	0
633	596	1	2
634	579	0	0
635	555	1	0
636	584	0	0
637	603	0	1
638	571	0	0
639	536	0	1
640	601	2	0
641	588	1	0
642	571	2	0
643	533	2	0
644	564	0	0
645	541	2	0
646	572	1	0
647	533	0	1
648	538	1	0
649	572	0	0
650	578	0	1
651	556	0	0
652	587	0	1
653	517	1	0
654	503	0	0
655	570	1	0
656	566	1	0
657	539	0	0
658	512	0	1
659	528	0	0
660	535	0	1
661	565	0	0
662	544	2	0
663	500	0	0
664	525	0	0
665	503	0	0
666	562	0	0
667	557	0	0
668	537	0	0
669	525	2	0
670	505	1	0
671	509	0	2
672	508	2	2
673	490	0	0
674	518	0	1
675	503	2	0
676	472	0	0
677	528	1	1
678	465	0	0
679	513	0	1
680	463	0	0
681	471	1	0
682	513	1	0
683	520	0	0
684	484	0	0
685	491	1	0
686	460	0	0
687	473	1	2
688	457	1	0
689	458	2	0
690	466	1	0
691	476	1	0
692	470	0	0
693	497	0	0
694	475	0	0
695	460	0	0
696	424	1	0
697	406	0	0
698	445	1	0
699	431	0	0
700	412	1	0
701	400	0	0
702	415	1	0
703	423	0	0
704	379	0	0
705	407	1	0
706	426	1	1
707	428	0	0
708	408	1	1
709	398	1	0
710	435	0	0
711	404	3	0
712	443	0	0
713	373	0	0
714	417	0	0
715	408	1	0
716	419	0	0
717	416	2	0
718	395	1	0
719	418	0	0
720	453	0	0
721	431	0	0
722	393	0	0
723	462	0	0
724	410	0	0
725	387	1	0
726	413	1	0
727	416	0	0
728	413	0	0
729	387	0	0
730	399	2	0
731	385	2	0
732	370	0	0
733	391	2	0
734	355	1	0
735	378	0	0
736	367	1	0
737	377	0	0
738	386	1	0
739	390	0	0
740	405	1	0
741	377	1	0
742	396	0	1
743	378	0	1
744	366	2	0
745	399	2	0
746	406	1	0
747	370	0	0
748	379	0	0
749	372	0	0
750	357	1	0
751	393	1	0
752	369	1	0
753	358	2	0
754	358	0	0
755	363	1	0
756	350	0	0
757	354	1	0
758	323	3	0
759	329	1	0
760	324	1	0
761	321	0	0
762	327	0	0
763	296	0	0
764	311	3	0
765	287	1	0
766	296	1	0
767	297	0	0
768	281	1	0
769	272	0	0
770	284	1	0
771	281	1	0
772	291	2	0
773	304	1	0
774	277	1	0
775	308	0	0
776	290	5	0
777	297	1	0
778	256	1	0
779	288	0	0
780	268	0	0
781	279	0	0
782	250	0	0
783	266	0	0
784	227	0	0
785	237	0	0
786	244	0	0
787	275	1	0
788	232	0	0
789	250	0	0
790	215	2	0
791	218	1	0
792	211	0	0
793	236	0	0
794	220	3	1
795	213	2	0
796	204	0	0
797	211	0	0
798	218	0	0
799	218	0	0
800	199	1	0
801	195	0	0
802	192	0	0
803	181	0	0
804	182	0	0
805	207	2	0
806	182	0	0
807	164	1	0
808	189	1	0
809	172	1	0
810	163	1	0
811	169	0	0
812	171	0	0
813	151	0	0
814	143	1	0
815	144	0	0
816	171	0	0
817	178	0	0
818	150	1	0
819	157	0	0
820	165	0	0
821	169	0	0
822	152	0	0
823	164	2	0
824	139	0	0
825	116	0	0
826	149	1	0
827	133	1	0
828	139	1	0
829	136	0	0
830	133	1	0
831	143	2	0
832	138	1	0
833	138	0	0
834	112	0	0
835	148	1	0
836	117	2	0
837	120	0	0
838	112	3	0
839	124	1	0
840	139	0	0
841	136	1	0
842	128	0	0
843	117	0	0
844	116	0	0
845	126	1	0
846	138	0	0
847	129	0	0
848	129	1	0
849	110	0	0
850	100	1	0
851	103	1	0
852	111	0	0
853	117	1	0
854	109	1	0
855	104	1	0
856	108	0	0
857	106	1	0
858	106	0	0
859	90	2	0
860	104	0	0
861	93	1	0
862	108	1	0
863	98	0	0
864	111	0	0
865	84	0	0
866	106	1	0
867	99	2	0
868	110	0	0
869	92	0	0
870	90	1	0
871	82	0	0
872	84	1	0
873	89	0	0
874	84	0	0
875	83	2	0
876	68	0	0
877	80	0	0
878	85	0	0
879	76	0	0
880	93	0	0
881	80	0	0
882	80	1	0
883	63	0	0
884	68	0	0
885	67	0	0
886	75	1	0
887	71	0	0
888	70	0	0
889	66	0	0
890	61	0	0
891	72	0	0
892	73	0	0
893	61	1	0
894	71	0	0
895	84	0	0
896	61	2	0
897	70	0	0
898	66	0	0
899	58	0	0
900	69	1	0
901	76	1	0
902	59	0	0
903	64	0	0
904	71	1	1
905	52	0	0
906	62	0	0
907	63	1	0
908	59	0	0
909	53	0	0
910	46	0	0
911	55	0	0
912	55	0	0
913	53	0	0
914	49	0	0
915	58	0	0
916	63	1	0
917	60	0	0
918	56	0	0
919	50	2	1
920	51	0	0
921	56	1	0
922	48	0	0
923	49	0	0
924	48	0	0
925	49	0	0
926	43	0	0
927	51	0	0
928	45	1	0
929	46	0	0
930	41	1	0
931	62	0	0
932	55	0	0
933	46	1	0
934	48	0	0
935	36	1	0
936	40	0	0
937	32	0	0
938	36	0	0
939	39	0	0
940	34	1	0
941	48	0	0
942	40	0	0
943	28	0	0
944	28	0	0
945	30	0	0
946	24	0	0
947	44	1	0
948	26	0	0
949	38	2	0
950	45	0	0
951	47	1	0
952	45	0	1
953	35	0	0
954	40	2	0
955	32	0	0
956	33	0	1
957	32	0	0
958	28	1	0
959	37	0	0
960	24	0	0
961	36	0	0
962	35	0	0
963	26	0	0
964	38	1	0
965	30	0	0
966	28	0	0
967	31	0	0
968	35	0	0
969	32	0	0
970	37	0	0
971	27	0	0
972	28	0	0
973	35	0	0
974	21	1	0
975	30	0	0
976	24	0	0
977	26	1	0
978	29	0	0
979	31	1	0
980	32	0	0
981	22	0	0
982	26	1	0
983	25	0	0
984	25	0	0
985	18	0	0
986	21	0	0
987	27	0	0
988	33	0	0
989	18	1	0
990	19	0	0
991	26	2	0
992	20	0	0
993	18	0	0
994	17	1	0
995	18	0	0
996	16	0	0
997	16	0	0
998	23	1	0
999	26	0	0
1000	18	1	0
1001	21	0	0
1002	21	0	0
1003	21	0	0
1004	21	0	0
1005	22	0	0
1006	21	0	0
1007	13	0	0
1008	25	0	0
1009	14	1	0
1010	23	1	0
1011	23	0	0
1012	21	1	0
1013	21	0	0
1014	18	0	0
1015	18	0	0
1016	18	0	0
1017	21	1	0
1018	14	0	0
1019	11	0	0
1020	17	0	0
1021	16	1	0
1022	17	0	0
1023	17	1	0
1024	17	1	0
1025	15	0	0
1026	23	1	0
1027	17	1	0
1028	18	0	0
1029	16	0	0
1030	16	0	0
1031	19	1	0
1032	14	0	0
1033	16	0	0
1034	20	0	1
1035	21	0	0
1036	12	0	0
1037	14	0	0
1038	15	0	0
1039	16	0	0
1040	20	0	0
1041	19	0	0
1042	13	0	0
1043	17	0	0
1044	17	0	0
1045	14	0	0
1046	19	0	0
1047	22	0	0
1048	21	0	0
1049	21	0	0
1050	25	1	0
1051	19	0	0
1052	18	0	0
1053	15	0	0
1054	17	0	0
1055	17	1	0
1056	12	0	0
1057	11	0	0
1058	20	1	0
1059	19	0	0
1060	9	1	0
1061	15	0	0
1062	15	0	0
1063	16	0	0
1064	15	0	0
1065	15	0	0
1066	2	1	0
1067	18	0	0
1068	15	0	0
1069	17	0	0
1070	18	0	0
1071	16	0	0
1072	10	0	0
1073	14	0	0
1074	17	0	1
1075	15	0	0
1076	16	0	0
1077	19	0	0
1078	9	0	0
1079	13	1	0
1080	15	0	0
1081	12	0	0
1082	16	0	0
1083	10	2	0
1084	11	0	0
1085	10	1	0
1086	10	0	0
1087	8	1	0
1088	12	1	0
1089	9	0	0
1090	13	0	0
1091	10	0	0
1092	17	0	0
1093	8	0	0
1094	9	0	0
1095	6	0	0
1096	12	0	0
1097	6	0	0
1098	10	0	0
1099	11	0	0
1100	11	0	0
1101	7	0	0
1102	8	1	0
1103	7	1	0
1104	12	0	0
1105	10	0	0
1106	10	0	0
1107	10	0	0
1108	10	1	0
1109	9	0	0
1110	13	0	0
1111	7	0	0
1112	11	1	0
1113	4	0	0
1114	7	0	0
1115	6	0	0
1116	4	0	0
1117	6	0	0
1118	2	0	0
1119	5	0	0
1120	5	0	0
1121	10	0	0
1122	4	0	0
1123	10	0	0
1124	11	0	0
1125	4	0	0
1126	12	0	0
1127	10	0	0
1128	7	0	0
1129	6	0	0
1130	3	1	0
1131	8	0	1
1132	6	0	0
1133	7	0	0
1134	6	0	0
1135	6	0	0
1136	3	0	0
1137	7	0	0
1138	6	0	0
1139	6	0	0
1140	3	0	0
1141	5	0	0
1142	6	0	0
1143	5	1	0
1144	7	0	0
1145	3	1	0
1146	6	0	0
1147	6	0	0
1148	4	0	0
1149	3	0	0
1150	6	1	0
1151	5	0	0
1152	2	0	0
1153	2	0	0
1154	8	0	0
1155	6	0	0
1156	2	0	0
1157	5	0	0
1158	1	1	0
1159	2	0	0
1160	6	0	0
1161	7	0	0
1162	3	0	0
1163	5	0	0
1164	6	0	0
1165	8	1	0
1166	2	1	0
1167	3	0	0
1168	2	0	0
1169	4	0	0
1170	8	0	0
1171	3	0	0
1172	1	0	0
1173	7	0	0
1174	7	0	0
1175	5	0	0
1176	4	0	0
1177	1	1	0
1178	4	0	0
1179	4	0	0
1180	6	0	0
1181	2	0	0
1182	6	1	0
1183	8	0	0
1184	4	0	0
1185	3	1	0
1186	3	0	0
1187	3	0	0
1188	5	0	0
1189	5	0	0
1190	4	0	0
1191	5	0	0
1192	5	0	0
1193	1	0	0
1194	4	1	0
1195	4	1	0
1196	5	0	0
1197	3	0	0
1198	6	0	0
1199	6	0	0
1200	5	0	0
1201	2	0	0
1202	6	0	0
1203	5	0	0
1204	5	1	0
1205	4	0	0
1206	3	0	0
1207	5	0	0
1208	7	0	0
1209	4	0	0
1210	4	0	0
1211	4	0	0
1212	3	0	0
1213	2	0	0
1214	9	0	0
1215	3	0	0
1216	11	0	0
1217	6	1	0
1218	7	0	0
1219	5	0	0
1220	4	0	0
1221	3	0	0
1222	3	0	0
1223	5	0	1
1224	3	0	0
1225	4	0	0
1226	1	0	0
1227	5	0	0
1228	5	0	0
1229	3	0	0
1230	3	1	0
1231	3	0	0
1232	3	0	0
1233	7	0	0
1234	6	0	0
1235	5	2	0
1236	2	0	0
1237	3	0	0
1238	1	0	0
1239	6	1	0
1240	6	0	0
1241	5	0	0
1242	5	0	0
1243	8	0	0
1244	3	0	0
1245	5	0	0
1246	1	0	1
1247	4	0	0
1248	2	0	0
1249	2	0	0
1250	8	0	0
1251	2	0	1
1253	2	0	0
1254	5	1	0
1255	3	0	1
1257	3	0	0
1258	6	0	0
1259	8	0	0
1260	2	0	0
1261	1	0	0
1262	4	0	0
1263	4	0	0
1264	2	0	0
1265	4	0	0
1266	5	0	0
1267	6	0	0
1268	3	0	0
1269	6	0	0
1270	5	0	0
1271	11	0	0
1272	6	0	0
1273	4	0	0
1274	3	0	0
1275	5	0	0
1276	6	1	0
1277	7	0	0
1278	13	0	0
1279	12	0	0
1280	12	1	0
1281	7	0	0
1282	5	0	1
1283	4	0	0
1284	4	0	0
1285	5	0	0
1286	3	0	0
1287	8	0	0
1288	6	1	0
1289	7	0	0
1290	7	0	0
1291	4	0	1
1292	9	0	0
1293	8	0	0
1294	7	0	0
1295	7	0	0
1296	7	0	0
1297	5	0	0
1298	6	0	0
1299	5	0	0
1300	6	0	0
1301	3	0	0
1302	4	0	0
1303	5	0	0
1304	6	0	0
1305	5	0	0
1306	8	0	0
1307	4	0	0
1308	5	0	0
1309	5	0	0
1310	3	0	0
1311	7	0	0
1312	4	0	0
1313	6	0	0
1314	7	0	0
1315	7	0	0
1316	4	0	0
1317	5	0	0
1318	5	0	0
1319	4	0	0
1320	3	0	0
1321	4	0	0
1322	4	0	0
1323	3	0	0
1324	5	0	0
1325	7	0	0
1326	4	0	0
1327	5	0	0
1328	5	0	0
1329	5	0	1
1330	4	0	0
1331	2	0	0
1332	3	0	0
1333	6	0	0
1334	2	0	0
1335	5	0	0
1336	8	0	0
1337	4	0	0
1338	4	0	0
1339	1	0	0
1340	7	1	0
1341	4	1	0
1342	6	0	0
1343	7	1	0
1344	5	0	0
1345	8	0	0
1346	7	0	0
1347	5	0	0
1348	8	0	0
1349	8	0	0
1350	7	0	0
1351	4	0	1
1352	5	0	0
1353	5	0	1
1354	9	0	0
1355	7	0	0
1356	9	0	0
1357	6	0	0
1358	9	0	0
1359	10	0	0
1360	11	0	0
1361	13	0	0
1362	12	1	0
1363	8	0	0
1364	7	0	0
1365	11	0	0
1366	10	1	0
1367	11	0	0
1368	15	0	0
1369	13	0	0
1370	13	0	0
1371	10	0	0
1372	17	0	0
1373	13	0	0
1374	14	0	0
1375	15	0	0
1376	14	1	0
1377	13	0	0
1378	14	0	0
1379	16	0	0
1380	13	0	0
1381	14	0	0
1382	16	0	0
1383	15	0	0
1384	11	0	0
1385	11	0	0
1386	11	0	0
1387	15	0	0
1388	9	0	0
1389	10	0	0
1390	13	0	0
1391	19	1	0
1392	16	0	0
1393	17	0	0
1394	19	0	0
1395	14	0	0
1396	12	0	0
1397	20	0	0
1398	19	1	0
1399	18	0	0
1400	16	1	0
1401	20	0	0
1402	22	0	0
1403	18	0	0
1404	19	0	0
1405	14	0	0
1406	19	1	0
1407	14	0	0
1408	15	0	0
1409	20	0	0
1410	16	0	0
1411	16	0	0
1412	18	0	0
1413	16	0	0
1414	17	0	0
1415	17	0	0
1416	17	0	0
1417	13	0	0
1418	13	0	0
1419	18	0	0
1420	17	0	0
1421	20	0	0
1422	19	0	0
1423	19	0	0
1424	23	0	0
1425	23	0	0
1426	17	0	0
1427	25	0	0
1428	20	0	0
1429	20	1	0
1430	24	0	0
1431	16	0	0
1432	20	0	0
1433	22	0	0
1434	18	0	0
1435	30	0	0
1436	23	1	0
1437	21	0	0
1438	25	0	0
1439	21	0	0
1440	26	0	0
1441	27	0	0
1442	24	0	0
1443	20	0	0
1444	21	0	0
1445	24	0	0
1446	26	0	0
1447	27	0	0
1448	21	0	0
1449	31	0	0
1450	28	0	0
1451	28	0	0
1452	28	0	0
1453	25	0	0
1454	21	0	0
1455	26	1	1
1456	34	0	0
1457	26	0	0
1458	33	0	0
1459	25	0	0
1460	26	0	0
1461	22	0	1
1462	25	0	0
1463	32	0	0
1464	27	0	0
1465	25	0	0
1466	28	0	0
1467	23	0	0
1468	28	0	0
1469	28	0	0
1470	26	0	0
1471	16	0	0
1472	21	0	0
1473	18	0	0
1474	21	0	0
1475	19	0	0
1476	22	0	0
1477	23	0	0
1478	17	0	0
1479	17	0	0
1480	18	0	0
1481	19	0	0
1482	22	0	0
1483	29	0	0
1484	18	0	0
1485	20	0	0
1486	19	0	0
1487	13	1	0
1488	14	0	0
1489	17	0	0
1490	18	0	0
1491	14	0	0
1492	16	0	0
1493	18	0	0
1494	17	0	0
1495	19	1	0
1496	17	0	0
1497	16	0	0
1498	13	0	0
1499	17	0	0
1500	11	0	0
1501	17	0	0
1502	13	0	0
1503	10	1	0
1504	10	0	0
1505	10	0	0
1506	8	0	0
1507	11	0	0
1508	7	0	0
1509	14	0	0
1510	7	0	0
1511	14	0	0
1512	15	0	0
1513	10	0	0
1514	14	0	0
1515	15	1	0
1516	14	0	0
1517	12	1	0
1518	7	0	1
1519	12	0	0
1520	16	0	0
1521	10	0	0
1522	9	0	0
1523	10	0	0
1524	12	0	0
1525	11	0	0
1526	8	0	0
1527	13	0	0
1528	10	0	0
1529	8	0	0
1530	12	0	0
1531	7	0	0
1532	15	0	0
1533	8	0	0
1534	11	0	0
1535	6	1	0
1536	10	0	0
1537	14	0	0
1538	13	0	0
1539	12	0	0
1540	11	0	0
1541	8	0	0
1542	12	0	0
1543	8	0	0
1544	8	0	0
1545	8	0	0
1546	7	0	0
1547	5	0	0
1548	10	0	0
1549	7	0	0
1550	2	0	0
1551	9	0	0
1552	8	0	0
1553	5	0	0
1554	7	0	0
1555	8	0	0
1556	7	0	0
1557	8	0	0
1558	8	0	0
1559	9	0	0
1560	7	0	0
1561	4	0	0
1562	4	0	0
1563	5	0	0
1564	5	0	0
1565	7	0	0
1566	8	0	0
1567	5	0	0
1568	4	0	0
1569	7	0	0
1570	5	0	0
1571	3	0	0
1572	5	0	0
1573	6	0	0
1574	6	0	0
1575	5	0	0
1576	7	0	0
1577	11	0	0
1578	7	0	0
1579	7	0	0
1580	14	0	0
1581	6	0	0
1582	10	0	0
1583	5	0	0
1584	8	0	0
1585	2	0	0
1586	8	0	0
1587	5	0	0
1588	7	0	0
1589	5	0	0
1590	9	0	0
1591	12	0	1
1592	5	0	0
1593	9	0	0
1594	6	0	0
1595	9	0	0
1596	12	0	0
1597	7	0	0
1598	15	0	0
1599	5	0	0
1600	7	0	0
1601	10	0	0
1602	8	0	0
1603	12	0	0
1604	7	1	0
1605	7	0	0
1606	10	0	0
1607	9	0	0
1608	12	0	0
1609	13	0	0
1610	11	0	0
1611	8	0	0
1612	10	0	0
1613	4	0	1
1614	7	0	0
1615	9	0	0
1616	2	1	0
1617	7	0	0
1618	5	0	0
1619	5	0	0
1620	9	0	0
1621	6	0	0
1622	6	0	0
1623	6	0	0
1624	10	0	0
1625	6	0	0
1626	8	0	0
1627	5	0	0
1628	6	0	0
1629	5	0	0
1630	6	0	0
1631	10	0	0
1632	8	0	0
1633	10	0	0
1634	7	0	0
1635	8	0	0
1636	17	0	0
1637	6	0	0
1638	8	0	0
1639	8	0	0
1640	6	0	0
1641	6	0	0
1642	8	0	0
1643	7	0	0
1644	3	0	0
1645	4	0	0
1646	6	0	0
1647	9	0	0
1648	10	0	0
1649	5	0	0
1650	3	0	0
1651	7	0	0
1652	8	0	0
1653	4	0	0
1654	7	0	0
1655	4	0	0
1656	9	0	0
1657	8	0	0
1658	6	0	0
1659	9	0	0
1660	4	0	0
1661	6	0	0
1662	7	0	0
1663	6	0	0
1664	5	0	0
1665	4	0	0
1666	6	0	0
1667	8	0	0
1668	3	0	0
1669	4	0	0
1670	2	0	0
1671	4	0	0
1672	5	0	0
1673	3	0	0
1674	2	0	0
1675	4	0	0
1676	4	0	0
1677	2	0	0
1678	2	0	0
1679	5	0	0
1680	6	0	0
1681	3	0	0
1682	4	0	0
1683	3	0	0
1684	4	0	0
1685	2	0	0
1686	8	0	0
1687	2	0	0
1688	1	0	0
1689	3	0	0
1690	7	0	0
1691	5	0	0
1692	9	0	0
1693	7	0	0
1694	8	0	0
1695	7	0	0
1696	8	0	0
1697	13	0	0
1698	8	0	0
1699	17	0	0
1700	12	0	0
1701	4	0	0
1702	4	0	0
1703	4	0	0
1704	2	0	0
1705	3	0	0
1706	3	0	0
1707	3	0	0
1708	2	0	0
1709	2	0	0
1710	1	0	0
1711	3	0	0
1712	4	0	0
1713	1	0	0
1714	4	0	0
1715	1	0	0
1716	2	0	0
1718	1	0	0
1719	3	0	0
1720	3	0	0
1721	3	0	0
1722	1	0	0
1723	1	0	0
1724	3	0	0
1725	1	0	0
1726	5	0	0
1727	1	0	0
1728	2	0	0
1729	2	0	0
1730	6	0	0
1731	4	0	0
1732	2	0	0
1733	6	0	0
1734	2	0	0
1735	3	0	0
1736	4	0	0
1737	2	0	0
1738	1	0	0
1739	3	0	0
1740	5	0	0
1741	1	0	0
1742	5	0	0
1743	2	0	0
1744	1	0	0
1745	2	0	0
1747	2	0	0
1748	3	0	0
1749	4	0	0
1750	1	1	0
1751	4	0	0
1752	3	0	0
1753	5	0	0
1754	6	0	0
1755	4	0	0
1756	5	0	0
1757	4	0	0
1758	5	0	0
1759	10	0	0
1760	3	1	0
1761	4	0	0
1762	4	0	0
1763	5	0	0
1764	6	0	0
1765	6	0	0
1766	5	1	0
1767	8	0	0
1768	6	0	0
1769	7	0	0
1770	7	0	0
1771	7	0	0
1772	9	0	0
1773	7	0	0
1774	6	0	0
1775	5	0	0
1776	5	0	0
1777	6	0	0
1778	7	0	0
1779	5	0	0
1780	9	0	0
1781	7	0	0
1782	12	0	0
1783	10	0	0
1784	6	0	0
1785	10	0	0
1786	9	0	0
1787	8	0	0
1788	9	0	0
1789	6	0	0
1790	15	0	0
1791	7	0	0
1792	5	0	0
1793	10	1	0
1794	8	0	0
1795	4	0	0
1796	7	0	0
1797	7	0	0
1798	7	0	0
1799	8	0	0
1800	9	0	0
1801	8	0	0
1802	8	0	0
1803	9	0	0
1804	3	0	0
1805	7	0	0
1806	8	0	0
1807	4	0	0
1808	11	0	0
1809	13	0	0
1810	7	0	0
1811	10	2	0
1812	6	0	0
1813	10	0	0
1814	6	0	0
1815	7	0	0
1816	6	0	0
1817	6	0	0
1818	8	0	0
1819	5	0	0
1820	8	0	0
1821	6	0	0
1822	5	0	0
1823	8	0	0
1824	7	0	0
1825	13	0	0
1826	6	0	0
1827	8	0	0
1828	6	0	0
1829	7	0	0
1830	7	1	0
1831	4	0	0
1832	16	0	0
1833	15	0	0
1834	28	0	0
1835	12	0	0
1836	23	0	0
1837	23	0	0
1838	9	0	0
1839	4	0	0
1840	6	0	0
1841	3	1	0
1842	5	1	0
1843	6	0	0
1844	3	0	0
1845	6	0	0
1846	1	0	0
1847	3	0	0
1848	7	0	0
1849	3	1	0
1850	4	0	0
1851	3	0	1
1852	2	0	1
1853	9	1	0
1854	19	0	0
1855	24	0	0
1856	28	0	0
1857	10	0	0
1858	32	0	0
1859	13	0	0
1860	1	0	1
1861	7	0	0
1862	3	0	0
1863	1	0	0
1864	4	0	0
1865	4	0	0
1866	1	0	0
1867	5	0	0
1868	5	0	0
1869	1	0	0
1870	4	0	0
1871	4	0	0
1872	4	0	0
1873	2	0	0
1874	4	0	0
1875	3	1	0
1876	3	0	0
1877	3	0	0
1878	1	0	0
1879	8	0	0
1880	2	0	0
1881	1	0	0
1882	3	0	0
1883	3	0	0
1884	1	0	0
1885	0	0	1
1886	3	0	0
1887	4	0	0
1888	2	0	0
1889	2	0	0
1890	2	0	0
1891	6	0	0
1892	2	0	0
1893	3	0	0
1894	2	0	0
1895	5	0	0
1896	1	0	0
1897	2	0	0
1898	1	0	0
1899	3	0	0
1900	2	0	0
1901	1	0	0
1902	2	0	0
1903	1	0	0
1904	1	0	0
1905	1	0	0
1906	4	0	0
1907	1	0	0
1908	1	0	0
1910	4	0	0
1911	2	0	0
1912	1	0	0
1915	1	0	0
1916	5	0	0
1917	2	0	0
1918	2	0	0
1919	1	0	0
1920	1	0	0
1921	2	0	0
1922	2	0	0
1924	2	0	0
1925	1	0	0
1926	1	0	0
1927	1	0	0
1928	4	1	0
1929	1	0	0
1932	3	0	0
1933	2	1	0
1934	2	0	0
1935	3	0	0
1936	3	0	0
1937	1	0	0
1939	3	0	0
1940	1	0	0
1941	2	0	1
1943	1	0	0
1944	1	0	0
1945	1	0	0
1946	3	0	0
1947	4	0	0
1948	2	0	0
1949	6	0	0
1950	3	0	0
1951	5	0	0
1952	72	0	0
1953	4	0	0
1954	2	0	0
1956	4	0	0
1957	1	0	0
1958	1	0	0
1959	2	0	0
1960	1	0	0
1962	0	0	1
1964	1	0	0
1965	1	0	0
1967	2	0	0
1969	1	0	0
1971	1	0	0
1973	2	0	0
1974	3	0	0
1978	2	0	0
1979	2	0	0
1980	1	0	0
1984	1	0	0
1986	1	0	0
1988	1	0	0
1989	1	0	0
1993	2	0	0
1998	1	0	0
1999	1	0	0
2004	1	0	0
2005	0	1	0
2006	1	0	0
2008	1	0	0
2009	1	0	0
2010	1	0	0
2011	1	0	0
2018	0	1	0
2024	2	0	0
2025	1	0	0
2037	1	0	0
2044	0	1	0
2045	1	0	0
2046	0	1	0
2050	1	0	0
2057	1	0	0
2062	1	0	0
2066	1	0	0
2069	1	0	0
2073	1	0	0
2086	1	0	0
2102	3	0	0
2106	1	0	0
2109	2	0	0
2110	1	0	0
2113	0	0	1
2124	0	0	1
2131	1	0	0
2164	1	0	0
2174	0	0	1
2178	1	1	0
2191	1	0	0
2194	1	0	0
2202	1	0	0
2209	1	0	0
2213	1	0	0
2222	1	0	0
2227	1	0	0
2235	1	0	0
2238	0	1	0
2303	1	0	0
2306	1	0	0
2308	1	0	0
2334	1	0	0
2337	1	0	0
2339	1	0	0
2340	8	0	0
2341	4	0	0
2343	1	0	0
2347	1	0	0
2348	2	0	0
2349	1	0	0
2350	4	0	0
2351	4	0	0
2352	4	0	0
2353	3	0	0
2354	5	0	0
2355	4	0	0
2356	1	0	0
2357	2	0	0
2358	1	0	0
2360	4	0	0
2361	2	0	0
2362	5	0	0
2363	5	0	0
2364	2	0	0
2365	2	0	0
2366	2	0	0
2367	2	0	0
2368	5	0	0
2369	9	0	0
2370	2	0	0
2371	1	0	0
2372	4	0	0
2373	4	0	0
2374	7	0	0
2375	2	0	0
2376	1	0	0
2377	1	0	0
2378	4	0	0
2379	4	0	0
2380	7	0	0
2381	5	0	0
2382	1	0	0
2383	4	0	0
2384	5	0	0
2385	4	0	0
2386	4	0	0
2387	1	0	0
2388	2	0	0
2390	1	0	0
2391	2	0	0
2392	2	0	0
2393	2	0	0
2394	3	0	0
2395	4	0	0
2396	6	0	0
2397	3	0	0
2398	5	0	0
2399	2	0	0
2400	6	0	0
2401	3	0	0
2402	5	0	0
2403	2	0	0
2404	2	0	0
2405	5	0	0
2406	5	0	0
2407	3	0	0
2408	4	0	0
2409	4	0	0
2410	5	0	0
2411	5	0	0
2412	5	0	0
2413	2	0	0
2414	4	0	0
2415	8	0	0
2416	8	0	0
2417	5	0	0
2418	8	0	0
2419	3	0	0
2420	4	0	0
2421	3	0	0
2422	4	0	0
2423	2	0	0
2424	4	0	0
2425	4	0	0
2426	3	0	0
2427	5	0	0
2428	3	0	0
2429	3	0	0
2430	1	0	0
2431	3	0	0
2432	2	0	0
2433	2	0	0
2434	5	0	0
2435	2	0	0
2436	5	0	0
2437	3	0	0
2438	2	0	0
2439	3	0	0
2440	4	0	0
2441	4	0	0
2442	4	0	0
2443	4	0	0
2444	1	0	0
2445	2	0	0
2446	1	0	0
2447	4	0	0
2448	4	0	0
2449	5	0	0
2450	3	0	0
2451	3	0	0
2452	1	0	0
2453	6	0	0
2454	2	0	0
2455	2	0	0
2456	2	0	0
2457	1	0	0
2458	1	0	0
2459	3	0	0
2460	3	0	0
2461	3	0	0
2462	3	0	0
2463	5	0	0
2464	5	0	0
2465	3	0	0
2466	4	0	0
2467	3	0	0
2468	5	0	0
2469	2	0	0
2470	6	0	0
2471	9	0	0
2472	5	0	0
2473	6	0	0
2474	5	0	0
2475	2	0	0
2476	3	0	0
2477	3	0	0
2478	5	0	0
2479	2	0	0
2480	6	0	0
2481	4	0	0
2482	3	0	0
2483	2	0	0
2484	7	0	0
2485	8	0	0
2486	4	0	0
2487	3	0	0
2488	1	0	0
2489	4	0	0
2490	3	0	0
2491	3	0	0
2492	5	0	0
2494	3	0	0
2495	5	0	0
2496	3	0	0
2497	3	0	0
2498	2	0	0
2499	2	0	0
2500	6	0	0
2501	5	0	0
2502	1	0	0
2503	1	0	0
2504	6	0	0
2505	3	0	0
2506	2	0	0
2507	3	0	0
2508	2	0	0
2509	2	0	0
2510	2	0	0
2511	3	0	0
2512	2	0	0
2513	3	0	0
2514	2	0	0
2515	2	0	0
2516	5	0	0
2517	2	0	0
2518	5	0	0
2519	3	0	0
2520	1	0	0
2522	1	0	0
2523	0	1	0
2524	1	0	0
2525	2	0	0
2526	2	0	0
2527	3	0	0
2528	2	0	0
2529	3	0	0
2531	3	0	0
2532	1	0	0
2533	1	0	0
2534	3	0	0
2535	3	0	0
2536	4	0	0
2537	1	0	0
2538	4	0	0
2539	5	0	0
2540	3	0	0
2541	5	0	0
2542	2	0	0
2543	2	0	0
2544	2	0	0
2545	1	0	0
2546	1	0	0
2547	1	0	0
2548	4	0	0
2549	1	0	0
2551	1	0	0
2552	1	0	0
2553	1	0	0
2554	1	0	0
2556	2	0	0
2558	1	0	0
2560	2	0	0
2562	2	0	0
2564	1	0	0
2565	1	0	0
2566	1	0	0
2567	1	0	0
2570	1	0	0
2571	1	0	0
2573	1	0	0
2574	1	0	0
2576	1	0	0
2577	1	0	0
2580	1	0	0
2584	2	0	0
2586	1	0	0
2590	1	0	0
2591	2	0	0
2593	2	0	0
2594	1	0	0
2595	2	0	0
2598	1	0	0
2601	1	0	0
2603	1	0	0
2607	1	0	0
2613	0	0	1
2614	3	0	0
2615	1	0	0
2618	1	0	0
2620	1	0	1
2633	2	0	0
2639	1	0	0
2641	1	0	0
2642	0	0	1
2647	2	0	0
2648	2	0	0
2649	1	0	0
2653	1	0	0
2655	1	0	0
2657	1	0	0
2658	1	0	0
2659	1	0	0
2660	1	0	0
2662	2	0	0
2663	1	0	0
2664	2	0	0
2665	4	0	0
2668	1	0	0
2670	1	0	0
2673	1	0	0
2675	3	0	0
2677	2	0	1
2679	1	0	0
2680	2	0	0
2681	1	0	0
2682	2	0	0
2683	1	0	0
2684	1	0	0
2685	1	0	0
2686	2	0	0
2687	1	0	0
2688	4	0	0
2689	4	0	0
2690	4	0	0
2691	3	0	0
2692	5	0	0
2693	3	0	0
2694	1	0	0
2695	1	0	0
2696	4	0	0
2697	4	0	0
2698	7	0	0
2699	4	0	0
2700	5	0	0
2701	8	0	0
2702	6	0	0
2703	4	0	0
2704	2	0	0
2705	5	0	0
2706	4	0	0
2707	3	0	0
2708	3	0	0
2709	2	0	0
2710	1	0	0
2711	6	0	0
2712	1	0	0
2713	5	0	0
2714	18	0	0
2715	14	0	0
2716	9	0	0
2717	6	0	0
2718	16	0	0
2719	7	0	0
2720	6	0	0
2721	7	0	0
2722	4	0	0
2723	6	0	0
2724	1	0	0
2725	7	0	0
2726	4	0	0
2727	9	0	0
2728	1	0	0
2729	5	0	0
2730	5	0	0
2731	4	0	0
2732	3	0	0
2733	2	0	0
2734	6	0	0
2735	3	0	0
2736	5	0	0
2737	6	0	0
2738	3	0	0
2739	3	0	0
2740	4	0	0
2741	8	0	0
2742	11	0	0
2743	4	0	0
2744	7	0	0
2745	7	0	0
2746	5	0	0
2747	11	0	0
2748	6	0	0
2749	5	0	0
2750	5	0	1
2751	6	0	0
2752	6	0	0
2753	3	0	0
2754	7	0	0
2755	5	0	0
2756	5	0	0
2757	2	0	0
2758	2	0	0
2759	5	0	0
2760	3	0	0
2761	3	0	0
2762	4	0	0
2763	3	0	0
2764	7	0	0
2765	1	0	0
2766	8	0	0
2767	9	0	0
2768	5	0	0
2769	16	0	0
2770	2	0	0
2771	15	0	0
2772	2	0	0
2773	3	0	0
2774	2	0	0
2777	3	0	0
2778	3	0	0
2779	1	0	0
2780	1	0	0
2781	1	0	0
2782	3	0	0
2783	1	0	0
2785	1	0	0
2786	1	0	0
2787	2	0	0
2788	1	0	0
2789	2	0	0
2790	2	1	0
2791	1	0	0
2793	4	0	0
2794	2	0	0
2795	4	0	0
2797	3	0	0
2798	2	0	0
2799	1	0	0
2801	5	0	0
2802	4	0	0
2803	3	0	0
2804	3	0	0
2807	1	0	0
2809	1	0	0
2810	3	0	0
2811	2	0	0
2812	2	0	0
2813	2	0	0
2814	2	0	0
2815	1	0	0
2816	2	0	0
2817	3	0	0
2819	3	0	0
2820	1	0	0
2822	2	0	0
2823	2	0	0
2824	1	0	0
2825	1	0	0
2827	2	0	0
2828	1	0	0
2829	0	1	0
2831	1	0	0
2832	1	0	0
2833	1	0	0
2836	1	0	0
2842	1	0	0
2844	2	0	0
2846	1	0	0
2848	2	0	0
2850	1	0	0
2851	1	0	0
2855	1	0	0
2857	1	0	0
2864	1	0	0
2866	1	0	0
2867	1	0	0
2870	1	0	0
2871	1	0	0
2874	1	0	0
2887	1	0	0
2888	1	0	0
2895	1	0	0
2896	0	0	1
2903	2	0	0
2907	2	0	0
2911	1	0	0
2912	1	0	0
2916	0	1	0
2922	1	0	0
2936	1	0	0
2942	1	0	0
2943	0	0	1
2944	1	0	0
2946	2	0	0
2950	2	0	0
2952	1	0	0
2956	1	0	0
2957	0	1	0
2958	0	1	0
2962	1	0	0
2967	1	0	0
2972	1	0	0
2975	1	0	0
2976	1	0	0
2985	1	0	0
3010	0	1	0
3014	1	0	0
3021	2	0	0
3022	1	0	0
3030	0	1	0
3035	2	0	0
3036	0	1	0
3037	1	0	0
3048	2	0	0
3050	1	0	0
3060	1	0	0
3067	1	0	0
3075	1	0	0
3081	1	0	0
3097	1	0	0
3108	1	0	0
3111	1	0	0
3132	1	0	0
3202	0	1	0
3226	0	1	0
3229	1	0	0
3269	0	1	0
3274	0	1	0
3292	0	1	0
3302	0	1	0
3306	0	1	0
3309	0	1	0
3311	0	1	0
3312	0	1	0
3313	0	1	0
3319	0	1	0
3338	0	1	0
3340	1	0	0
3367	0	1	0
3373	0	1	0
3400	0	1	0
3480	1	0	0
3534	1	0	0
3553	1	0	0
3559	1	0	0
3573	1	0	0
3578	0	1	0
3582	1	1	0
3620	1	0	0
3623	0	1	0
3637	1	0	0
3642	0	1	0
3649	0	1	0
3658	1	0	0
3662	0	1	0
3688	0	1	0
3692	0	2	0
3697	0	0	1
3710	1	0	0
3719	0	1	0
3734	0	1	0
3754	0	0	1
3800	1	0	0
3805	1	0	0
3815	1	0	0
3819	1	0	0
3821	1	0	0
3844	1	0	0
3865	1	0	0
3874	0	1	0
3898	1	0	0
3915	1	0	0
3959	1	0	0
3970	1	0	0
3998	0	0	1
4007	2	0	0
4015	1	0	0
4027	1	0	0
4034	2	0	0
4036	1	0	0
4042	1	0	0
4047	1	0	0
4048	1	0	0
4049	1	0	0
4052	2	0	0
4055	1	0	0
4056	2	0	0
4057	1	0	0
4059	1	0	0
4060	1	0	0
4061	1	0	0
4062	3	0	0
4065	1	0	0
4067	2	0	0
4068	1	0	0
4069	2	0	0
4070	1	0	0
4071	1	0	0
4072	2	0	0
4073	1	0	0
4074	1	0	0
4076	3	0	0
4077	1	0	0
4079	2	0	0
4082	1	0	0
4084	1	0	0
4085	2	0	0
4087	3	0	0
4088	5	0	0
4089	4	0	0
4090	2	0	0
4091	2	0	0
4092	4	0	0
4093	1	0	0
4094	2	0	0
4095	2	0	0
4097	5	0	0
4098	3	0	0
4099	3	0	0
4100	2	0	0
4101	2	0	0
4102	2	0	0
4104	3	0	0
4105	3	0	0
4106	4	0	0
4107	1	0	0
4108	1	0	0
4110	3	0	0
4111	3	0	0
4112	3	0	0
4113	3	0	0
4114	2	0	0
4115	3	0	0
4116	2	0	0
4117	1	0	0
4118	3	0	0
4119	6	0	0
4120	5	0	0
4121	2	0	0
4122	4	0	0
4123	4	0	0
4124	1	0	0
4125	2	0	0
4126	3	0	0
4127	2	0	0
4128	2	0	0
4129	3	0	0
4130	4	0	0
4131	3	0	0
4132	4	0	0
4133	2	0	0
4134	2	0	0
4135	3	0	0
4136	2	0	0
4137	3	0	0
4138	3	0	0
4139	4	0	0
4140	3	0	0
4141	2	0	0
4142	1	0	0
4145	2	0	0
4146	2	0	0
4147	3	0	0
4148	2	0	0
4149	4	0	0
4150	2	0	0
4151	2	0	0
4152	2	0	0
4153	4	0	0
4154	4	0	0
4155	3	0	0
4156	1	0	0
4157	2	0	0
4158	7	0	0
4159	2	0	0
4160	1	0	0
4161	2	0	0
4162	1	0	0
4163	1	0	0
4165	2	0	0
4167	1	0	0
4168	3	0	0
4169	1	0	0
4171	1	0	0
4172	1	0	0
4173	1	0	0
4174	1	0	0
4175	2	0	0
4178	1	0	0
4179	2	0	0
4181	3	0	0
4186	0	0	1
4187	2	0	0
4188	2	0	0
4190	2	1	0
4194	1	0	0
4195	1	0	0
4196	1	0	0
4198	1	0	0
4200	2	0	0
4201	1	0	0
4203	1	0	0
4205	4	0	0
4206	1	0	0
4207	4	0	0
4208	3	0	0
4209	1	0	0
4210	4	0	0
4211	4	0	0
4212	1	0	0
4214	3	0	0
4215	2	0	0
4216	1	0	0
4218	3	0	0
4219	1	0	0
4221	2	0	0
4222	1	0	0
4223	3	0	0
4225	3	0	0
4226	1	0	0
4228	4	0	0
4229	3	0	0
4230	2	0	0
4231	1	0	0
4233	2	0	0
4234	1	0	0
4237	3	0	0
4240	4	0	0
4241	2	0	0
4242	1	0	0
4243	4	0	0
4244	1	0	0
4245	1	0	0
4246	2	0	0
4247	3	0	0
4248	5	0	0
4250	2	0	0
4251	1	0	0
4252	3	0	0
4253	2	0	0
4256	2	0	0
4257	1	0	0
4258	1	0	0
4260	1	0	0
4261	3	0	0
4262	2	0	0
4263	1	0	0
4264	1	0	0
4265	2	0	0
4266	2	0	0
4267	1	0	0
4268	5	0	0
4270	1	0	0
4271	3	0	0
4272	1	0	0
4273	3	0	0
4274	1	0	0
4275	1	0	0
4276	1	0	0
4277	4	0	0
4278	3	0	0
4279	2	0	0
4280	2	0	0
4281	2	0	0
4282	3	0	0
4283	1	0	0
4285	3	0	0
4286	3	0	0
4287	2	0	0
4288	1	0	0
4290	4	0	0
4291	4	0	0
4292	2	0	0
4294	4	0	0
4295	2	0	0
4296	2	0	0
4297	2	0	0
4298	5	0	0
4299	2	0	0
4300	2	0	0
4301	3	0	0
4302	1	0	0
4303	3	0	0
4304	2	0	0
4305	1	0	0
4306	1	0	0
4307	2	0	0
4310	3	0	0
4311	1	0	0
4312	1	0	0
4313	3	0	0
4314	2	0	0
4315	2	0	0
4316	3	0	0
4317	4	0	0
4319	2	0	0
4320	2	0	0
4322	1	0	0
4325	1	0	0
4326	1	0	0
4327	4	0	0
4328	2	0	0
4329	2	0	0
4330	5	0	0
4331	1	0	0
4332	1	0	0
4333	1	0	0
4335	1	0	0
4337	2	0	0
4338	1	0	0
4339	1	0	0
4340	3	0	0
4343	1	0	0
4344	1	0	0
4345	1	0	0
4346	3	0	0
4348	3	0	0
4350	1	0	0
4351	1	0	0
4352	1	0	0
4353	1	0	0
4356	1	0	0
4357	3	0	0
4358	2	0	0
4359	2	0	0
4361	1	0	0
4363	2	0	0
4368	2	0	0
4370	1	0	0
4372	1	0	0
4375	1	0	0
4376	1	0	0
4377	1	0	0
4379	1	0	0
4380	1	0	0
4382	1	0	0
4387	3	0	0
4389	1	0	0
4393	1	0	0
4402	1	0	0
4403	3	0	0
4404	1	0	0
4405	1	0	0
4406	2	0	0
4410	1	0	0
4411	2	0	0
4413	2	0	0
4415	1	0	0
4416	2	0	0
4418	1	0	0
4419	2	0	0
4420	2	0	0
4421	2	0	0
4424	1	0	0
4430	1	0	0
4431	1	0	0
4432	1	0	0
4433	1	0	0
4434	1	0	0
4437	1	0	0
4443	2	0	0
4446	2	0	0
4454	1	0	0
4456	1	0	0
4463	1	0	0
4464	1	0	0
4471	0	1	0
4474	1	0	0
4476	1	0	0
4478	0	1	0
4480	1	1	0
4481	1	0	0
4487	1	0	0
4490	1	0	0
4491	1	0	0
4493	1	0	0
4497	2	0	0
4502	1	0	0
4512	1	0	0
4527	1	0	0
4528	1	0	0
4534	1	0	0
4536	0	1	0
4537	1	0	0
4557	1	0	0
4600	0	1	0
4612	0	1	0
4614	1	0	0
4616	0	1	0
4621	0	1	0
4623	0	1	0
4627	1	0	0
4638	0	0	1
4640	0	1	0
4641	1	0	0
4650	0	1	0
4658	0	2	0
4662	1	0	0
4663	0	1	0
4673	0	1	0
4675	0	1	0
4679	0	1	0
4688	0	1	0
4692	0	1	0
4703	0	1	0
4706	0	1	0
4741	0	1	0
4779	1	0	0
4834	0	1	0
4836	0	1	0
4882	1	0	0
4892	0	1	0
4926	0	1	0
4993	0	1	0
5010	0	1	0
5041	0	1	0
5043	0	1	0
5108	0	1	0
5149	1	0	0
5152	2	0	0
5155	1	0	0
5163	1	0	0
5168	2	0	0
5170	1	0	0
5171	1	0	0
5172	1	0	0
5173	1	0	0
5174	1	0	0
5175	1	0	0
5176	1	0	0
5177	2	0	0
5178	2	0	0
5179	1	0	0
5180	2	0	0
5181	4	0	0
5182	1	0	0
5183	1	1	0
5185	1	0	0
5206	1	0	0
5207	1	0	0
5209	1	0	0
5210	1	0	0
5211	1	0	0
5212	1	1	0
5217	1	0	0
5223	2	0	0
5226	0	0	1
5227	1	0	0
5230	1	0	1
5232	1	0	0
5235	1	0	0
5243	1	0	0
5246	1	0	0
5248	1	0	0
5249	1	0	0
5252	1	0	0
5253	1	0	0
5256	1	0	0
5258	1	0	0
5262	1	0	0
5263	1	0	0
5266	1	0	0
5268	1	0	0
5271	1	0	0
5274	2	0	0
5275	1	0	0
5285	1	0	0
5293	0	1	0
5312	0	1	0
5332	1	0	0
5340	0	0	1
5362	0	1	0
5363	0	0	1
5370	0	0	1
5374	0	1	0
5377	0	0	1
5381	0	0	1
5382	0	1	0
5400	0	0	1
5419	0	1	0
5434	1	0	0
5482	0	0	1
5498	0	0	1
5512	0	0	1
5538	0	0	1
5580	1	0	0
5603	1	0	0
5610	0	1	0
5691	0	0	1
5717	0	0	1
5739	1	0	0
5746	1	0	0
5770	1	0	0
5787	1	0	0
5852	1	0	0
5865	1	0	0
5874	0	0	1
5906	1	0	0
5911	1	0	0
5924	0	1	0
5926	0	0	1
5955	1	0	0
5973	0	1	0
6110	1	0	0
6111	1	0	0
6121	1	0	0
6128	1	0	0
6137	0	1	0
6158	0	1	0
6168	0	0	1
6184	1	0	0
6187	1	0	0
6188	1	0	0
6207	2	0	0
6216	1	0	0
6231	1	0	0
6250	1	0	0
6297	1	0	0
6315	1	0	0
6341	1	0	0
6380	1	0	0
6401	1	0	0
6449	0	1	0
6487	1	0	0
6535	0	1	0
6538	1	0	0
6565	0	1	0
6578	0	1	0
6582	1	0	0
6587	0	1	0
6625	1	0	0
6632	1	0	0
6646	2	0	0
6647	1	0	0
6648	1	0	0
6655	2	0	0
6657	1	0	0
6658	1	0	0
6662	1	0	0
6668	2	0	0
6674	1	0	0
6678	1	0	0
6680	1	0	0
6683	1	0	0
6684	1	0	0
6685	1	0	0
6688	3	0	0
6689	2	0	0
6690	3	0	0
6691	2	0	0
6692	1	0	0
6693	1	0	0
6694	3	0	0
6695	4	0	0
6696	1	0	0
6697	2	0	0
6698	2	0	0
6699	3	0	0
6700	1	0	0
6701	3	0	0
6702	2	0	0
6703	1	0	0
6704	3	0	0
6705	3	0	0
6706	3	1	0
6707	2	0	0
6708	1	0	0
6709	5	0	0
6710	3	0	0
6711	5	0	0
6712	4	0	0
6713	4	0	0
6714	5	0	0
6715	6	0	0
6716	4	0	0
6717	3	0	0
6718	2	0	0
6719	2	0	0
6720	3	0	0
6721	4	0	0
6722	4	0	0
6723	3	0	0
6724	3	0	0
6725	4	0	0
6726	2	0	0
6727	4	0	0
6728	1	0	0
6729	4	0	0
6730	5	0	0
6731	8	0	0
6732	7	0	0
6733	5	0	0
6734	7	0	0
6735	8	0	0
6736	7	0	0
6737	9	0	0
6738	6	0	0
6739	8	0	0
6740	6	0	0
6741	3	0	0
6742	8	0	0
6743	7	0	0
6744	11	0	0
6745	7	0	0
6746	6	0	0
6747	8	0	0
6748	7	0	0
6749	9	0	0
6750	7	0	0
6751	10	0	0
6752	7	0	0
6753	8	0	0
6754	3	0	0
6755	6	0	0
6756	7	0	0
6757	5	0	0
6758	5	0	0
6759	7	0	0
6760	6	0	0
6761	7	0	0
6762	8	0	0
6763	5	0	0
6764	5	0	0
6765	4	0	0
6766	8	0	0
6767	2	0	0
6768	2	0	0
6769	6	0	0
6770	3	0	0
6771	5	0	0
6772	4	0	0
6773	6	0	0
6774	7	0	0
6775	4	0	0
6776	4	0	0
6777	6	0	0
6778	5	0	0
6779	5	0	0
6780	5	0	0
6781	6	0	0
6782	4	0	0
6783	9	0	0
6784	2	0	0
6785	4	0	0
6786	3	0	0
6787	2	0	0
6788	8	0	0
6789	7	0	0
6790	4	0	0
6791	7	0	0
6792	2	0	0
6793	3	0	0
6794	5	0	0
6795	4	0	0
6797	2	0	0
6799	1	0	0
6800	1	0	0
6801	2	0	0
6802	3	0	0
6803	2	0	0
6804	1	0	0
6806	3	0	0
6807	2	0	0
6808	4	0	0
6809	3	0	0
6811	2	0	0
6812	3	0	0
6813	3	0	0
6814	3	0	0
6815	2	0	0
6816	3	0	0
6817	3	0	0
6818	1	0	0
6819	3	0	0
6820	2	0	0
6821	3	0	0
6822	7	0	0
6823	2	0	0
6824	1	0	0
6825	4	0	0
6826	4	0	0
6827	1	0	0
6828	4	0	0
6829	3	0	0
6830	1	0	0
6831	3	0	0
6832	2	0	0
6833	1	0	0
6834	3	0	0
6835	1	0	0
6836	1	0	0
6837	3	0	0
6839	2	0	0
6841	1	0	0
6842	1	0	0
6844	3	0	0
6846	2	0	0
6847	1	0	0
6848	1	0	0
6849	1	0	0
6850	1	0	0
6851	2	0	0
6852	3	0	0
6854	2	0	0
6855	2	0	0
6857	1	0	0
6859	1	0	0
6861	1	0	0
6862	1	0	0
6863	4	0	0
6864	1	0	0
6866	2	0	0
6868	1	0	0
6870	1	0	0
6873	1	0	0
6874	1	0	0
6875	3	0	0
6879	2	0	0
6885	1	0	0
6887	1	0	0
6890	1	0	0
6895	1	0	0
6904	1	0	0
6907	1	0	0
6918	1	0	0
6921	1	0	0
6928	1	0	0
6937	1	0	0
6938	1	0	0
6939	0	1	0
6941	1	0	0
6945	1	0	0
6951	1	0	0
6961	1	0	0
6962	1	0	0
6964	1	0	0
6973	1	0	0
6983	1	0	0
6999	1	0	0
7000	1	0	0
7014	1	0	0
7015	1	0	0
7035	1	0	0
7050	1	0	0
7055	1	0	0
7065	1	0	0
7107	0	1	0
7115	1	0	0
7150	0	1	0
7155	0	1	0
7160	1	0	0
7193	0	1	0
7219	1	0	0
7246	1	0	0
7247	0	1	0
7248	0	1	0
7262	1	0	0
7289	1	0	0
7320	1	0	0
7395	1	0	0
7437	1	0	0
7468	0	1	0
7506	0	1	0
7542	0	1	0
7547	0	1	0
7588	0	1	0
7640	0	0	1
7644	0	0	1
7656	0	0	1
7673	1	0	0
7687	0	0	1
7702	0	0	1
7834	0	0	1
7903	0	0	1
7908	1	0	0
7913	1	0	0
7918	1	0	0
7921	1	0	0
7925	1	0	0
7933	1	0	0
7941	1	0	0
7961	1	0	0
7983	1	0	0
7987	1	0	0
7994	2	0	0
7997	1	0	1
8001	1	0	0
8002	1	0	0
8009	1	0	0
8017	1	0	0
8035	1	0	0
8111	0	0	1
8215	0	0	1
8277	0	0	1
8291	1	0	0
8297	1	0	0
8299	1	0	0
8308	1	0	0
8319	1	0	0
8331	0	1	0
8348	1	0	0
8365	1	0	0
8438	0	1	0
8466	0	1	0
8478	1	0	0
8518	0	1	0
8524	0	1	0
8525	0	1	0
8528	0	1	0
8529	0	2	0
8532	0	1	0
8541	0	0	1
8542	0	1	0
8547	0	1	0
8550	0	1	0
8553	0	1	0
8580	1	0	0
8594	0	1	0
8596	0	1	0
8597	0	1	0
8599	0	1	0
8601	0	1	0
8602	0	1	0
8603	0	1	0
8605	0	1	0
8606	0	1	0
8617	0	1	0
8620	0	1	0
8622	0	1	0
8627	0	1	0
8816	0	1	0
8822	0	1	0
8830	0	1	0
8838	0	1	0
8840	0	0	1
8864	0	1	0
8873	0	1	0
8879	0	1	0
8881	0	1	0
8888	0	1	0
8889	0	1	0
8893	0	1	0
8904	0	1	0
8906	0	1	0
8912	0	1	0
8918	0	1	0
8923	0	1	0
8929	0	1	0
8954	0	1	0
8955	0	1	0
8959	0	1	0
8964	0	1	1
8977	0	1	0
8986	0	1	0
8988	0	1	0
8995	0	1	0
9031	0	1	0
9039	0	1	0
9043	0	0	1
9072	0	1	0
9076	0	1	0
9174	1	0	0
9194	1	0	0
9216	0	1	0
9237	2	0	0
9238	2	0	0
9245	0	0	1
9249	0	0	1
9266	1	0	0
9281	0	0	1
9300	1	0	0
9317	1	0	0
9320	1	0	0
9328	1	0	1
9329	1	0	0
9334	1	0	0
9347	1	0	0
9349	1	0	0
9353	1	0	0
9360	1	0	0
9388	0	0	1
9389	1	0	0
9393	1	0	0
9395	1	0	0
9396	1	0	0
9403	1	0	0
9436	1	0	0
9459	1	0	0
9460	1	0	0
9578	0	1	0
9649	1	0	0
9655	1	0	0
9656	1	0	0
9657	1	0	0
9671	1	0	0
9674	1	0	0
9675	1	0	0
9676	1	0	0
9677	1	0	0
9678	1	0	0
9705	1	0	0
9712	1	0	0
9717	1	0	0
9742	1	0	0
9743	1	0	0
9744	1	0	0
9746	1	0	0
9750	1	0	0
9751	1	0	0
9822	0	1	0
9986	0	0	1
10022	0	0	1
10039	1	0	0
10045	1	0	0
10946	0	0	1
10947	1	0	0
11350	1	0	0
11462	0	1	0
11508	0	1	0
11556	0	1	0
11564	0	1	0
11631	0	1	0
11917	0	0	1
11919	0	1	0
11968	0	1	0
11971	0	0	2
11972	0	0	1
12013	0	1	0
12087	0	0	1
12091	0	0	1
12116	1	0	0
12147	0	0	1
12149	1	0	0
12187	0	1	0
12310	1	0	0
12322	1	0	0
12382	1	0	0
12469	0	1	0
12666	0	1	0
12667	0	1	0
12678	0	1	0
12684	1	0	0
12689	0	1	0
12707	1	0	0
12713	0	1	0
12722	1	0	0
12742	1	0	0
12793	0	0	1
13000	0	1	0
13009	0	1	0
13049	0	1	0
13357	1	0	0
13358	1	0	0
13425	1	0	0
13446	1	0	0
13498	1	0	0
13616	1	0	0
13702	1	0	0
13766	1	0	0
13788	1	0	0
13811	1	0	0
13825	1	0	0
13849	1	0	0
13854	1	0	0
13862	1	0	0
13997	1	0	0
14070	1	0	0
14195	1	0	0
14717	0	0	1
15126	0	1	0
15352	0	0	1
15390	0	1	0
15493	1	0	0
16071	0	0	1
16328	0	0	1
16409	1	0	0
17029	1	0	0
17111	0	1	0
17153	1	0	0
17418	1	0	0
17467	0	1	0
17569	1	0	0
17954	0	0	1
18200	0	0	1
18419	0	1	0
18613	0	0	1
18646	0	0	1
18695	0	0	1
18884	1	0	0
18974	0	0	1
19014	1	0	0
19377	0	1	0
19449	0	0	1
19865	0	0	1
20150	0	0	1
20197	0	0	1
20225	0	0	1
21197	0	0	1
21260	0	1	0
21273	0	2	0
21542	0	0	1
21729	1	0	0
21820	0	1	0
22080	0	1	0
22084	0	1	0
22369	0	0	1
22621	0	0	1
22728	0	0	1
22740	0	0	1
22931	0	0	1
22983	0	1	0
22987	0	0	1
23154	1	0	0
23845	0	1	0
24004	0	0	1
24060	0	0	1
24109	0	0	1
24114	0	0	1
24117	0	0	1
24185	0	0	1
24331	0	0	1
24343	0	0	1
24374	0	0	1
24405	0	1	0
24468	0	0	1
24959	0	0	1
25042	1	0	0
25195	0	0	1
25228	0	0	1
25295	0	0	1
25352	0	0	1
25689	0	0	1
25709	0	0	1
25735	0	0	1
25763	0	0	1
25776	0	0	1
25844	0	0	1
26019	0	0	1
26041	0	0	1
26142	1	0	0
26623	0	0	1
26935	0	0	1
27002	0	0	1
27119	0	0	1
27202	0	1	0
27255	0	0	1
27256	0	0	1
27259	0	0	2
27260	0	0	3
27308	0	0	1
27313	0	0	1
27359	0	0	1
27418	1	0	0
27579	0	0	1
27909	0	0	1
27928	0	0	1
28167	0	0	1
28671	0	1	0
28705	0	1	0
28767	0	0	1
28993	1	0	0
29052	0	1	0
29291	0	0	1
29369	1	0	0
29584	0	1	0
29644	0	0	2
29660	0	0	1
29832	0	0	1
30004	0	1	0
30136	0	0	1
30141	0	0	1
30151	0	0	1
30164	0	0	1
30241	0	0	1
30751	1	0	0
30978	0	1	0
31553	1	0	0
31765	1	0	0
31855	1	0	0
31943	0	0	1
32272	0	0	1
32485	0	0	1
32497	0	0	1
32605	0	0	1
32744	0	0	1
32766	1	0	0
32799	0	1	0
32811	0	0	1
33064	0	0	1
33122	0	0	1
33246	0	0	1
34180	0	0	1
34242	1	0	0
34591	1	0	0
34910	0	0	1
35167	1	0	0
35332	1	0	0
35383	1	0	0
35466	0	0	1
35909	0	0	1
36130	0	0	1
36143	0	0	1
36232	0	1	0
36260	0	0	1
36380	0	0	1
37094	0	0	1
37564	1	0	0
37799	0	1	0
37822	0	1	0
37840	0	0	1
37848	0	1	0
38096	1	0	0
38526	1	0	0
38665	1	0	0
38726	0	0	1
38781	1	0	0
38794	1	0	0
38796	1	0	0
38802	1	0	0
38804	1	0	0
38806	1	0	0
38820	1	0	0
38870	1	0	0
38873	0	0	1
39060	1	0	0
39106	1	0	0
39135	1	0	0
39148	1	0	0
39155	1	0	0
39157	1	0	0
39254	0	0	1
39292	1	0	0
39312	1	0	0
39508	0	0	1
39580	1	0	0
39827	0	0	1
40182	1	0	0
40297	0	1	0
40298	0	0	1
40408	0	0	1
40484	1	0	0
40863	0	1	0
40981	0	1	0
41134	0	0	1
41495	0	1	0
42051	1	0	0
42388	1	0	0
42456	0	0	1
42546	1	0	0
42698	0	0	1
42981	1	0	0
43064	0	0	1
43638	0	0	1
44059	0	0	1
44068	0	0	1
44151	0	1	0
44339	0	0	1
44441	1	0	0
44633	0	1	0
44778	0	0	1
45152	0	0	1
45318	0	1	0
45371	0	1	0
45377	0	1	0
45379	0	1	0
45418	0	1	0
45432	0	1	0
45438	0	1	0
45475	0	1	0
45732	0	1	0
45735	0	1	0
45765	0	1	0
45802	0	1	0
45803	0	0	1
45830	0	1	0
45837	0	0	1
45869	0	0	1
45918	0	1	0
45944	0	0	1
46115	1	0	0
46321	1	0	0
46344	1	0	0
46518	1	0	0
46578	1	0	0
46607	1	0	0
46622	1	0	0
46700	1	0	0
46709	1	0	0
46724	1	0	0
46747	1	0	0
46778	1	0	0
46814	1	0	0
47323	0	0	1
47694	0	1	0
47780	0	0	1
48057	0	1	0
48215	0	1	0
48220	0	1	0
48347	0	0	1
48480	0	1	0
48532	0	1	0
48544	0	1	0
48553	0	2	0
48565	1	0	0
48591	1	0	0
48692	0	0	1
48863	0	1	0
48867	0	1	0
48884	0	1	0
49720	1	0	0
49736	1	0	0
50519	0	0	1
50792	0	0	1
51289	0	0	1
51370	0	0	1
51374	0	1	0
51458	1	0	0
51765	0	0	1
52040	0	1	0
52550	0	1	0
52882	0	0	1
52903	1	0	0
53154	0	0	1
54133	0	0	1
54555	1	0	0
54557	1	0	0
54892	0	1	0
55242	1	0	0
55659	0	2	0
55660	0	15	0
55661	0	17	0
55662	0	179	0
55663	0	4	0
55664	0	1	0
55666	0	2	0
55669	0	3	0
55670	0	1	0
55671	0	1	0
55758	1	0	0
55762	2	0	0
55763	1	0	0
55764	1	0	0
55765	10	0	0
55766	1	0	0
55768	2	0	0
55769	2	0	0
55770	6	0	0
55771	3	0	0
55772	3	0	0
55922	0	0	1
55930	0	0	1
55974	0	0	3
56062	0	0	1
56279	0	0	1
56341	1	0	0
56344	0	0	1
56346	0	0	1
56355	0	0	1
56470	0	0	1
56811	0	1	0
56861	0	1	0
56901	0	1	0
56923	0	1	0
57040	0	1	0
57056	0	1	0
57061	0	1	0
57071	0	1	0
57076	0	1	0
57087	0	1	0
57092	0	1	0
57144	0	1	0
57154	0	1	0
57390	0	1	0
57436	0	1	0
57439	0	1	0
57482	0	1	0
57674	0	0	1
57691	0	0	1
57874	1	0	0
57882	1	0	0
57932	0	1	0
57943	1	0	0
57952	1	0	0
58035	1	0	0
58080	1	0	0
58093	1	0	0
58205	1	0	0
58223	2	0	0
58229	1	0	0
58234	1	0	0
58237	1	0	0
58260	1	0	0
58266	1	0	0
58281	1	0	0
58286	1	0	0
58290	1	0	0
58292	1	0	0
58316	1	0	0
58331	1	0	0
58403	1	0	0
58482	0	1	0
58641	1	0	0
58698	1	0	0
58757	0	1	0
59023	1	0	0
59202	0	0	1
59425	1	0	0
60645	0	0	1
60955	1	0	0
61418	0	1	0
61735	0	1	0
62301	1	0	0
63706	0	1	0
63827	0	0	1
65083	0	0	1
65523	0	1	0
65669	0	0	1
65880	0	1	0
66548	1	0	0
67426	0	1	0
67453	0	1	0
67578	0	0	1
68127	1	0	0
68254	0	0	1
68355	1	0	0
68480	0	0	1
69280	0	0	1
69672	0	1	0
69761	0	1	0
70020	0	1	0
70510	0	0	1
70531	0	0	1
71181	0	0	1
71249	0	0	1
72191	0	1	0
72692	1	0	0
72697	1	0	0
72958	0	0	1
73825	1	0	0
74020	1	0	0
74177	0	0	1
74204	0	0	1
74299	0	0	1
74442	0	1	0
74665	0	0	1
74730	0	0	1
74971	0	0	1
75027	1	0	0
75250	0	1	0
75806	1	0	0
76266	1	0	0
76309	0	0	1
76373	1	0	0
76566	0	0	1
76594	0	0	1
77054	1	0	0
77182	0	0	1
77285	0	1	0
77383	0	0	1
77531	1	0	0
77544	0	1	0
77556	0	0	1
77611	0	0	1
77709	0	0	1
79073	0	1	0
79077	0	0	1
79223	0	1	0
79683	0	0	1
80127	0	0	1
80557	0	1	0
80857	0	0	1
81026	0	0	1
81591	0	1	0
81916	1	0	0
81954	1	0	0
81959	0	1	0
82112	0	1	0
82657	0	0	1
82823	0	0	1
82916	0	1	0
83322	1	0	0
83846	0	1	0
83892	0	1	0
83934	0	0	1
84085	0	0	1
84327	0	1	0
84329	0	1	0
85002	0	0	1
85011	1	0	0
86558	1	0	0
86567	0	0	1
86638	0	0	1
86720	1	0	0
86936	0	0	1
87121	0	0	1
87178	0	1	0
87372	0	1	0
88087	0	0	1
88364	0	0	1
88539	0	0	1
88754	0	1	0
88913	0	1	0
89133	1	0	0
89217	0	0	1
89770	1	0	0
89925	0	0	1
90305	0	1	0
90420	0	0	1
90683	0	1	0
90979	0	1	0
91095	0	0	1
91359	0	0	1
92050	0	1	0
92219	0	0	1
92752	0	0	1
92858	0	1	0
93197	0	1	0
93216	0	1	0
93265	0	1	0
93349	0	1	0
93363	0	1	0
93416	0	1	0
93460	0	1	0
93502	0	1	0
93522	0	1	0
93633	0	1	0
93735	1	0	0
93764	0	1	0
93766	1	0	0
93837	1	0	0
93898	1	0	0
94142	0	0	1
94161	1	0	0
94196	1	0	0
94200	1	0	0
94202	1	0	0
94211	1	0	0
94215	1	0	0
94216	0	0	1
94243	0	1	0
94534	1	0	0
94556	2	0	0
94588	1	0	0
94601	1	0	0
94815	1	0	0
95415	0	1	0
95516	0	0	1
95674	0	0	1
95913	0	1	0
95990	0	1	0
96205	0	0	1
96234	0	1	0
96474	1	0	0
96669	0	0	1
96746	1	0	0
97133	0	1	0
97747	0	0	1
97765	0	0	1
97851	0	1	0
99114	0	0	1
99122	0	1	0
99123	0	1	0
99134	0	1	0
99145	0	1	0
99153	0	1	0
99163	0	1	0
99241	0	1	0
99277	0	1	0
99294	0	1	0
99313	1	0	0
99359	1	0	0
99509	0	1	0
99516	0	1	0
99517	0	1	0
99519	0	1	0
99531	0	1	0
99532	0	4	0
99533	0	2	0
99534	0	1	0
99535	0	1	0
99539	0	1	0
99540	0	2	0
99543	0	1	0
99544	0	6	0
99559	0	2	0
99566	0	1	0
99593	0	1	0
99595	0	8	0
99597	0	7	0
99598	0	2	0
99600	0	4	0
99602	0	5	0
99603	0	2	0
99604	0	3	0
99605	0	8	0
99607	0	1	0
99608	0	7	0
99609	0	6	0
99610	0	6	0
99611	0	1	0
99612	0	1	0
99617	0	5	0
99618	0	3	0
99619	0	6	0
99620	0	7	0
99621	0	1	0
99623	0	4	0
99624	0	9	0
99625	0	19	0
99626	0	3	0
99627	0	12	0
99628	0	11	0
99629	0	3	0
99630	0	3	0
99631	0	3	0
99632	0	1	0
99633	0	1	0
99635	0	3	0
99636	0	2	0
99637	0	2	0
99638	0	9	0
99639	0	25	0
99640	0	9	0
99641	0	19	0
99642	0	3	0
99643	0	1	0
99644	0	4	0
99646	0	1	0
99647	0	1	0
99648	0	1	0
99649	0	2	0
99678	0	1	0
99683	0	1	0
99688	0	1	0
99734	0	0	1
99785	0	0	1
99797	0	0	1
100020	1	0	0
100029	1	0	0
100048	1	0	0
100051	3	0	0
100056	1	0	0
100058	9	0	0
100060	6	0	0
100061	17	0	0
100062	10	0	0
100063	22	0	0
100064	11	0	0
100065	4	0	0
100067	1	0	0
100070	2	0	0
100071	1	0	0
100072	4	0	0
100073	9	0	0
100074	18	0	0
100075	15	0	0
100076	5	0	0
100077	23	0	0
100078	18	0	0
100079	10	0	0
100081	1	0	0
100082	15	0	0
100083	9	0	0
100084	2	0	0
100085	4	0	0
100086	3	0	0
100087	1	0	0
100090	1	0	0
100091	2	0	0
100092	5	0	0
100093	4	0	0
100094	7	0	0
100095	3	0	0
100096	4	0	0
100097	7	0	0
100099	3	0	0
100100	2	0	0
100101	1	0	0
100102	1	0	0
100105	8	0	0
100106	4	0	0
100107	6	0	0
100108	2	0	0
100109	1	0	0
100127	1	0	0
100138	1	0	0
100142	1	0	0
100144	1	0	0
100148	1	0	0
100152	2	0	0
100153	1	0	0
100154	4	0	0
100155	1	0	0
100156	1	0	0
100157	10	0	0
100158	11	0	0
100159	5	0	0
100160	1	0	0
100161	1	0	0
100162	7	0	0
100163	3	0	0
100165	1	0	0
100166	2	0	0
100167	1	0	0
100168	3	0	0
100169	5	0	0
100170	16	0	0
100171	6	0	0
100176	1	0	0
100182	1	0	0
100183	7	0	0
100185	2	0	0
100186	6	0	0
100187	1	0	0
100188	1	0	0
100189	4	0	0
100194	1	0	0
100196	1	0	0
100199	1	0	0
100285	1	0	0
100455	1	0	0
100617	1	0	0
100637	1	0	0
100841	0	0	1
101797	0	1	0
101889	0	0	1
102893	0	0	1
102993	1	0	0
104042	0	0	1
104208	0	0	1
104485	0	0	1
105069	0	0	1
105343	0	0	1
105491	0	0	1
105663	0	0	1
105695	0	0	1
105715	0	0	1
105760	0	0	1
105845	0	0	1
105864	0	0	1
105955	0	0	1
105970	0	0	1
105987	0	0	1
106107	0	0	1
106131	0	0	1
106153	0	0	1
106156	0	0	1
106176	0	0	1
106235	0	0	1
106294	0	0	1
106351	0	0	1
106630	0	0	1
106672	0	0	1
106836	0	0	1
106854	0	0	1
106872	0	0	1
106997	0	0	1
107102	0	0	1
107407	0	0	1
107506	0	0	1
107614	0	0	1
107624	0	0	1
107627	0	1	0
108090	1	0	0
108143	0	0	1
108339	0	0	1
108512	0	0	1
108527	0	0	1
108533	0	0	1
108548	0	1	0
108563	0	1	0
108576	0	0	1
108647	1	0	0
108651	1	0	0
108763	0	1	0
108779	0	1	0
108790	0	1	0
108792	0	0	1
108822	0	1	0
109017	1	0	0
109104	0	1	0
109129	0	0	1
109144	1	0	0
109217	0	0	1
109293	0	0	1
109303	0	0	1
109375	0	1	0
109397	0	0	1
109430	0	0	1
109491	1	0	0
109533	0	0	1
109635	0	0	1
109951	1	0	0
110400	0	1	0
110427	0	0	1
110431	0	0	1
110476	0	0	1
110523	0	0	1
110537	0	0	1
110556	0	1	0
110570	0	1	0
110580	0	1	0
110588	0	1	0
110603	0	1	0
110617	0	1	0
110619	0	1	0
110623	0	1	0
110627	0	1	0
110628	0	1	0
110629	0	2	0
110632	0	1	0
110633	0	2	0
110634	0	1	0
110637	0	0	1
110643	0	1	0
110652	0	1	0
110657	0	1	0
110658	0	2	0
110661	0	1	0
110664	0	1	0
110668	0	2	0
110670	0	1	0
110673	0	0	1
110680	0	1	0
110683	0	1	0
110690	0	1	0
110695	0	1	0
110708	0	1	0
110710	0	1	0
110723	0	0	1
110726	0	1	0
110797	0	0	1
110821	0	0	1
110823	0	0	1
110868	0	0	1
110889	0	1	0
110960	0	0	1
110982	1	0	0
111050	0	0	1
111155	0	0	1
111300	0	0	1
111459	1	0	0
111488	1	0	0
111516	1	0	0
111524	1	0	0
111570	1	0	0
111580	1	0	0
111600	1	0	0
111737	0	0	1
112142	0	0	1
112190	0	0	1
112384	0	1	0
112466	0	0	1
112516	0	0	1
112567	1	0	0
113005	0	0	1
113082	0	1	0
113209	0	0	1
113566	1	0	0
113745	0	1	0
113862	0	0	1
113922	0	1	0
114170	0	1	0
114239	1	0	0
114287	0	1	0
114346	0	0	1
114509	0	0	1
114536	0	0	1
114548	0	0	1
114564	1	0	0
114683	0	0	1
114742	0	0	1
114994	0	1	0
115059	1	0	0
115250	0	0	1
115481	0	0	1
115519	0	0	1
115557	0	0	1
115772	0	0	1
115875	0	0	1
116723	0	1	0
117386	1	0	0
117468	0	0	1
117770	1	0	0
117896	0	0	1
117898	0	0	1
117972	0	0	1
117994	0	0	1
118000	0	0	1
119084	0	1	0
119143	0	1	0
119270	0	1	0
119470	0	0	1
119929	0	1	0
120218	0	0	1
120347	0	0	1
120713	1	0	0
120721	0	0	1
120832	0	1	0
120865	0	0	1
120947	0	0	1
121256	1	0	0
121307	0	1	0
122054	0	1	0
122124	0	1	0
122176	0	1	0
122373	0	0	1
122398	0	0	1
122418	0	0	1
123116	1	0	0
123300	0	1	0
123302	0	1	0
124746	0	0	1
125945	0	0	1
126524	0	0	1
126994	1	0	0
127133	0	0	1
127150	1	0	0
127345	0	0	1
127512	1	0	0
127642	1	0	0
127901	0	1	0
128207	0	0	1
128734	0	0	1
128735	0	0	1
128737	0	0	1
128739	0	0	1
128962	2	0	0
128963	1	0	0
128966	1	0	0
128967	1	0	0
128968	4	0	0
128969	3	0	0
128980	1	0	0
128988	4	0	0
128989	2	0	0
128991	1	0	0
129024	3	0	0
129025	1	0	0
129259	1	0	0
129260	1	0	0
129368	0	0	1
129558	1	0	0
129603	0	0	1
129641	0	0	1
130222	0	1	0
130530	0	1	0
130952	0	1	0
131107	0	0	1
131145	0	1	0
131570	0	0	1
132342	1	0	0
133610	0	0	1
134424	0	1	0
134425	0	1	0
134506	0	1	0
134861	0	1	0
134891	0	1	0
135119	0	0	1
135481	1	0	0
135761	0	0	1
135866	0	1	0
136035	0	0	1
136367	1	0	0
136383	0	1	0
136456	0	0	1
136749	1	0	0
136751	1	0	0
137136	1	0	0
137175	0	1	0
138406	0	0	1
139357	0	0	1
139931	1	0	0
139975	1	0	0
140061	0	0	1
140438	0	0	1
140566	0	0	1
140709	0	1	0
140870	0	0	1
140917	1	0	0
140958	0	0	1
140988	1	0	0
141093	1	0	0
142154	0	0	1
142170	0	1	0
142352	0	0	1
142511	0	0	1
142632	0	0	1
142685	0	0	1
142804	0	0	1
143200	0	0	1
143328	0	0	1
143613	0	0	1
144580	0	1	0
145392	1	0	0
145730	0	0	1
145854	0	0	1
146517	0	2	0
146549	0	1	0
149080	0	1	0
149150	0	0	1
149539	0	0	1
150255	0	0	1
151184	1	0	0
151391	1	0	0
151621	0	0	1
152316	0	0	1
152594	0	1	0
153028	0	0	1
153631	1	0	0
154066	0	0	1
155015	0	1	0
155187	0	0	1
155236	0	0	1
155960	0	0	1
156316	0	0	1
156375	0	1	0
157205	0	0	1
157318	0	0	1
157339	0	0	1
157718	0	0	1
157806	0	1	0
157929	0	0	1
157958	0	0	1
158249	0	1	0
158487	0	0	1
158502	1	0	0
158690	0	0	1
158871	0	0	1
158902	0	0	1
159506	1	0	0
160267	0	1	0
160550	0	0	1
160840	1	0	0
160844	0	0	1
160953	1	0	0
161052	0	0	1
161205	0	0	1
161550	0	0	1
161573	0	0	1
161874	0	0	1
161989	0	0	1
162078	0	0	1
162402	1	0	0
162498	0	0	1
162601	0	1	0
162604	0	0	1
162800	0	0	1
162831	0	0	1
163003	0	0	1
163233	0	0	1
163408	0	1	0
163467	0	0	1
163741	0	0	1
163853	0	0	1
164755	0	0	1
164761	0	0	1
164845	0	0	1
165287	0	0	1
165519	0	1	0
165521	0	0	1
165706	0	0	1
166453	0	0	1
166741	0	1	0
166750	0	0	1
167129	0	0	1
167142	0	0	1
167413	0	0	1
167571	0	0	1
167632	0	0	1
167647	0	1	0
167677	1	0	0
167724	0	0	1
167792	1	0	0
168069	0	0	1
168237	0	0	1
168552	1	0	0
168815	1	0	0
168920	0	0	1
169131	0	0	1
169736	0	0	1
169745	0	0	1
169883	0	1	0
170102	0	0	1
170198	0	0	1
170255	0	1	0
170360	0	0	1
170525	0	0	1
171045	0	0	1
171060	0	0	1
171268	0	0	1
171397	0	0	1
171749	0	0	1
171823	0	0	1
171862	0	0	1
172117	1	0	0
172198	1	0	0
172305	0	0	1
172735	0	1	0
172737	1	0	0
172753	0	0	1
172759	0	1	0
172770	0	0	1
172873	0	1	0
172972	0	0	1
172984	0	0	1
173120	0	1	0
173122	0	0	1
173338	0	1	0
173826	1	0	0
173829	0	0	1
173979	0	0	1
174142	0	0	1
174187	0	0	1
174429	0	0	1
174495	0	1	0
174535	0	0	1
174551	0	0	1
174553	0	0	2
174558	0	0	1
174719	0	0	1
174783	0	0	1
174858	0	0	1
174906	0	0	1
175196	0	0	1
175239	0	0	1
175302	0	0	1
175370	1	0	0
175440	0	0	1
175544	0	0	1
175743	0	0	2
175866	0	0	1
175960	0	0	1
176012	0	0	1
176114	0	0	1
176117	0	0	1
176160	0	0	1
176201	0	0	1
176216	0	0	1
176236	0	0	1
176491	0	0	1
176619	0	0	1
176729	0	0	1
176861	0	0	1
176908	0	0	1
177039	0	0	1
177044	1	0	0
177085	0	0	1
177095	1	0	0
177200	0	0	1
177260	0	0	1
177270	0	0	2
177280	0	0	1
177300	0	0	2
177303	0	0	4
177304	0	0	1
177311	0	0	1
177348	0	0	2
177391	0	0	1
177451	0	0	1
177623	0	0	1
177628	0	0	1
177634	0	0	1
177649	0	0	1
177687	0	0	1
177689	0	0	1
177724	0	0	1
177735	0	0	1
177756	0	0	1
177761	0	0	1
177770	0	0	1
177920	0	0	1
177927	0	0	1
177979	0	1	0
177989	0	0	1
178014	0	1	0
178140	0	0	1
178146	0	0	1
178164	0	0	1
178175	0	0	1
178176	0	0	1
178188	0	0	1
178189	0	1	0
178194	0	0	2
178200	0	0	1
178201	0	0	1
178214	0	0	1
178218	0	0	1
178220	0	0	1
178224	0	0	1
178239	0	0	1
178244	0	0	1
178262	0	0	1
178299	0	0	1
178339	0	0	1
178346	0	0	1
178357	0	0	1
178360	0	0	1
178417	0	0	1
178493	1	0	0
178619	0	0	2
178626	0	0	1
178641	0	0	1
178647	0	0	1
178655	0	1	0
178723	0	0	1
178752	0	0	1
178777	0	0	1
178795	0	0	1
178797	0	0	1
178807	0	0	1
178840	0	0	1
178856	0	0	2
178891	1	0	0
178916	0	0	1
178938	0	0	1
178963	0	0	1
179296	0	0	1
179419	0	0	1
179468	0	0	1
179471	1	0	0
179492	0	0	1
179501	0	1	0
179650	0	0	1
180092	0	0	1
180104	0	0	1
180172	0	0	1
180212	1	0	0
180332	0	0	2
180344	0	0	1
180347	0	0	1
180353	0	0	1
180354	0	0	1
180355	0	0	1
180358	0	0	1
180360	0	0	1
180363	0	0	1
180364	0	0	1
180366	0	0	1
180367	0	0	1
180370	0	0	1
180371	0	0	1
180373	0	0	2
180376	0	0	1
180384	0	0	1
180386	0	0	1
180389	0	0	1
180391	0	0	1
180395	0	0	1
180398	0	0	1
180401	0	0	1
180405	0	0	1
180406	0	0	1
180408	0	0	1
180409	0	0	1
180413	0	0	1
180420	0	0	2
180422	0	0	1
180424	0	0	1
180432	0	0	1
180433	0	0	1
180458	0	0	1
180463	0	0	1
180477	0	0	1
180480	0	0	1
180486	0	0	1
180494	0	0	1
180556	0	0	1
180565	1	0	0
180658	1	0	0
181217	0	0	1
182244	0	0	1
182260	0	0	1
182553	0	1	0
182625	0	0	1
182875	0	1	0
183318	0	0	1
183667	0	0	1
183898	0	1	0
184275	1	0	0
184337	0	0	1
184352	0	0	1
184691	1	0	0
184785	0	0	1
184796	0	0	1
184893	0	1	0
184943	0	0	1
184956	0	0	1
185026	0	0	1
186354	0	1	0
186472	0	0	1
186493	0	1	0
186574	0	1	0
186616	0	1	0
186624	0	0	1
186694	0	1	0
186773	0	1	0
187162	1	0	0
187208	0	0	1
187264	1	0	0
187326	0	0	1
187382	1	0	0
187403	0	0	1
187502	0	0	1
187503	0	0	1
187504	0	0	1
187528	0	0	1
187546	0	0	1
187574	0	0	1
187795	0	0	1
187832	0	0	1
188131	0	0	1
188143	0	0	1
188189	0	0	1
188196	0	0	1
188242	0	0	1
188283	0	0	1
188373	0	0	1
188405	0	0	1
188654	0	0	1
188743	1	0	0
188952	0	0	1
188972	0	0	1
189064	0	0	1
189814	0	0	1
190077	0	0	1
190350	0	0	1
190451	0	0	1
190546	0	1	0
190744	1	0	0
190857	0	0	1
191085	1	0	0
191283	1	0	0
191634	0	1	0
191743	2	0	0
191849	1	0	0
192340	1	0	0
192525	0	0	1
192546	0	0	1
193362	0	0	1
193472	0	0	1
193612	0	0	1
193954	0	0	1
194437	0	0	1
194547	0	1	0
197037	0	1	0
197985	0	0	1
198673	0	1	0
198814	0	1	0
199340	0	0	1
199356	1	0	0
200297	0	0	1
200372	0	1	0
200734	0	0	1
201154	1	0	0
201221	1	0	0
201545	0	0	1
201835	1	0	0
202184	0	1	0
202883	0	0	1
203049	0	0	1
203139	0	1	0
203417	0	1	0
204644	0	1	0
204730	0	0	1
205312	1	0	0
205543	0	1	0
206321	1	0	0
207397	0	1	0
207586	0	1	0
207914	0	0	1
207946	1	0	0
209826	0	0	1
210763	0	0	1
211604	0	1	0
211803	1	0	0
212176	0	0	1
212550	0	0	1
212987	0	0	1
213085	1	0	0
213171	0	0	1
213193	0	0	1
213368	0	0	1
213408	0	0	1
213448	0	0	1
213515	0	0	1
213544	0	0	1
213554	0	0	1
213718	0	0	1
213726	0	0	1
213740	0	0	1
213896	0	0	1
214098	0	0	1
214200	0	0	1
214362	0	0	1
214433	0	0	1
214438	0	0	1
214555	0	0	1
214576	0	0	1
214591	0	0	1
214706	0	0	1
214708	0	0	1
214758	0	0	1
214838	0	0	1
214875	0	0	1
214906	0	0	1
214995	0	0	1
215176	1	0	0
215244	0	0	1
215400	0	1	0
215490	0	0	1
215550	0	0	1
215606	0	0	1
215620	0	0	1
215738	0	0	1
215789	0	0	1
215838	0	0	1
215847	0	0	1
215907	0	0	1
215964	0	0	1
216030	0	0	1
216041	0	0	1
216046	0	0	1
216061	0	0	1
216062	0	0	1
216065	0	0	1
216081	0	0	1
216131	1	0	0
216137	1	0	0
216157	0	0	1
216182	1	0	0
216215	0	0	1
216228	0	0	1
216243	0	0	1
216295	0	0	1
216397	0	0	1
216496	0	0	1
216710	0	0	1
216711	0	0	1
216732	0	0	1
216747	0	0	1
216764	0	0	1
216862	0	1	0
216924	0	0	1
216992	0	0	1
216999	0	0	1
217057	0	0	1
217116	0	0	1
217155	0	0	1
217232	0	0	1
217271	1	0	0
217579	0	0	1
217619	0	0	1
217623	0	0	1
217717	0	0	1
217744	0	0	1
217765	0	0	2
217776	0	1	0
218088	0	0	1
218232	0	0	1
218348	0	0	1
218354	0	0	1
218418	0	0	1
218451	0	0	2
218477	0	0	1
218506	0	0	1
218508	0	0	1
218522	0	0	1
218531	0	0	1
218666	0	0	1
218736	0	0	1
218847	0	1	0
218890	0	0	1
218960	0	0	1
219004	0	0	1
219067	0	0	1
219185	1	0	0
219302	0	1	0
219366	0	0	1
219610	0	0	1
219820	0	0	1
219877	0	1	0
219891	1	0	0
220158	0	0	1
220279	0	0	1
220383	0	0	1
220481	0	0	1
220510	0	0	1
220531	0	0	1
220628	0	0	1
220716	0	1	0
220830	0	0	1
220844	0	0	1
220898	0	0	1
220982	0	0	1
220985	0	0	1
221052	0	0	1
221313	0	0	1
221328	0	1	0
221452	0	0	1
221526	0	0	1
221542	0	0	1
221625	0	0	1
221763	0	0	1
221934	0	0	1
221959	0	0	1
222151	0	0	1
222307	0	0	1
222484	0	0	1
222567	0	0	1
222596	0	0	1
222602	0	0	1
222606	0	0	1
222763	0	0	1
222834	0	0	1
222841	0	0	1
222879	0	0	1
222905	0	0	1
222926	0	0	1
222934	0	0	1
222948	0	0	1
223040	0	0	1
223099	0	0	1
223104	0	0	1
223228	0	0	1
223247	1	0	0
223290	1	0	0
223360	0	0	1
223402	0	0	1
223534	0	0	1
223564	0	0	1
223694	0	0	1
223724	0	0	1
223776	0	0	1
223802	0	0	1
224003	0	0	1
224075	1	0	0
224120	1	0	0
224122	1	0	0
224124	1	0	0
224138	1	0	0
224139	1	0	0
224140	1	0	0
224143	1	0	0
224144	1	0	0
224146	1	0	0
224150	1	0	0
224153	1	0	0
224156	1	0	0
224157	1	0	0
224159	1	0	0
224165	1	0	0
224167	1	0	0
224170	2	0	0
224179	1	0	0
224186	1	0	0
224191	1	0	0
224193	1	0	0
224244	0	1	0
224259	1	0	0
224477	0	0	1
224482	0	0	1
224504	1	0	0
224511	0	0	1
224731	0	1	0
225674	0	0	1
225868	1	0	0
225902	1	0	0
225908	0	0	1
226315	0	0	1
226463	0	0	1
226533	0	1	0
226735	1	0	0
226770	1	0	0
227386	0	0	1
227685	0	0	1
227861	1	0	0
227925	1	0	0
229198	0	0	1
229990	0	0	1
230012	1	0	0
230270	0	0	1
230342	1	0	0
230465	0	1	0
230534	0	0	1
230639	0	0	1
230770	0	0	1
230784	0	0	1
230919	0	1	0
231462	0	0	1
231798	0	1	0
232117	0	1	0
232644	0	0	1
232698	0	0	1
232748	0	0	1
233026	1	0	0
233080	1	0	0
233133	0	1	0
233141	0	0	1
233344	0	0	1
233365	1	0	0
233425	1	0	0
234305	1	0	0
234350	1	0	0
235388	0	1	0
235394	0	0	1
235449	1	0	0
235536	1	0	0
236376	0	1	0
236729	0	0	1
237372	0	0	1
237390	0	1	0
237838	0	0	1
238143	0	0	1
238628	0	0	1
238729	1	0	0
238812	0	0	1
238975	0	0	1
239375	0	0	1
239492	1	0	0
239899	0	0	1
240008	1	0	0
240936	0	0	1
241364	1	0	0
241569	0	1	0
241719	0	0	1
242139	0	0	1
242792	0	0	1
243291	0	0	1
243292	0	0	1
243374	0	0	1
243864	0	1	0
244107	1	0	0
244183	0	0	1
244568	1	0	0
245068	0	1	0
245465	0	0	1
245578	0	0	1
245651	0	0	1
245687	1	0	0
245823	0	0	1
246053	0	1	0
246252	0	0	1
246352	0	0	1
246361	0	0	1
246375	0	0	1
246724	0	0	1
246899	0	0	1
247173	0	0	1
247422	0	0	1
247563	0	1	0
247857	0	0	1
247960	0	0	1
248030	0	1	0
248476	0	1	0
249741	1	0	0
250058	1	0	0
250506	1	0	0
250638	0	0	1
251233	0	0	1
251441	0	0	1
251520	0	0	2
251633	0	0	1
252204	0	1	0
252539	1	0	0
252780	0	0	1
253376	0	0	1
253546	0	1	0
253706	0	0	1
254055	0	0	1
254706	0	0	1
254922	0	0	1
255013	0	0	1
255016	0	0	1
255089	0	0	1
255173	0	0	1
255305	0	0	1
255368	0	1	0
255437	0	0	1
255493	0	0	1
255665	0	0	1
255729	1	0	0
255976	0	0	1
256072	1	0	0
256140	1	0	0
256149	1	0	0
256260	0	1	0
256388	0	0	1
256790	0	0	1
256982	0	0	1
257350	1	0	0
257723	1	0	0
258521	0	1	0
259294	1	0	0
259387	0	0	1
260138	0	1	0
260660	0	1	0
260686	0	1	0
260983	0	0	1
260985	0	0	1
261118	1	0	0
261120	0	1	0
261317	1	0	0
261435	1	0	0
261489	1	0	0
261513	0	0	1
261605	0	0	1
261775	0	1	0
261866	0	1	0
262121	1	0	0
262155	0	0	1
262184	1	0	0
262208	1	0	0
262374	1	0	0
262998	0	0	1
263686	0	1	0
263707	0	0	1
264391	0	0	1
264407	0	0	1
264422	0	0	1
264445	0	0	1
264490	0	0	1
264504	0	0	1
264542	0	0	1
264915	1	0	0
265366	0	0	1
265446	0	0	1
265691	1	0	0
266083	0	1	0
266198	0	1	0
266398	0	0	1
266486	0	0	1
267130	0	0	1
267333	0	0	1
267360	0	0	1
268157	0	0	1
268413	0	0	1
268737	0	0	1
269129	0	1	0
269173	0	1	0
269492	0	0	1
269536	0	0	1
270628	0	0	1
270682	0	0	1
270870	0	0	1
271123	1	0	0
271250	0	0	1
271419	0	0	1
271582	1	0	0
271598	0	0	1
271670	0	0	1
272420	0	0	1
272766	0	0	1
272773	0	1	0
272914	0	0	1
273856	0	1	0
273872	0	1	0
274006	0	0	1
274485	1	0	0
276271	1	0	0
276405	1	0	0
276456	1	0	0
276497	1	0	0
276755	0	0	1
276968	0	0	1
277609	0	0	1
277695	0	0	1
277911	0	1	0
278509	0	0	1
279329	0	0	1
279331	1	0	0
279442	0	0	1
279524	0	0	1
280376	0	1	0
280413	0	1	0
280570	0	1	0
280573	1	0	0
280662	0	1	0
280677	0	0	1
281062	0	1	0
281065	0	0	1
281472	0	0	1
281515	0	0	1
281822	0	0	1
282075	0	0	1
282598	0	0	1
282716	0	0	1
282942	0	0	1
283066	0	1	0
283073	0	0	1
283097	0	0	1
283104	0	0	1
283150	0	0	1
283317	0	1	0
283375	0	0	1
283476	0	0	1
283560	1	0	0
283645	1	0	0
284880	0	0	1
284948	0	0	1
285183	0	0	1
285220	0	0	1
285285	1	0	0
286587	0	0	1
286594	0	1	0
286753	0	0	1
287294	0	0	1
287304	0	0	1
287317	0	0	1
287334	0	1	0
287359	0	0	1
288558	0	1	0
289382	0	0	1
289771	0	1	0
289808	0	1	0
290494	0	0	1
290573	1	0	0
290654	0	1	0
290935	1	0	0
291005	1	0	0
291051	0	1	0
291296	1	0	0
291565	0	0	1
291936	1	0	0
292844	0	0	1
293656	0	1	0
293764	0	0	1
294877	1	0	0
294939	1	0	0
294940	1	0	0
295014	0	1	0
295575	0	1	0
295635	1	0	0
295699	1	0	0
295775	1	0	0
295938	0	1	0
296269	0	0	1
296350	0	1	0
296577	0	0	1
297272	1	0	0
297464	0	0	1
298912	0	1	0
299263	1	0	0
299811	0	1	0
300290	0	0	1
300330	0	1	0
300826	0	1	0
301347	0	1	0
301534	0	1	0
301907	0	1	0
302042	1	0	0
303054	0	1	0
303442	0	0	1
303770	1	0	0
304196	0	0	1
304964	1	0	0
305127	1	0	0
305782	0	1	0
305987	0	1	0
306010	0	0	1
307014	1	0	0
307316	0	0	1
308391	0	0	1
308419	0	1	0
308960	1	0	0
309000	0	0	1
309267	1	0	0
309553	1	0	0
310072	0	0	1
310355	0	0	1
310604	0	2	0
310810	0	0	1
310855	1	0	0
311077	0	0	1
311241	1	0	0
312639	0	1	0
313039	0	0	1
314380	1	0	0
314685	0	0	1
314956	0	1	0
315126	1	0	0
315895	0	1	0
316146	0	0	1
316157	0	0	1
316588	0	0	1
316871	0	0	1
317255	0	1	0
317439	0	0	1
317493	1	0	0
317729	0	1	0
317835	0	1	0
318977	1	0	0
319511	0	1	0
320195	0	0	1
321011	0	0	1
322490	1	0	0
323162	0	1	0
323539	0	0	1
323586	0	0	1
323621	0	0	1
324021	0	0	1
324072	0	0	1
324180	0	0	1
324317	0	0	1
324442	0	0	1
324475	0	0	1
324566	0	0	1
324592	0	0	1
324601	0	0	1
324621	0	0	1
324824	1	0	0
325103	0	0	1
325109	0	1	0
325190	1	0	0
325393	0	0	1
325538	0	0	1
325554	0	0	1
325585	0	0	1
325616	0	0	1
325796	0	0	1
325856	0	0	1
325923	0	0	1
326003	0	0	1
326043	0	0	1
326052	0	0	1
326213	0	0	1
326252	0	0	1
326268	0	0	1
326301	0	0	1
326327	0	0	1
326455	0	0	1
326846	0	0	1
326922	0	0	1
326991	0	0	1
327105	0	0	1
327238	0	0	1
327342	0	0	1
327422	1	0	0
327423	0	0	1
327586	0	0	1
327669	0	0	2
327687	0	0	1
327712	0	0	1
327778	0	0	2
328179	0	0	1
328752	0	0	1
329258	0	1	0
329269	0	0	1
329277	1	0	0
329295	0	0	1
329483	0	0	1
329788	0	0	1
329855	0	0	1
329912	0	0	1
329941	1	0	0
329998	0	0	1
330007	0	0	1
330207	0	0	1
330322	0	0	1
330579	0	0	1
331033	0	0	1
332288	0	0	1
332614	0	0	1
333302	0	0	1
333691	0	0	1
334071	0	1	0
334116	0	1	0
334179	0	1	0
334316	0	1	0
334318	0	0	1
334737	1	0	0
334791	0	0	1
334904	0	0	1
336862	1	0	0
336915	0	0	1
337134	0	0	1
337329	1	0	0
337715	1	0	0
339390	0	0	1
339491	1	0	0
339533	0	0	1
339895	1	0	0
340271	0	1	0
341007	0	0	1
341017	0	1	0
341029	0	1	0
341126	0	0	1
341138	0	0	1
341154	0	0	1
341337	0	0	1
341426	0	0	1
341434	1	0	0
341501	0	0	1
341622	1	0	0
341927	1	0	0
342237	1	0	0
342504	0	1	0
343060	0	0	1
343685	0	1	0
343704	0	0	1
343765	1	0	0
344976	1	0	0
345225	0	0	1
345313	0	0	1
345331	1	0	0
345357	0	0	1
345358	0	0	1
345849	0	1	0
345992	0	0	1
346080	1	0	0
346970	0	0	1
347757	0	0	1
347810	1	0	0
348218	0	0	1
349594	1	0	0
349601	0	1	0
349728	0	0	1
349846	0	0	1
350271	0	0	2
351050	1	0	0
351471	0	0	1
351972	0	0	1
352262	1	0	0
353735	0	0	1
354445	1	0	0
354724	1	0	0
354732	2	0	0
355165	0	0	1
355416	0	0	1
355959	0	0	1
356093	0	0	1
356275	0	0	1
356513	0	1	0
356790	0	0	1
356941	0	0	1
356966	0	0	1
357143	0	1	0
357150	0	1	0
357264	1	0	0
357737	0	0	1
358166	0	0	1
358450	1	0	0
358686	1	0	0
358905	0	0	1
358951	0	0	1
359614	0	1	0
359699	0	0	1
359795	0	0	1
360412	0	0	1
360469	0	0	1
360631	1	0	0
360889	0	0	1
361792	0	0	1
361809	0	0	1
361816	1	0	0
361837	1	0	0
362226	0	0	1
362561	0	0	1
362637	0	0	1
362664	0	0	1
362689	0	0	1
362771	0	0	1
363094	0	0	1
363355	1	0	0
363966	0	0	1
364220	0	1	0
365040	0	0	1
365147	0	0	1
365396	0	0	1
365932	0	1	0
366532	0	0	1
367151	0	1	0
367376	0	1	0
367519	1	0	0
367728	1	0	0
367890	0	1	0
368088	0	0	1
368707	0	1	0
368918	1	0	0
369741	0	0	1
370696	1	0	0
370990	1	0	0
371369	0	0	1
372504	0	1	0
373196	0	3	0
373695	0	0	1
373788	0	1	0
374168	0	0	1
374830	0	0	1
374974	0	0	1
374992	0	0	1
375040	0	0	1
375154	0	1	0
375182	0	0	1
375599	0	1	0
375932	0	0	1
376404	0	0	1
377365	0	0	1
378116	0	0	1
378279	0	1	0
378286	1	0	0
378306	0	0	1
378553	0	0	1
379259	0	0	1
379562	0	0	1
379692	0	0	1
380496	0	0	1
380562	0	0	1
380628	0	0	1
381663	0	0	1
381929	0	0	1
382907	0	0	1
384056	0	1	0
384486	0	0	1
384537	0	0	1
388347	0	1	0
388452	0	0	1
388747	0	0	1
388992	0	0	1
389143	0	0	1
389275	0	0	1
389575	0	0	1
390010	1	0	0
390239	1	0	0
390919	1	0	0
392081	0	0	1
392378	0	1	0
392698	0	0	1
394630	0	1	0
395389	0	1	0
396126	1	0	0
397663	0	1	0
399357	0	2	0
399674	0	1	0
400886	0	0	1
400909	0	1	0
401832	1	0	0
402181	0	0	1
402348	0	1	0
402571	0	0	1
402917	1	0	0
403069	1	0	0
403372	0	0	1
403566	0	0	1
404089	0	1	0
404258	0	0	1
404641	1	0	0
405159	0	0	1
405211	0	0	1
405312	0	0	1
405352	1	0	0
406092	0	1	0
406308	1	0	0
407337	0	0	1
407957	0	0	1
408683	0	0	1
409040	0	0	1
409061	0	1	0
409244	0	1	0
410798	1	0	0
411071	1	0	0
412917	0	0	1
413376	0	1	0
413458	0	0	1
414263	1	0	0
414963	0	1	0
415501	0	0	1
415660	0	1	0
415758	0	0	1
417013	0	0	1
417781	0	0	1
417884	0	0	1
418295	1	0	0
418440	0	0	1
418890	0	0	1
419645	0	0	1
420319	0	0	1
420320	0	0	1
420561	0	0	1
420738	0	0	1
420819	0	0	1
421207	0	0	1
422044	0	0	1
422101	0	0	1
422373	0	0	1
422397	0	0	1
423700	1	0	0
423982	0	0	1
424157	1	0	0
424336	0	0	1
424370	0	0	1
424462	0	0	1
424925	0	1	0
425059	0	0	1
429328	0	0	1
431237	1	0	0
431585	0	1	0
432003	0	0	1
432106	0	0	1
432229	0	0	1
432422	0	0	1
432630	0	0	1
432732	0	0	1
432737	0	0	1
432760	0	0	1
432843	0	0	1
432850	0	0	1
432868	0	0	1
433358	0	0	1
433402	0	0	1
433831	0	0	1
433839	0	0	1
433840	0	0	1
433844	0	0	1
433885	0	0	1
434194	0	0	1
434775	0	0	1
434815	0	0	1
434817	0	0	1
435817	0	0	1
436263	0	0	1
436754	1	0	0
436889	1	0	0
437388	0	0	1
437510	0	0	1
438365	0	1	0
438895	1	0	0
440164	0	0	1
440334	0	0	1
440592	0	0	1
441348	0	1	0
441978	1	0	0
442510	1	0	0
444798	0	0	1
445428	0	0	1
446185	0	0	1
446352	0	0	1
446376	0	0	1
446434	0	0	1
446795	0	0	1
446823	0	0	1
446940	0	0	1
447294	0	0	1
447426	0	0	1
447452	0	0	1
447737	1	0	0
447749	0	0	1
448199	0	0	1
448311	0	0	1
448910	0	0	1
449191	1	0	0
449724	0	0	1
449763	0	0	1
449826	0	0	1
449837	0	0	1
450648	0	0	1
450927	1	0	0
450984	0	0	1
451108	0	0	1
451130	0	0	1
451163	0	0	1
451175	0	0	1
451308	0	0	1
451335	0	0	1
451345	0	0	1
451415	0	0	1
451423	0	0	1
451581	0	0	1
451596	0	0	1
451640	0	0	1
451698	0	0	1
451877	0	0	1
451915	0	0	1
451941	0	0	1
451963	0	0	1
452015	0	0	1
452301	0	0	1
452564	0	0	1
452664	0	0	1
452961	0	0	1
453249	0	0	1
453475	0	0	1
453695	0	0	1
454038	1	0	0
454317	0	0	1
454547	0	0	1
454583	0	0	1
454584	0	0	1
454594	0	0	1
454613	0	0	2
454655	0	0	1
454687	0	0	1
454689	0	0	1
454698	0	0	1
454830	1	0	0
455020	0	0	1
457471	1	0	0
458157	0	1	0
458863	0	0	1
459543	0	0	1
459599	1	0	0
459614	0	0	1
459835	0	0	1
460877	0	0	1
462039	0	1	0
462132	0	1	0
463454	1	0	0
464597	0	0	1
465080	0	0	1
465472	0	0	1
465587	1	0	0
465766	1	0	0
466271	0	1	0
466566	1	0	0
466586	0	0	1
468318	0	0	1
469044	1	0	0
469361	0	0	1
470362	0	1	0
470580	0	0	1
470770	0	0	1
471149	0	0	1
471524	0	0	1
471962	0	0	1
472501	0	0	1
473465	0	0	1
473561	1	0	0
473578	1	0	0
473615	1	0	0
473627	1	0	0
474064	0	0	1
474076	0	0	1
474082	0	0	1
474817	0	0	1
476361	0	1	0
476383	0	1	0
476577	0	1	0
476814	0	1	0
476826	0	1	0
476863	0	1	0
476897	0	1	0
476944	0	1	0
477062	0	0	1
477295	1	0	0
477299	1	0	0
477305	1	0	0
477337	1	0	0
477635	1	0	0
477662	1	0	0
477669	1	0	0
477803	1	0	0
478029	1	0	0
479582	1	0	0
479692	0	1	0
479853	0	1	0
482342	0	0	1
482495	0	1	0
483088	0	1	0
484099	0	0	1
484376	1	0	0
485693	0	0	1
487164	0	0	1
487344	0	0	1
488154	1	0	0
488227	1	0	0
489482	1	0	0
491426	0	0	1
491479	0	0	1
492152	1	0	0
492419	0	1	0
494258	0	1	0
494922	0	0	1
496424	0	0	1
497215	0	0	1
497521	1	0	0
497667	1	0	0
498865	0	0	1
499513	0	1	0
502090	0	0	1
505798	0	1	0
506417	0	0	1
509455	0	0	1
511078	0	0	1
512814	0	0	1
513308	1	0	0
514972	1	0	0
516919	0	0	1
517713	0	1	0
518057	1	0	0
519024	0	1	0
519401	0	1	0
521138	0	0	1
521920	0	0	1
523333	0	0	1
524017	1	0	0
525515	0	1	0
525791	1	0	0
525820	0	1	0
525974	0	0	1
526355	1	0	0
527291	0	0	1
528579	0	0	1
528821	1	0	0
529523	1	0	0
529859	1	0	0
529977	1	0	0
530932	1	0	0
531557	1	0	0
533427	0	1	0
535458	0	1	0
535822	0	0	1
536601	0	0	1
536912	0	0	1
537141	1	0	0
538127	0	0	1
538292	0	0	1
539592	1	0	0
544546	0	1	0
547372	0	1	0
549105	0	0	1
549133	1	0	0
549383	0	0	1
551233	0	0	1
555413	0	0	1
555454	0	0	1
555737	0	0	1
555740	0	0	1
556336	0	0	1
556348	0	0	1
556361	0	0	1
556363	0	0	1
556373	0	0	1
556376	0	0	1
556390	0	0	1
556402	0	0	1
556410	0	0	1
556450	0	0	1
556559	0	0	1
556567	0	0	1
556756	0	0	1
556927	0	0	1
557119	1	0	0
558114	0	0	1
558257	0	0	1
559199	0	0	1
559420	0	0	1
559573	0	0	1
559673	0	0	1
559738	0	0	1
559790	0	0	1
559816	1	0	0
560133	1	0	0
560339	0	0	1
560692	0	0	1
561040	0	0	1
561229	0	0	1
561249	1	0	0
561422	0	0	1
561721	0	0	1
562848	0	0	1
562862	0	0	1
563035	0	0	1
563158	0	0	1
563187	1	0	0
564013	0	0	1
564542	0	0	1
564774	0	0	1
564800	0	0	1
564806	0	0	1
564820	0	0	1
564827	0	0	1
564933	0	0	1
564946	0	0	1
564976	0	0	1
565103	0	0	1
565108	0	1	0
565130	0	0	1
565189	0	0	1
565287	0	0	1
565675	0	0	1
566174	0	0	1
566555	0	0	1
567347	1	0	0
567761	1	0	0
568036	0	0	1
569340	0	1	0
569481	1	0	0
569709	1	0	0
571393	0	0	1
571718	0	0	1
571938	0	0	1
572061	0	0	1
572303	0	1	0
572657	0	1	0
576197	1	0	0
576750	0	0	1
577569	0	0	1
580217	0	1	0
581714	0	0	1
582281	0	0	1
584075	1	0	0
585747	0	1	0
586355	0	0	1
586409	0	0	1
586448	0	0	1
586463	0	0	1
586468	0	0	1
586487	0	0	1
586500	0	0	1
586519	0	0	1
586554	0	0	1
587296	0	0	1
593122	0	0	1
593516	0	0	1
594756	1	0	0
596549	0	1	0
596994	0	0	1
597561	0	0	1
598265	0	0	1
599163	1	0	0
602359	0	0	1
604364	0	1	0
606477	1	0	0
606711	1	0	0
608451	0	1	0
612378	0	1	0
613429	0	0	1
613468	0	1	0
614208	0	1	0
614915	0	0	1
617999	0	1	0
618101	0	1	0
618576	0	0	1
621014	0	0	1
624715	1	0	0
626440	0	0	1
627479	0	0	1
628716	0	0	1
631499	1	0	0
633562	0	0	1
635132	0	1	0
638266	0	0	1
639006	0	0	1
640913	0	0	1
641074	0	0	1
647089	0	0	1
652408	0	1	0
654809	0	0	1
655920	1	0	0
656583	0	1	0
657487	0	0	1
658294	1	0	0
658740	1	0	0
659885	1	0	0
664869	1	0	0
665040	1	0	0
665970	0	1	0
666723	0	0	1
666966	0	0	1
667783	0	1	0
670836	0	0	1
678498	0	0	1
679249	0	0	1
681806	0	0	1
682917	0	0	1
683233	0	0	1
689716	0	0	1
693752	0	1	0
696611	0	0	1
696894	0	0	1
696994	0	0	1
697004	0	0	1
697247	0	0	1
698071	0	0	1
698330	0	1	0
698796	1	0	0
700317	0	0	1
701214	0	1	0
704957	0	0	1
706452	0	1	0
708492	1	0	0
711100	0	1	0
713742	0	0	1
717263	0	1	0
720654	1	0	0
721069	1	0	0
722386	1	0	0
723228	0	1	0
723351	0	0	1
730611	0	0	1
730695	0	0	1
730701	0	0	1
733309	0	1	0
734510	1	0	0
735043	0	0	1
735300	1	0	0
735514	1	0	0
737882	1	0	0
741757	0	0	1
742816	0	0	1
742871	0	0	1
743776	1	0	0
744649	1	0	0
744767	0	0	1
745068	0	0	1
745535	0	1	0
747131	0	1	0
747341	0	0	1
747634	0	0	1
747874	0	0	1
748243	0	1	0
749090	0	0	1
749526	0	0	1
749617	0	0	1
749620	0	0	1
749663	0	0	1
749667	0	0	1
749668	0	0	1
749671	0	0	1
749690	0	0	1
750139	0	0	1
750174	0	0	1
751279	0	0	1
751624	0	0	1
751651	0	0	1
751889	0	0	1
752069	0	0	1
752972	0	0	1
753295	0	0	1
754694	1	0	0
757448	0	0	1
758222	0	0	1
759490	0	0	1
760905	1	0	0
760910	1	0	0
760921	1	0	0
760938	1	0	0
760939	1	0	0
760946	1	0	0
760963	1	0	0
760970	1	0	0
760976	1	0	0
760995	1	0	0
761008	1	0	0
762460	1	0	0
763360	0	1	0
764404	0	1	0
770000	0	0	1
770803	0	1	0
770957	1	0	0
774000	0	1	0
776206	1	0	0
777415	1	0	0
783848	0	0	1
784552	0	0	1
786213	1	0	0
787259	0	1	0
787261	0	1	0
787308	0	1	0
787340	0	1	0
787360	0	1	0
787384	0	1	0
787389	0	1	0
787427	0	1	0
787685	0	1	0
787747	0	1	0
787770	0	1	0
787772	0	1	0
787783	0	1	0
787785	0	1	0
787805	0	1	0
787824	0	1	0
787883	0	0	1
787907	0	0	1
788082	0	0	1
788164	1	0	0
788201	1	0	0
788209	1	0	0
788224	0	0	1
788229	1	0	0
788263	1	0	0
788531	1	0	0
788751	1	0	0
788771	0	1	0
788976	0	0	1
789375	0	1	0
789817	0	1	0
790098	0	0	1
790118	0	0	1
790235	0	0	1
790319	0	0	1
790493	0	0	1
790503	0	0	1
790516	0	0	1
790535	0	0	1
791177	0	1	0
791498	0	0	1
792401	0	0	1
792412	0	0	1
792947	0	0	1
793107	0	0	1
793108	0	0	1
793120	0	0	1
793368	0	0	1
793376	0	0	1
793473	0	1	0
793869	0	0	1
794026	0	0	1
794136	0	1	0
794633	0	0	1
795460	0	0	1
796034	0	0	1
796067	0	0	1
796080	0	0	1
796089	0	0	1
796160	0	0	1
796913	0	1	0
797083	0	0	1
797209	0	0	1
797226	0	1	0
797434	0	0	1
797445	0	0	1
797461	0	0	1
797494	1	0	0
797562	0	0	1
797577	0	0	1
797740	0	1	0
797821	0	0	1
797849	0	0	1
797866	0	0	1
797967	0	0	1
797968	0	0	1
797985	0	0	1
798021	0	0	1
798104	0	0	1
798118	0	0	1
798176	0	0	1
798180	0	0	1
798193	0	0	1
798310	0	0	1
798340	1	0	0
798353	0	0	1
798724	1	0	0
799187	1	0	0
799239	0	0	1
799684	1	0	0
801448	1	0	0
809463	1	0	0
809892	1	0	0
810587	0	0	1
818093	0	0	1
818122	1	0	0
824188	0	1	0
829986	1	0	0
831800	0	0	1
835528	0	1	0
835699	1	0	0
847450	0	0	1
847555	0	0	1
852388	0	1	0
852872	1	0	0
853289	1	0	0
853572	1	0	0
858661	1	0	0
867662	1	0	0
867798	0	0	1
868562	1	0	0
869494	0	0	1
871077	0	0	1
882481	0	0	1
882918	0	0	1
883358	1	0	0
885150	0	0	1
901281	0	0	1
901416	0	0	1
902044	0	0	1
905933	1	0	0
907157	1	0	0
910924	0	1	0
914392	0	0	1
916098	1	0	0
919536	0	0	1
932056	0	1	0
932846	0	0	1
934093	0	0	1
934850	0	1	0
936080	0	1	0
936859	0	0	1
937174	0	0	1
937187	1	0	0
937688	0	0	1
937788	0	0	1
942666	0	0	1
945748	0	0	1
946568	0	1	0
946835	0	0	1
948165	0	0	1
948796	0	1	0
953916	1	0	0
963073	0	0	1
969680	1	0	0
969885	0	1	0
981180	1	0	0
986408	1	0	0
999350	0	1	0
1024207	0	0	1
1034347	0	0	1
1035796	1	0	0
1047666	1	0	0
1051184	0	0	1
1060451	0	0	1
1060483	0	0	1
1061088	0	0	1
1061235	0	0	1
1061238	0	0	1
1062156	1	0	0
1062589	1	0	0
1062995	0	0	1
1063055	0	0	1
1063383	0	0	1
1063387	0	0	1
1067749	0	0	1
1067764	0	0	1
1067772	0	0	1
1067781	0	0	1
1068670	0	0	1
1068799	0	0	1
1070390	0	0	1
1074179	0	0	1
1074853	1	0	0
1075390	0	0	1
1076158	0	0	1
1076680	0	0	1
1092934	0	1	0
1109257	0	0	1
1132976	0	1	0
1144266	0	0	1
1180651	0	1	0
1183495	0	1	0
1192691	0	0	1
1194830	1	0	0
1194939	0	1	0
1195476	1	0	0
1215431	1	0	0
1232144	0	0	1
1238796	0	0	1
1239033	0	0	1
1267051	0	0	1
1272037	1	0	0
1443891	0	0	1

