## htsjdk.samtools.metrics.StringHeader
# CollectInsertSizeMetrics --Histogram_FILE /u/home/s/samdemar/project-guillom/upf1_rrp6/7_INSERT_HISTOGRAMS/UPF1_3YP_1.fq.gz_hist.pdf --DEVIATIONS 1.0E7 --MINIMUM_PCT 0.0 --INPUT /u/home/s/samdemar/project-guillom/upf1_rrp6/4_REMOVE_PCR/UPF1_3YP_1.fq.gz.bam --OUTPUT /u/home/s/samdemar/project-guillom/upf1_rrp6/7_INSERT_HISTOGRAMS/UPF1_3YP_1.fq.gz_output.txt --METRIC_ACCUMULATION_LEVEL ALL_READS --INCLUDE_DUPLICATES false --ASSUME_SORTED true --STOP_AFTER 0 --VERBOSITY INFO --QUIET false --VALIDATION_STRINGENCY STRICT --COMPRESSION_LEVEL 5 --MAX_RECORDS_IN_RAM 500000 --CREATE_INDEX false --CREATE_MD5_FILE false --GA4GH_CLIENT_SECRETS client_secrets.json --help false --version false --showHidden false --USE_JDK_DEFLATER false --USE_JDK_INFLATER false
## htsjdk.samtools.metrics.StringHeader
# Started on: Mon Nov 15 17:21:32 PST 2021

## METRICS CLASS	picard.analysis.InsertSizeMetrics
MEDIAN_INSERT_SIZE	MODE_INSERT_SIZE	MEDIAN_ABSOLUTE_DEVIATION	MIN_INSERT_SIZE	MAX_INSERT_SIZE	MEAN_INSERT_SIZE	STANDARD_DEVIATION	READ_PAIRS	PAIR_ORIENTATION	WIDTH_OF_10_PERCENT	WIDTH_OF_20_PERCENT	WIDTH_OF_30_PERCENT	WIDTH_OF_40_PERCENT	WIDTH_OF_50_PERCENT	WIDTH_OF_60_PERCENT	WIDTH_OF_70_PERCENT	WIDTH_OF_80_PERCENT	WIDTH_OF_90_PERCENT	WIDTH_OF_95_PERCENT	WIDTH_OF_99_PERCENT	SAMPLE	LIBRARY	READ_GROUP
257	245	39	2	1319202	275.507713	2205.237337	19329620	FR	15	31	45	61	79	99	123	155	207	261	483			
230	55662	207.5	2	1361982	46758.596487	127968.685538	4384	RF	127	229	311	375	415	453	2189	110865	198827	628781	1429245			
183	153	73	2	1373208	72390.990671	177659.206289	8254	TANDEM	27	55	83	113	147	185	253	134581	554947	910521	1596187			

## HISTOGRAM	java.lang.Integer
insert_size	All_Reads.fr_count	All_Reads.rf_count	All_Reads.tandem_count
2	16	15	1
3	19	21	1
4	24	23	0
5	22	20	0
6	16	23	0
7	16	19	1
8	20	20	0
9	17	21	1
10	10	15	1
11	21	18	3
12	35	21	1
13	19	22	1
14	22	16	0
15	23	20	3
16	24	33	1
17	23	23	2
18	34	24	3
19	1983	26	0
20	119	24	3
21	90	26	1
22	1058	24	2
23	70	24	1
24	79	30	1
25	124	19	2
26	112	21	7
27	71	15	4
28	262	19	4
29	84	20	3
30	466	23	11
31	46	20	7
32	318	21	7
33	121	19	7
34	59	23	5
35	432	21	5
36	97	24	3
37	70	12	7
38	64	13	6
39	93	19	5
40	96	14	10
41	98	18	13
42	515	11	5
43	187	12	7
44	651	10	7
45	168	12	8
46	181	17	5
47	134	14	9
48	162	17	11
49	167	16	8
50	175	10	9
51	1938	14	8
52	240	11	8
53	169	14	10
54	713	13	12
55	246	16	11
56	230	9	7
57	206	12	12
58	651	9	12
59	214	10	9
60	232	10	16
61	262	12	9
62	239	14	22
63	386	14	15
64	311	11	12
65	353	9	16
66	359	9	14
67	337	9	15
68	329	8	11
69	356	13	22
70	398	15	14
71	418	11	14
72	488	14	15
73	550	11	15
74	545	14	21
75	687	11	25
76	612	11	19
77	704	11	20
78	660	6	17
79	721	13	18
80	845	5	20
81	925	9	18
82	942	9	20
83	886	5	15
84	963	13	25
85	1083	7	26
86	1219	15	23
87	1319	7	22
88	1342	9	16
89	1365	6	32
90	1549	8	21
91	1578	10	26
92	1692	6	26
93	1659	11	30
94	1900	8	30
95	2640	13	33
96	2149	9	32
97	2172	5	29
98	2376	5	39
99	2487	11	35
100	2513	8	34
101	2734	8	30
102	2961	4	33
103	3096	12	41
104	3191	9	24
105	3420	13	42
106	3731	8	41
107	4090	7	31
108	4008	4	26
109	4303	5	37
110	4381	7	37
111	4665	7	33
112	4950	7	39
113	5201	7	25
114	5367	5	32
115	5686	13	31
116	5878	10	41
117	6173	8	45
118	6497	5	36
119	6814	6	32
120	6918	8	42
121	7334	5	40
122	7563	7	34
123	7889	5	35
124	8235	12	29
125	8318	5	28
126	8789	7	37
127	9239	3	36
128	9448	11	37
129	9981	6	42
130	10539	8	22
131	10971	9	36
132	11185	8	35
133	11509	12	44
134	11816	4	32
135	12579	7	40
136	12734	7	37
137	13398	5	50
138	13844	7	38
139	14732	13	37
140	15058	10	45
141	15424	3	38
142	16498	10	35
143	16514	4	39
144	17019	9	36
145	17839	11	36
146	18426	6	49
147	18914	3	32
148	19871	5	47
149	20528	5	31
150	21153	6	32
151	22148	8	31
152	22923	2	35
153	23313	8	52
154	24404	4	25
155	24950	4	36
156	25769	4	28
157	26765	6	29
158	27590	5	37
159	28327	6	35
160	29118	2	42
161	30306	5	39
162	31226	4	36
163	32090	10	46
164	33300	3	35
165	33935	4	25
166	35234	4	31
167	36338	5	40
168	36756	8	32
169	37707	5	47
170	39352	2	44
171	40139	7	40
172	41431	5	47
173	43138	4	35
174	44176	4	25
175	45663	7	30
176	46594	1	29
177	47650	7	34
178	49397	0	37
179	50170	4	27
180	52027	2	29
181	53084	9	31
182	54547	5	37
183	55257	4	25
184	57436	6	32
185	58519	2	20
186	59757	4	25
187	61005	4	32
188	63037	2	31
189	63863	8	31
190	65530	4	30
191	67270	3	36
192	69415	4	22
193	70601	6	20
194	71694	6	36
195	73244	6	22
196	75638	6	23
197	77732	2	26
198	78274	7	36
199	79970	4	21
200	81492	1	31
201	82799	3	32
202	84819	5	24
203	86567	6	25
204	88701	6	30
205	89169	5	23
206	91554	4	12
207	92311	4	28
208	94377	4	30
209	96215	7	22
210	97228	3	21
211	99368	3	24
212	101771	4	24
213	102407	3	17
214	103929	6	29
215	105687	7	18
216	106782	4	23
217	109098	3	23
218	110220	2	27
219	111510	3	12
220	112713	5	22
221	114162	4	7
222	115256	6	18
223	117406	4	20
224	118386	5	16
225	119277	4	22
226	120224	1	19
227	121911	2	23
228	122528	8	24
229	124128	7	17
230	124475	5	15
231	124882	3	17
232	126740	2	8
233	127743	4	21
234	128419	4	25
235	129300	4	10
236	129972	3	19
237	130129	1	13
238	132083	2	16
239	132550	5	18
240	132730	3	12
241	133055	2	16
242	133702	4	16
243	133825	2	14
244	134916	2	11
245	136134	2	16
246	135669	6	20
247	136018	3	14
248	135733	2	13
249	134673	2	19
250	135227	2	9
251	135204	0	11
252	135309	6	11
253	135592	1	9
254	135342	1	12
255	134441	2	10
256	134477	2	7
257	134910	0	10
258	133717	4	24
259	134287	2	14
260	133192	2	8
261	131906	5	13
262	131623	1	12
263	131696	0	10
264	130907	4	12
265	130418	0	11
266	129880	3	6
267	128929	1	6
268	128808	1	9
269	127210	0	8
270	126185	3	15
271	126283	4	18
272	124894	6	8
273	123401	2	11
274	123009	2	8
275	122231	3	6
276	120236	6	8
277	119890	3	9
278	119283	2	7
279	117371	2	5
280	117601	3	6
281	115918	1	10
282	113791	0	8
283	114009	3	8
284	112359	1	8
285	110977	5	12
286	110415	5	8
287	109190	1	10
288	107112	1	10
289	106932	1	5
290	105066	1	6
291	103723	2	4
292	101943	1	8
293	101278	2	8
294	99351	3	6
295	98639	1	8
296	97277	3	6
297	95605	3	3
298	95088	1	5
299	93848	1	6
300	92189	3	2
301	90434	4	4
302	89411	4	5
303	87036	4	4
304	86547	4	3
305	85093	0	8
306	83867	2	5
307	82687	1	6
308	81266	1	7
309	79556	6	3
310	78760	2	6
311	77187	3	4
312	76230	0	2
313	74554	1	6
314	73320	1	9
315	71826	0	2
316	70842	1	6
317	69574	2	1
318	67855	3	5
319	67150	4	3
320	66487	3	5
321	64771	3	3
322	63782	5	3
323	62292	2	2
324	60722	3	2
325	59653	4	4
326	58824	1	3
327	57393	1	3
328	56744	3	3
329	55187	0	2
330	53969	2	1
331	52935	5	0
332	51964	3	2
333	50649	0	4
334	50202	0	3
335	49479	0	2
336	47710	2	2
337	47032	1	3
338	46312	2	2
339	44970	6	4
340	44241	2	1
341	43416	1	4
342	42035	1	5
343	41037	1	0
344	40134	2	2
345	39044	3	3
346	38413	1	1
347	37558	3	2
348	36470	4	1
349	35974	1	1
350	35062	1	0
351	34689	0	6
352	33425	6	6
353	32855	2	4
354	32307	1	3
355	31545	1	1
356	31217	3	1
357	30408	4	1
358	29716	2	3
359	28572	4	2
360	28062	0	3
361	27412	3	2
362	26412	2	2
363	25778	1	3
364	25165	6	1
365	24627	3	1
366	24018	0	1
367	23669	5	0
368	23117	2	2
369	22440	1	1
370	22034	2	1
371	21411	1	1
372	20988	1	1
373	20360	2	2
374	19857	3	0
375	19417	0	0
376	18757	3	0
377	18552	3	1
378	17915	1	0
379	17485	4	0
380	17156	3	2
381	16812	1	0
382	16363	2	1
383	15702	3	0
384	15515	0	2
385	15358	2	1
386	14796	2	1
387	14415	2	0
388	14107	2	2
389	13893	1	2
390	13326	1	1
391	13134	2	1
392	12936	1	2
393	12341	0	0
394	11854	4	2
395	11800	1	1
396	11415	1	3
397	11286	1	0
398	10972	2	2
399	10671	2	0
400	10497	0	2
401	10257	4	0
402	9973	1	1
403	9805	0	0
404	9507	1	1
405	9348	3	0
406	9227	2	0
407	8904	5	1
408	8515	0	2
409	8431	0	2
410	8082	4	0
411	7997	3	1
412	7838	1	2
413	7554	2	1
414	7472	1	0
415	7140	2	0
416	7025	2	0
417	6854	0	0
418	6789	1	0
419	6644	1	0
420	6433	0	0
421	6303	0	2
422	6229	2	0
423	5945	4	0
424	5878	1	0
425	5632	1	0
426	5509	2	0
427	5331	1	2
428	5200	0	0
429	5166	1	1
430	4976	1	0
431	4876	4	0
432	4759	1	0
433	4553	3	0
434	4551	5	0
435	4394	3	0
436	4319	2	1
437	4346	13	0
438	4233	4	1
439	4089	3	0
440	4019	3	0
441	3931	1	0
442	3816	0	0
443	3755	0	0
444	3687	1	0
445	3538	1	0
446	3345	0	1
447	3430	5	0
448	3377	1	1
449	3272	1	0
450	3197	2	0
451	3157	0	0
452	3125	0	0
453	3003	2	1
454	2851	2	1
455	2808	2	1
456	2718	4	0
457	2719	0	1
458	2665	2	0
459	2602	4	1
460	2537	2	0
461	2572	1	1
462	2436	1	1
463	2437	0	1
464	2234	1	0
465	2332	1	0
466	2274	0	0
467	2155	0	0
468	2189	1	1
469	2066	4	0
470	2195	1	1
471	2031	2	1
472	1974	1	0
473	2055	2	1
474	1936	2	1
475	1848	2	2
476	1807	3	0
477	1752	1	0
478	1869	2	0
479	1755	1	0
480	1739	3	0
481	1653	4	1
482	1580	0	0
483	1611	3	1
484	1607	0	0
485	1553	1	0
486	1494	3	0
487	1492	0	0
488	1552	1	0
489	1426	2	0
490	1411	0	0
491	1374	0	0
492	1307	0	0
493	1359	2	0
494	1300	1	0
495	1287	0	0
496	1269	1	0
497	1286	1	0
498	1320	1	0
499	1284	0	1
500	1297	0	0
501	1229	1	1
502	1170	3	0
503	1179	3	0
504	1175	1	0
505	1220	2	0
506	1130	2	0
507	1135	3	0
508	1037	0	0
509	1101	0	0
510	1039	5	0
511	1002	1	1
512	966	2	0
513	974	1	1
514	987	1	0
515	988	1	0
516	929	0	0
517	926	0	3
518	919	1	0
519	872	0	0
520	896	2	0
521	855	0	0
522	844	0	1
523	858	0	0
524	899	1	0
525	822	0	0
526	833	1	0
527	860	0	0
528	802	2	0
529	757	2	0
530	799	1	0
531	728	1	0
532	735	1	1
533	770	3	0
534	774	0	1
535	743	0	0
536	787	0	0
537	749	2	0
538	798	2	1
539	736	1	0
540	709	0	0
541	776	1	0
542	763	1	0
543	713	1	2
544	743	0	0
545	756	0	0
546	717	3	0
547	704	0	0
548	689	1	0
549	695	1	0
550	693	0	0
551	717	1	1
552	644	0	0
553	658	1	0
554	698	1	0
555	669	0	0
556	659	0	2
557	634	0	0
558	698	0	0
559	716	0	0
560	716	0	0
561	697	0	0
562	722	1	0
563	644	1	0
564	723	1	1
565	663	0	0
566	657	1	0
567	629	1	1
568	641	0	0
569	649	1	0
570	647	0	0
571	627	0	0
572	629	2	0
573	633	0	0
574	664	0	0
575	596	1	0
576	708	0	0
577	653	1	0
578	629	0	0
579	639	0	0
580	659	0	0
581	634	0	0
582	615	2	0
583	648	1	0
584	643	1	0
585	649	0	1
586	611	1	0
587	590	0	0
588	585	1	1
589	619	1	1
590	598	0	0
591	590	0	0
592	644	1	0
593	643	2	1
594	601	2	0
595	638	0	0
596	627	0	0
597	606	0	0
598	598	1	0
599	586	1	0
600	644	0	0
601	628	1	0
602	628	1	0
603	619	2	0
604	646	0	1
605	630	0	1
606	685	0	0
607	612	2	0
608	688	0	0
609	601	0	0
610	632	0	0
611	629	0	0
612	607	1	0
613	639	0	0
614	633	0	0
615	631	1	0
616	649	0	0
617	617	0	0
618	648	0	0
619	662	1	0
620	620	0	0
621	647	2	0
622	662	0	0
623	602	3	0
624	596	0	0
625	590	0	0
626	608	0	1
627	616	0	0
628	660	1	0
629	630	2	0
630	639	2	0
631	650	2	0
632	664	1	0
633	617	0	0
634	592	2	0
635	609	0	0
636	564	0	1
637	564	0	2
638	563	1	0
639	555	2	1
640	600	0	1
641	572	0	0
642	569	3	0
643	582	0	0
644	569	0	0
645	611	0	0
646	557	0	1
647	533	0	0
648	524	1	0
649	569	0	1
650	558	0	0
651	561	0	0
652	569	1	0
653	520	1	0
654	552	1	0
655	492	0	0
656	563	2	0
657	546	1	0
658	539	0	0
659	584	1	0
660	520	1	1
661	544	0	0
662	533	2	0
663	502	1	0
664	497	1	1
665	497	1	0
666	503	0	0
667	563	0	0
668	532	1	0
669	540	0	1
670	522	1	0
671	503	2	0
672	539	0	0
673	496	0	0
674	495	1	0
675	473	0	0
676	459	2	0
677	472	2	0
678	456	1	1
679	457	1	0
680	459	1	0
681	473	0	1
682	485	0	0
683	489	0	0
684	470	1	0
685	514	1	0
686	446	0	0
687	484	0	0
688	469	0	0
689	461	0	0
690	500	1	0
691	487	2	0
692	502	1	0
693	485	1	0
694	480	2	0
695	444	3	0
696	424	0	0
697	406	0	0
698	458	0	1
699	440	1	0
700	398	0	0
701	415	0	0
702	396	0	0
703	409	1	0
704	430	1	0
705	402	1	0
706	409	1	0
707	390	1	0
708	422	0	0
709	402	0	0
710	417	0	0
711	370	2	0
712	410	2	0
713	396	1	0
714	385	1	0
715	403	0	0
716	384	1	0
717	390	0	0
718	381	0	0
719	399	0	0
720	400	1	0
721	383	2	0
722	381	1	0
723	400	0	0
724	416	1	1
725	386	1	0
726	379	1	0
727	402	1	0
728	409	0	0
729	405	0	0
730	383	0	0
731	366	3	0
732	338	0	0
733	369	0	1
734	369	2	0
735	350	1	0
736	329	1	0
737	348	1	0
738	339	0	0
739	397	0	0
740	373	0	0
741	369	1	0
742	363	0	0
743	403	0	0
744	401	0	0
745	368	0	0
746	376	1	0
747	375	0	0
748	345	3	0
749	336	1	0
750	357	0	0
751	371	1	0
752	347	0	0
753	353	0	0
754	343	0	0
755	312	3	0
756	364	2	0
757	338	0	0
758	301	0	0
759	314	2	0
760	288	1	0
761	309	3	0
762	306	1	0
763	273	0	0
764	282	2	0
765	301	1	0
766	274	1	0
767	279	2	0
768	288	0	0
769	286	3	0
770	270	1	0
771	277	0	0
772	235	0	0
773	272	3	0
774	277	3	0
775	275	0	0
776	291	2	0
777	268	1	0
778	262	1	0
779	232	0	0
780	257	0	0
781	249	0	0
782	245	0	0
783	233	0	0
784	245	0	0
785	233	0	1
786	240	0	1
787	226	0	0
788	215	0	0
789	240	1	0
790	220	1	0
791	234	0	0
792	206	3	0
793	212	0	0
794	197	0	0
795	204	0	0
796	201	1	0
797	210	1	0
798	220	1	0
799	195	1	0
800	190	0	0
801	172	0	0
802	182	3	0
803	184	1	0
804	164	1	0
805	174	0	0
806	176	1	0
807	162	0	0
808	158	0	0
809	159	0	0
810	191	0	0
811	149	1	0
812	151	1	0
813	162	0	0
814	158	0	0
815	146	2	0
816	166	0	0
817	150	2	0
818	134	0	0
819	152	2	0
820	155	2	0
821	161	0	0
822	145	0	0
823	150	1	0
824	122	0	0
825	123	0	0
826	107	1	0
827	115	0	0
828	111	1	0
829	125	2	0
830	129	1	0
831	124	0	0
832	134	0	0
833	138	0	0
834	127	1	0
835	133	0	0
836	131	0	0
837	133	2	0
838	143	2	0
839	116	0	0
840	127	1	0
841	113	1	0
842	116	1	0
843	114	0	0
844	126	1	0
845	118	0	0
846	116	0	0
847	118	0	0
848	98	1	0
849	95	0	0
850	103	0	0
851	119	1	0
852	94	1	0
853	95	0	0
854	85	0	0
855	105	2	0
856	111	0	0
857	111	0	0
858	100	1	0
859	120	2	0
860	88	1	0
861	84	1	0
862	92	0	0
863	91	1	0
864	80	1	0
865	88	0	0
866	97	0	0
867	73	0	0
868	90	0	0
869	84	0	0
870	92	1	0
871	81	0	0
872	96	1	0
873	91	1	0
874	86	0	0
875	81	0	0
876	72	0	0
877	83	0	0
878	69	0	0
879	73	0	0
880	59	0	0
881	75	0	0
882	57	0	0
883	53	0	0
884	74	0	0
885	70	0	0
886	59	0	0
887	63	0	0
888	64	0	0
889	58	0	0
890	59	1	0
891	70	1	0
892	74	1	0
893	64	0	0
894	66	0	0
895	79	1	0
896	70	0	0
897	66	0	0
898	63	0	0
899	67	0	0
900	68	0	0
901	72	1	0
902	65	0	0
903	60	0	0
904	63	0	0
905	57	0	0
906	48	0	0
907	66	0	0
908	51	1	0
909	42	0	0
910	48	0	0
911	57	1	0
912	61	0	0
913	40	0	0
914	55	0	0
915	53	0	0
916	52	0	0
917	57	0	0
918	41	0	0
919	60	0	0
920	58	0	0
921	53	0	0
922	50	0	0
923	43	1	0
924	64	1	0
925	45	1	0
926	45	0	0
927	43	1	0
928	46	0	0
929	51	0	0
930	50	0	0
931	51	0	0
932	45	0	0
933	55	0	0
934	44	1	0
935	30	0	0
936	34	1	0
937	32	0	0
938	30	1	0
939	38	0	0
940	32	0	0
941	40	1	0
942	47	1	0
943	31	0	0
944	31	1	0
945	31	0	0
946	41	0	0
947	37	0	0
948	33	0	0
949	45	0	0
950	42	0	0
951	28	0	0
952	31	1	0
953	29	0	0
954	39	1	1
955	39	0	0
956	38	1	0
957	28	0	0
958	26	0	0
959	41	0	0
960	26	0	0
961	29	0	0
962	32	0	0
963	39	0	0
964	37	1	0
965	27	0	0
966	19	0	0
967	25	0	0
968	33	0	0
969	25	0	0
970	25	0	0
971	30	0	0
972	27	1	0
973	21	1	0
974	14	0	0
975	23	0	0
976	32	0	0
977	27	1	0
978	25	0	0
979	24	0	0
980	24	0	0
981	25	0	0
982	27	1	0
983	34	0	0
984	23	0	0
985	27	0	0
986	21	0	0
987	21	0	0
988	22	0	0
989	18	0	0
990	27	0	0
991	22	1	0
992	15	0	0
993	14	0	0
994	25	0	0
995	22	0	0
996	12	1	0
997	17	0	0
998	18	0	0
999	28	0	0
1000	21	0	0
1001	15	0	0
1002	21	0	0
1003	20	0	0
1004	23	0	0
1005	16	0	0
1006	24	0	0
1007	19	1	0
1008	20	0	0
1009	19	0	0
1010	17	0	0
1011	12	0	0
1012	19	0	0
1013	15	0	0
1014	17	0	0
1015	18	0	0
1016	11	0	0
1017	27	0	0
1018	22	0	0
1019	22	0	0
1020	16	0	0
1021	20	0	0
1022	13	0	0
1023	20	0	0
1024	17	0	0
1025	17	0	0
1026	19	0	0
1027	14	0	0
1028	16	0	0
1029	16	0	0
1030	17	0	0
1031	11	0	0
1032	18	0	0
1033	12	0	0
1034	16	1	0
1035	19	0	0
1036	21	0	0
1037	15	0	0
1038	12	0	0
1039	18	0	0
1040	15	0	0
1041	18	1	0
1042	19	0	0
1043	14	0	0
1044	21	0	0
1045	21	1	0
1046	25	0	0
1047	12	0	0
1048	18	1	0
1049	15	0	0
1050	27	0	0
1051	23	0	0
1052	22	0	0
1053	13	0	0
1054	12	1	1
1055	13	0	0
1056	9	0	0
1057	16	0	0
1058	17	0	0
1059	11	0	0
1060	14	0	0
1061	5	0	0
1062	14	0	0
1063	20	0	0
1064	9	0	0
1065	16	0	0
1066	11	0	0
1067	14	0	0
1068	18	0	0
1069	16	0	0
1070	18	0	0
1071	16	0	0
1072	12	0	0
1073	9	0	0
1074	11	0	0
1075	16	0	0
1076	14	0	0
1077	10	0	0
1078	7	0	0
1079	15	0	0
1080	11	0	0
1081	9	0	0
1082	7	1	0
1083	6	0	0
1084	14	0	0
1085	12	0	0
1086	7	0	0
1087	11	0	0
1088	14	1	0
1089	9	0	0
1090	9	0	0
1091	7	0	0
1092	10	0	0
1093	8	0	0
1094	13	0	0
1095	9	0	0
1096	8	0	0
1097	12	1	0
1098	7	0	0
1099	11	0	0
1100	10	0	0
1101	5	0	0
1102	10	0	0
1103	10	0	0
1104	11	1	0
1105	8	0	0
1106	11	1	0
1107	11	0	0
1108	8	0	0
1109	10	0	0
1110	12	1	0
1111	6	1	1
1112	7	0	0
1113	8	0	0
1114	6	0	0
1115	5	0	0
1116	10	0	0
1117	8	0	0
1118	5	0	0
1119	14	1	0
1120	6	0	0
1121	5	0	0
1122	12	0	0
1123	5	0	0
1124	10	0	0
1125	5	0	0
1126	6	0	0
1127	5	0	0
1128	10	0	0
1129	2	0	0
1130	5	0	0
1131	6	0	0
1132	3	0	0
1133	7	0	0
1134	4	0	1
1135	4	0	0
1136	6	0	0
1137	5	0	0
1138	3	0	0
1139	8	0	0
1140	3	0	0
1141	1	0	0
1142	4	0	0
1143	7	1	0
1144	5	0	0
1145	6	1	0
1146	3	0	0
1147	5	0	0
1148	10	0	0
1149	5	0	0
1150	4	0	0
1151	3	0	0
1152	6	0	0
1153	4	0	0
1154	3	0	0
1155	4	0	0
1156	5	0	0
1157	9	1	0
1158	5	0	0
1159	2	0	0
1160	6	0	0
1161	6	0	0
1162	2	0	0
1163	4	1	0
1164	3	1	0
1165	4	0	0
1166	1	0	0
1167	6	0	0
1168	3	0	0
1169	6	0	0
1170	5	0	0
1171	5	0	0
1172	5	1	0
1173	3	0	0
1174	4	0	0
1175	1	0	0
1176	4	0	0
1177	4	0	0
1178	5	0	0
1179	3	0	0
1180	3	0	0
1181	1	1	0
1182	1	0	0
1183	2	0	0
1184	6	0	0
1185	2	0	0
1186	5	0	0
1187	4	0	0
1188	2	0	0
1189	2	0	0
1190	1	0	0
1191	3	1	0
1192	4	0	0
1193	4	1	0
1194	3	0	0
1195	2	0	0
1196	2	0	0
1197	5	0	0
1198	2	0	0
1199	3	0	0
1200	2	0	0
1201	4	0	0
1202	1	0	0
1203	1	0	0
1204	5	0	0
1205	2	0	0
1206	4	0	0
1207	6	0	0
1208	2	0	0
1209	3	0	0
1210	3	0	0
1211	4	1	0
1212	3	0	0
1213	1	0	0
1214	3	0	0
1215	2	0	0
1216	6	0	0
1217	5	0	0
1218	2	0	0
1219	4	0	0
1220	4	0	0
1221	4	0	0
1222	2	0	0
1223	7	0	0
1224	7	0	0
1225	3	0	1
1226	2	0	0
1227	5	0	0
1228	3	1	1
1229	3	0	0
1230	3	0	0
1231	2	0	0
1232	7	0	0
1233	3	0	0
1234	5	0	0
1235	3	1	0
1236	5	0	1
1237	4	0	0
1238	3	0	0
1239	6	0	0
1240	2	0	0
1241	1	0	0
1242	3	0	0
1243	2	0	0
1244	3	0	0
1245	2	0	0
1246	1	0	0
1247	3	0	0
1248	2	0	0
1249	1	0	1
1250	3	0	0
1251	2	0	0
1252	1	0	0
1253	2	0	0
1254	4	0	1
1255	2	0	0
1256	3	1	0
1257	5	0	0
1258	3	0	0
1259	5	1	0
1260	7	0	0
1261	4	0	0
1262	6	0	0
1263	5	0	0
1264	4	0	0
1266	3	0	0
1267	3	0	0
1268	5	0	0
1269	4	0	1
1270	5	0	0
1271	8	0	0
1272	8	0	0
1273	1	0	0
1274	7	0	0
1275	1	0	0
1276	9	0	0
1277	5	0	0
1278	4	0	0
1279	6	0	0
1280	4	1	0
1281	8	0	0
1282	5	0	0
1283	2	0	0
1284	2	0	0
1285	6	0	0
1286	5	0	0
1287	5	0	0
1288	9	1	1
1289	4	0	0
1290	5	0	1
1291	5	0	0
1292	8	0	0
1293	7	1	0
1294	2	0	0
1295	5	0	0
1296	7	0	0
1297	5	0	0
1298	5	0	0
1299	7	0	0
1300	5	0	0
1301	11	0	0
1302	6	0	0
1303	6	0	0
1304	7	0	0
1305	5	1	0
1306	4	0	0
1307	6	0	0
1308	3	0	0
1309	6	0	0
1310	4	0	0
1311	1	0	0
1312	2	0	0
1313	5	0	0
1314	4	1	0
1315	1	0	0
1316	5	0	0
1317	7	0	0
1318	4	0	0
1319	3	0	0
1320	4	0	0
1321	5	0	0
1323	4	0	0
1324	6	2	0
1325	2	0	0
1326	6	0	0
1327	3	0	0
1328	2	0	0
1329	3	0	0
1330	6	0	1
1331	3	0	0
1332	5	0	0
1333	1	0	0
1334	4	0	0
1335	5	0	0
1336	3	0	0
1337	5	0	0
1338	3	0	0
1339	4	0	0
1340	5	0	1
1341	3	1	0
1342	2	0	0
1343	6	0	0
1344	11	0	0
1345	6	0	0
1346	4	1	0
1347	10	0	0
1348	10	0	0
1349	5	0	0
1350	7	0	0
1351	13	0	0
1352	6	0	0
1353	7	0	0
1354	6	1	0
1355	6	0	0
1356	8	0	0
1357	7	0	0
1358	8	0	0
1359	7	0	0
1360	11	0	0
1361	9	0	0
1362	12	0	0
1363	7	0	0
1364	10	0	0
1365	12	0	0
1366	12	0	0
1367	10	0	0
1368	12	0	0
1369	13	0	0
1370	13	1	0
1371	11	0	0
1372	15	0	0
1373	16	0	0
1374	16	0	0
1375	15	0	0
1376	17	1	0
1377	11	0	0
1378	16	1	0
1379	14	0	0
1380	17	0	0
1381	20	0	0
1382	14	1	0
1383	11	0	0
1384	17	0	0
1385	11	0	0
1386	12	0	0
1387	12	0	0
1388	9	0	0
1389	16	0	0
1390	10	0	0
1391	9	0	0
1392	10	0	0
1393	15	0	0
1394	15	0	0
1395	15	0	0
1396	18	0	0
1397	17	0	0
1398	21	2	0
1399	18	0	0
1400	21	0	0
1401	18	0	0
1402	20	1	0
1403	13	0	0
1404	18	0	0
1405	14	0	0
1406	19	1	0
1407	15	0	0
1408	12	0	0
1409	22	0	0
1410	16	0	0
1411	12	0	0
1412	14	0	0
1413	20	0	0
1414	15	0	0
1415	16	0	0
1416	14	0	0
1417	12	0	0
1418	17	0	0
1419	14	1	0
1420	22	0	0
1421	19	0	0
1422	18	0	0
1423	15	0	0
1424	21	0	0
1425	21	0	0
1426	17	0	0
1427	28	0	0
1428	19	0	0
1429	19	0	0
1430	22	0	0
1431	22	0	0
1432	15	0	0
1433	19	0	0
1434	20	0	0
1435	28	0	0
1436	24	0	0
1437	26	0	0
1438	20	0	0
1439	20	0	0
1440	26	0	0
1441	20	0	0
1442	23	0	0
1443	28	0	0
1444	19	0	0
1445	22	0	0
1446	21	0	0
1447	26	0	0
1448	23	0	0
1449	21	0	0
1450	21	0	0
1451	29	0	0
1452	24	1	0
1453	22	0	0
1454	23	0	0
1455	25	0	0
1456	25	0	0
1457	28	0	0
1458	27	0	0
1459	21	0	0
1460	20	0	0
1461	19	0	0
1462	28	0	0
1463	27	0	0
1464	20	0	0
1465	27	0	0
1466	25	0	0
1467	17	0	0
1468	22	0	0
1469	24	0	0
1470	19	1	0
1471	21	0	0
1472	16	0	0
1473	16	0	0
1474	16	0	0
1475	14	0	0
1476	18	0	0
1477	19	0	0
1478	20	0	0
1479	21	1	0
1480	23	0	0
1481	16	1	0
1482	24	0	0
1483	17	0	0
1484	15	0	0
1485	17	0	0
1486	14	0	0
1487	17	0	0
1488	16	0	0
1489	15	0	0
1490	14	0	0
1491	11	0	0
1492	10	0	0
1493	15	0	0
1494	12	0	0
1495	16	0	0
1496	16	1	0
1497	15	0	0
1498	11	0	0
1499	12	0	0
1500	14	0	1
1501	14	0	0
1502	10	0	0
1503	8	0	0
1504	11	0	0
1505	7	0	0
1506	8	0	0
1507	8	0	0
1508	6	0	1
1509	7	0	0
1510	11	0	0
1511	10	0	0
1512	10	0	0
1513	7	0	0
1514	14	0	0
1515	15	0	0
1516	16	0	0
1517	13	0	0
1518	8	0	0
1519	7	0	0
1520	8	0	0
1521	10	0	0
1522	8	0	0
1523	12	0	0
1524	8	0	0
1525	7	0	0
1526	13	0	0
1527	13	0	0
1528	4	0	0
1529	11	0	0
1530	9	0	0
1531	9	0	0
1532	10	0	0
1533	11	0	0
1534	12	0	0
1535	9	0	0
1536	11	1	0
1537	12	0	0
1538	13	0	0
1539	8	0	0
1540	6	0	0
1541	7	0	0
1542	7	0	0
1543	7	0	0
1544	10	0	0
1545	10	0	0
1546	1	0	0
1547	5	0	0
1548	7	0	1
1549	4	0	0
1550	5	0	0
1551	9	0	0
1552	7	0	0
1553	9	1	0
1554	9	0	0
1555	5	0	0
1556	9	0	0
1557	7	0	0
1558	8	0	0
1559	7	0	0
1560	3	0	0
1561	11	0	0
1562	5	0	0
1563	4	0	0
1564	3	0	0
1565	4	0	0
1566	4	0	0
1567	4	0	0
1568	9	0	0
1569	5	0	0
1570	3	0	0
1571	5	0	0
1572	3	0	0
1573	9	0	0
1574	2	0	0
1575	3	0	0
1576	7	0	0
1577	8	0	0
1578	5	0	0
1579	10	0	0
1580	19	0	0
1581	4	0	0
1582	3	0	0
1583	8	0	0
1584	3	0	0
1585	6	0	0
1586	9	0	0
1587	10	0	0
1588	7	0	0
1589	7	0	0
1590	8	0	0
1591	11	0	0
1592	7	0	0
1593	3	0	0
1594	5	0	0
1595	6	0	0
1596	11	0	0
1597	5	0	0
1598	8	0	0
1599	9	0	0
1600	8	0	0
1601	5	0	0
1602	6	0	0
1603	8	0	0
1604	9	0	0
1605	4	0	0
1606	14	0	0
1607	8	0	0
1608	12	0	0
1609	7	0	0
1610	10	0	0
1611	11	0	0
1612	6	0	0
1613	7	0	0
1614	7	0	0
1615	6	0	0
1616	6	0	0
1617	7	0	0
1618	5	0	0
1619	7	0	0
1620	6	0	0
1621	5	1	0
1622	3	0	0
1623	12	0	0
1624	9	0	0
1625	9	0	0
1626	8	0	0
1627	4	0	0
1628	4	0	0
1629	3	0	0
1630	7	0	0
1631	2	0	0
1632	4	0	0
1633	8	0	0
1634	5	0	0
1635	8	0	0
1636	8	0	0
1637	12	0	0
1638	7	0	0
1639	9	0	0
1640	7	0	0
1641	8	0	0
1642	3	0	0
1643	3	0	0
1644	5	0	0
1645	2	0	0
1646	3	0	0
1647	4	0	0
1648	7	0	0
1649	4	0	0
1650	3	0	0
1651	4	0	0
1652	7	0	0
1653	4	0	0
1654	4	0	0
1655	6	0	0
1656	7	0	0
1657	4	0	0
1658	6	0	0
1659	7	0	0
1660	5	0	0
1661	7	0	0
1662	4	0	0
1663	4	0	0
1664	3	0	0
1665	0	1	0
1666	3	0	0
1667	4	0	0
1668	3	0	0
1670	0	0	1
1671	4	0	0
1673	5	0	0
1674	3	0	0
1675	1	0	0
1676	1	1	0
1677	7	0	0
1678	4	0	0
1679	1	0	0
1680	4	0	0
1681	1	0	0
1682	5	0	1
1683	4	0	0
1684	1	0	0
1685	2	0	0
1686	1	0	0
1687	3	0	0
1688	3	0	0
1689	2	0	0
1690	6	0	0
1691	4	0	0
1692	1	0	0
1693	3	0	0
1694	4	0	0
1695	3	0	0
1696	4	0	0
1697	12	0	0
1698	6	0	0
1699	7	0	0
1700	3	0	0
1701	1	0	0
1702	3	0	0
1703	2	0	1
1704	2	0	0
1706	2	0	0
1708	1	0	0
1709	4	0	0
1710	3	0	0
1711	5	0	0
1712	4	0	0
1713	2	0	0
1714	5	0	0
1715	2	0	0
1716	2	0	0
1717	1	0	0
1718	4	0	0
1719	2	0	0
1720	3	0	0
1721	4	0	0
1722	3	0	0
1723	2	0	0
1724	3	1	0
1725	5	0	0
1726	2	0	0
1727	2	0	0
1728	8	0	0
1729	3	0	0
1730	3	0	0
1731	2	0	0
1732	5	0	0
1733	2	0	0
1734	2	0	0
1735	2	0	0
1736	2	0	0
1737	2	0	0
1738	4	0	0
1739	4	0	0
1740	1	0	0
1741	2	0	0
1742	6	0	0
1743	4	0	0
1744	7	0	0
1745	2	0	0
1746	4	0	0
1747	3	0	0
1748	4	0	0
1749	2	1	0
1750	6	0	0
1751	4	0	0
1752	3	0	0
1753	6	0	0
1754	3	0	0
1755	5	0	0
1756	7	0	0
1757	3	0	0
1758	9	1	0
1759	8	0	0
1760	7	0	0
1761	9	0	0
1762	11	0	0
1763	7	0	0
1764	2	0	0
1765	4	0	0
1766	8	0	0
1767	7	0	0
1768	8	0	0
1769	6	0	0
1770	8	0	0
1771	7	0	0
1772	9	0	0
1773	7	0	0
1774	12	0	0
1775	9	0	0
1776	8	0	0
1777	7	0	0
1778	4	0	0
1779	5	0	0
1780	13	0	0
1781	5	0	0
1782	6	0	0
1783	11	0	0
1784	12	0	0
1785	9	0	0
1786	8	0	0
1787	7	0	0
1788	9	0	0
1789	11	0	0
1790	9	0	0
1791	6	0	0
1792	7	0	0
1793	8	0	0
1794	5	0	0
1795	4	0	0
1796	5	0	0
1797	6	0	0
1798	6	0	0
1799	9	0	0
1800	9	0	0
1801	11	0	0
1802	6	0	0
1803	7	1	0
1804	5	0	1
1805	10	0	0
1806	8	0	0
1807	11	0	0
1808	9	0	0
1809	9	0	0
1810	5	0	0
1811	11	0	0
1812	10	0	0
1813	3	0	0
1814	4	0	0
1815	7	0	0
1816	8	0	0
1817	4	0	0
1818	9	1	0
1819	6	0	0
1820	5	1	0
1821	7	0	0
1822	10	0	0
1823	10	0	0
1824	9	0	0
1825	9	0	0
1826	7	0	0
1827	5	0	0
1828	11	0	0
1829	3	0	0
1830	3	0	0
1831	6	0	0
1832	11	0	0
1833	4	0	0
1834	29	0	1
1835	11	0	0
1836	15	0	0
1837	19	0	0
1838	5	0	0
1839	5	0	0
1841	3	0	0
1842	3	0	0
1843	5	0	0
1844	1	0	0
1845	4	1	0
1846	7	0	1
1847	4	0	0
1848	7	0	0
1849	5	0	0
1850	5	0	0
1851	2	0	0
1852	3	0	0
1853	7	0	0
1854	23	0	0
1855	21	0	0
1856	30	1	0
1857	12	0	0
1858	22	0	0
1859	10	1	0
1860	4	0	0
1861	4	0	0
1862	4	0	0
1863	1	0	0
1864	6	0	0
1865	3	0	0
1866	6	0	0
1867	5	0	0
1868	1	0	0
1869	4	0	0
1870	4	0	0
1871	3	0	0
1872	3	0	0
1873	3	0	0
1874	3	0	0
1875	4	0	0
1876	6	0	0
1877	3	0	0
1878	5	0	0
1879	2	0	0
1880	4	0	0
1881	1	0	0
1882	2	0	0
1883	2	0	0
1884	3	0	0
1885	4	1	0
1886	4	0	0
1887	3	0	0
1888	4	0	0
1889	2	1	0
1890	3	0	1
1891	4	0	0
1892	3	0	0
1893	6	0	0
1894	3	0	0
1895	2	0	0
1896	1	0	0
1899	2	0	0
1900	1	0	0
1901	1	0	0
1903	3	0	0
1905	2	0	0
1906	2	0	0
1907	1	0	0
1908	2	0	0
1909	1	0	0
1910	4	0	0
1912	1	0	0
1913	3	0	0
1914	1	0	0
1915	1	0	0
1916	4	0	0
1921	3	0	0
1923	1	0	0
1924	1	0	0
1925	1	0	0
1926	1	0	0
1928	4	0	0
1929	1	0	0
1930	1	0	0
1931	1	0	0
1932	4	0	0
1933	2	0	0
1934	2	0	0
1935	1	1	0
1937	2	0	0
1938	1	0	0
1939	2	0	0
1940	1	0	0
1944	2	1	0
1945	1	0	0
1946	2	0	0
1947	1	0	0
1949	4	0	0
1950	4	0	0
1951	3	0	0
1952	55	0	0
1953	8	0	0
1955	2	0	0
1956	1	0	0
1957	2	0	0
1958	4	0	0
1961	0	0	1
1962	1	0	0
1963	0	0	1
1969	1	0	0
1970	2	0	0
1978	2	0	0
1979	1	0	0
1981	2	0	0
1986	1	0	0
1989	1	0	0
1990	1	0	0
1991	2	0	0
1993	1	0	0
1994	1	0	0
2003	1	0	0
2006	3	0	0
2009	2	0	0
2013	1	1	0
2016	2	0	0
2022	0	1	0
2023	1	0	0
2024	1	0	0
2031	1	0	0
2035	0	0	1
2037	1	0	0
2048	1	0	0
2054	1	0	0
2062	1	0	0
2072	2	0	0
2080	0	1	0
2085	1	0	0
2093	1	0	0
2096	0	1	0
2104	1	0	0
2106	1	0	0
2108	0	1	1
2109	1	0	0
2110	0	0	1
2112	1	0	0
2125	1	0	0
2128	0	1	0
2129	1	0	0
2131	1	0	0
2144	0	1	0
2147	0	1	0
2157	1	0	0
2158	1	0	0
2162	1	0	0
2167	0	0	1
2177	1	0	0
2183	1	1	0
2186	1	0	0
2190	1	0	0
2193	1	0	0
2201	1	0	0
2205	1	0	0
2212	1	0	0
2216	1	0	0
2226	0	1	0
2235	1	0	0
2248	1	0	0
2254	1	0	0
2262	2	0	0
2271	1	0	0
2274	0	1	0
2286	1	0	0
2292	2	0	0
2309	1	0	0
2316	1	0	0
2331	1	0	0
2332	1	0	0
2334	2	0	0
2335	1	0	0
2338	2	0	0
2339	2	0	0
2340	3	0	0
2341	5	0	0
2348	1	0	0
2349	1	0	0
2350	4	0	0
2351	1	0	0
2352	4	0	0
2353	5	0	0
2354	4	0	0
2355	2	0	0
2356	2	0	0
2357	1	0	0
2358	3	0	0
2359	2	0	0
2360	5	0	0
2361	2	0	0
2362	3	0	0
2363	3	0	0
2365	2	0	0
2367	2	0	0
2369	3	0	0
2370	1	0	0
2371	2	0	0
2372	3	0	0
2373	2	0	0
2374	8	0	0
2375	3	0	0
2376	3	0	0
2378	4	0	0
2379	2	0	0
2380	10	0	0
2381	5	0	0
2382	4	0	0
2384	4	0	0
2385	1	0	0
2386	5	0	0
2387	2	0	0
2388	1	0	0
2389	3	0	0
2390	5	0	0
2391	3	0	0
2393	2	0	0
2394	3	0	0
2395	1	0	0
2396	3	0	0
2397	2	0	0
2398	1	0	0
2399	4	0	0
2400	8	0	0
2401	1	0	0
2402	3	0	0
2403	2	0	0
2404	4	0	0
2405	5	0	0
2406	2	0	0
2407	3	0	0
2408	1	0	0
2409	1	0	0
2410	1	0	0
2411	3	0	0
2412	3	0	0
2413	3	0	0
2414	3	0	0
2415	8	0	0
2416	4	0	0
2417	4	0	0
2418	2	0	0
2419	1	0	0
2420	1	0	0
2422	2	0	0
2423	2	0	0
2424	2	0	0
2426	1	0	0
2427	2	0	0
2428	3	0	0
2429	2	0	0
2430	3	0	0
2431	2	0	0
2433	4	0	0
2434	5	0	0
2436	1	0	0
2437	1	0	0
2438	3	0	0
2439	2	0	0
2440	1	0	0
2441	3	0	0
2442	1	0	0
2443	6	0	0
2444	2	0	0
2445	1	0	0
2446	1	0	0
2447	3	0	0
2448	1	0	0
2449	1	0	0
2450	2	0	0
2451	1	0	0
2452	3	0	0
2453	1	0	0
2455	2	0	0
2456	2	0	0
2457	2	0	0
2458	2	0	0
2459	6	0	0
2460	4	0	0
2461	2	0	0
2462	4	0	0
2463	1	0	0
2464	4	0	0
2465	5	0	0
2466	5	0	0
2467	3	0	0
2468	1	0	1
2469	3	0	0
2470	2	0	0
2471	1	0	0
2472	1	0	0
2474	4	0	0
2476	2	0	0
2477	3	0	0
2478	1	0	0
2479	2	0	0
2480	2	0	0
2481	8	0	0
2482	3	0	0
2483	4	0	0
2484	4	0	0
2486	2	0	0
2487	1	0	0
2488	2	0	0
2489	1	0	0
2490	2	0	0
2491	2	0	0
2492	1	0	0
2493	2	0	0
2494	1	0	0
2495	2	0	0
2496	1	0	0
2497	3	0	0
2498	2	0	0
2499	2	0	0
2501	1	0	1
2502	1	0	0
2503	1	0	0
2504	1	0	0
2505	1	0	0
2507	1	0	0
2508	1	0	0
2510	3	0	0
2511	1	0	0
2512	1	0	0
2513	1	0	0
2514	4	0	0
2515	2	0	0
2516	2	0	0
2518	1	0	0
2519	1	0	0
2521	2	0	0
2522	2	0	0
2523	1	0	0
2526	1	0	0
2527	3	0	0
2528	1	0	0
2529	2	0	0
2530	1	0	0
2531	2	0	0
2532	1	0	0
2533	1	0	0
2534	1	0	0
2536	3	0	0
2537	2	0	0
2538	1	0	0
2539	1	0	0
2541	3	0	0
2543	1	0	0
2545	2	0	0
2547	1	0	0
2549	1	0	0
2553	1	0	0
2555	1	0	0
2556	1	0	0
2557	1	0	0
2561	2	0	0
2565	1	0	0
2566	1	0	0
2570	1	0	0
2572	1	0	0
2573	1	0	0
2574	1	0	0
2580	1	0	0
2584	1	0	0
2587	1	0	0
2590	1	0	0
2591	1	0	0
2593	1	0	0
2600	1	0	0
2601	1	0	0
2602	1	0	0
2608	1	0	0
2613	1	0	0
2617	1	0	1
2639	1	0	0
2643	1	0	0
2653	1	0	0
2656	1	0	0
2660	1	0	0
2661	1	0	0
2662	1	0	0
2665	1	0	0
2666	1	0	0
2667	3	0	0
2669	1	0	0
2670	2	0	0
2671	1	0	0
2673	4	0	0
2674	3	0	0
2675	1	0	0
2676	2	0	0
2677	1	0	0
2678	1	0	0
2680	1	0	0
2682	1	0	0
2684	1	0	0
2685	1	0	0
2686	2	0	0
2688	2	0	0
2689	1	0	0
2691	3	0	0
2692	1	0	0
2693	1	0	0
2694	3	0	0
2695	1	0	0
2696	4	0	1
2697	5	0	0
2698	6	0	0
2699	3	0	0
2700	2	0	0
2701	3	0	0
2702	2	0	0
2703	5	0	0
2704	3	0	0
2705	2	0	0
2706	3	0	0
2707	2	0	0
2708	2	0	0
2709	2	0	0
2710	6	0	0
2711	3	0	0
2712	2	0	0
2713	3	0	0
2714	9	0	0
2715	14	0	0
2716	6	0	0
2717	3	1	0
2718	5	0	0
2719	6	0	0
2720	3	0	0
2721	5	0	0
2722	5	0	0
2723	1	0	0
2724	4	0	0
2725	3	0	0
2726	3	0	0
2727	3	0	0
2728	2	0	0
2729	1	0	0
2730	3	0	0
2731	5	0	0
2732	5	0	0
2733	1	0	0
2735	5	0	0
2736	3	0	0
2737	2	0	0
2738	3	0	0
2739	3	0	0
2740	1	0	0
2741	4	0	0
2742	6	0	0
2743	3	0	0
2744	2	0	0
2745	6	0	0
2746	4	0	0
2747	11	0	0
2748	16	0	0
2749	7	0	0
2750	4	0	0
2751	3	0	0
2752	7	0	0
2753	3	0	0
2754	5	0	0
2755	4	0	0
2756	3	0	0
2757	4	0	0
2758	3	0	0
2759	2	0	0
2761	1	0	0
2762	3	0	0
2763	0	0	1
2764	2	0	0
2765	3	0	0
2766	4	0	0
2767	8	0	0
2768	4	0	0
2769	15	0	0
2770	3	0	0
2771	5	0	0
2772	2	0	0
2773	2	0	0
2774	2	0	0
2775	1	0	0
2776	2	0	0
2777	2	0	1
2778	2	0	0
2779	3	0	0
2780	2	0	0
2781	2	0	0
2782	2	0	0
2783	2	0	0
2788	1	0	0
2789	2	0	0
2790	3	0	0
2791	1	0	0
2792	2	0	0
2794	2	0	0
2795	1	0	0
2797	1	0	0
2798	4	0	0
2799	3	0	0
2801	1	0	0
2802	4	0	0
2803	1	0	0
2804	4	0	0
2805	2	0	0
2807	1	0	0
2808	1	0	0
2809	1	0	0
2811	3	0	0
2812	4	0	0
2814	1	0	0
2816	1	0	0
2817	2	0	0
2818	1	0	0
2819	4	0	0
2820	1	0	0
2821	2	0	0
2823	2	0	0
2824	1	0	0
2825	2	0	0
2828	1	0	0
2831	2	0	0
2836	2	0	0
2837	1	0	0
2838	1	0	0
2839	1	0	0
2844	1	0	0
2846	1	0	0
2848	1	0	0
2854	1	0	0
2858	1	0	0
2860	1	0	0
2863	1	0	0
2864	1	0	0
2865	1	0	0
2872	1	0	0
2882	1	0	0
2885	0	0	1
2892	1	0	0
2899	2	0	0
2902	1	0	0
2945	1	0	0
2951	1	0	0
2953	1	0	0
2969	1	0	0
2979	1	0	0
2982	0	1	0
2985	1	0	0
2996	1	0	0
3005	1	0	0
3010	1	0	0
3013	1	0	0
3026	1	0	0
3034	1	0	0
3046	1	0	0
3047	1	0	0
3048	1	0	0
3053	1	0	0
3054	1	0	0
3056	0	1	0
3107	1	0	0
3113	0	1	0
3121	0	1	0
3134	1	0	0
3135	0	1	0
3137	0	1	0
3162	0	1	0
3174	1	0	0
3180	1	0	0
3184	0	1	0
3187	1	1	0
3202	0	1	0
3206	0	1	0
3215	0	1	0
3236	0	1	0
3245	0	1	0
3256	0	1	0
3273	0	1	0
3276	0	0	1
3278	0	1	0
3279	0	1	0
3312	0	1	0
3317	0	1	0
3327	0	1	0
3339	0	1	0
3349	0	1	0
3351	0	1	0
3357	0	1	0
3370	1	0	0
3376	0	1	0
3394	0	1	0
3500	1	0	0
3527	0	1	0
3549	1	0	0
3553	1	0	0
3569	1	0	0
3580	2	0	0
3583	1	0	0
3587	1	0	0
3596	1	0	0
3601	0	1	0
3605	0	1	0
3626	1	0	0
3627	0	1	0
3631	1	0	0
3634	1	0	0
3653	0	1	0
3662	0	1	0
3668	1	1	0
3693	0	0	1
3700	0	1	0
3722	0	1	0
3728	0	1	0
3741	1	0	0
3750	1	0	0
3755	1	0	0
3760	1	0	0
3774	1	0	0
3779	1	0	0
3821	2	0	0
3858	1	0	0
3885	1	0	0
3886	1	0	0
3925	1	0	0
3968	1	0	0
4007	1	0	0
4012	0	1	0
4013	1	0	0
4021	1	0	0
4028	1	0	0
4034	1	0	0
4036	1	0	0
4039	3	0	0
4044	1	0	0
4049	1	0	0
4056	1	0	0
4059	1	0	0
4062	1	0	0
4068	1	0	0
4071	1	0	0
4073	1	0	0
4075	1	0	0
4077	1	0	0
4079	3	0	0
4081	1	0	0
4082	1	0	0
4083	1	0	0
4085	1	0	0
4088	2	0	0
4089	4	0	0
4090	1	0	0
4091	4	0	0
4092	1	0	0
4094	1	0	0
4095	1	0	0
4096	2	0	0
4097	2	0	0
4098	2	0	0
4099	2	0	0
4100	2	0	0
4102	1	0	0
4105	3	0	0
4106	1	0	0
4107	1	0	0
4108	3	0	0
4109	2	0	0
4110	2	0	0
4111	2	0	0
4112	3	0	0
4113	3	0	0
4114	3	0	0
4115	1	0	0
4116	5	0	0
4117	4	0	0
4118	4	0	0
4119	1	0	0
4120	4	0	0
4121	1	0	0
4122	2	0	0
4123	1	0	0
4124	1	0	0
4125	2	0	0
4126	3	0	0
4128	1	0	0
4129	2	0	0
4130	1	0	0
4131	3	0	0
4132	3	0	0
4134	3	0	0
4136	1	0	0
4137	1	0	0
4138	3	0	0
4139	1	0	0
4140	1	0	0
4141	1	0	0
4145	2	0	0
4146	1	0	0
4147	1	0	0
4148	1	0	0
4151	2	0	0
4152	1	0	0
4154	1	0	0
4155	1	0	0
4156	1	0	0
4157	1	0	0
4158	3	0	0
4159	2	0	0
4160	1	0	0
4162	1	0	0
4165	1	0	0
4167	1	0	0
4168	2	0	0
4170	1	0	0
4175	2	0	0
4176	2	0	0
4177	1	0	0
4178	2	0	0
4179	1	0	0
4183	1	0	0
4184	1	0	0
4185	1	0	0
4186	1	0	0
4187	2	0	0
4190	1	0	0
4191	1	0	0
4192	1	0	0
4194	1	0	0
4195	1	0	0
4197	1	0	0
4198	1	0	0
4199	2	0	0
4201	1	0	0
4203	1	0	0
4204	2	0	0
4206	1	0	0
4207	1	0	0
4210	1	0	0
4212	1	0	0
4214	2	0	0
4215	1	0	0
4216	3	0	0
4219	1	0	0
4220	2	0	0
4222	2	0	0
4223	1	0	0
4227	1	0	0
4228	1	0	0
4229	3	0	0
4230	1	0	0
4231	1	0	0
4232	2	0	0
4233	1	0	0
4234	2	0	0
4236	1	0	0
4237	3	0	0
4238	4	0	0
4240	2	0	0
4241	2	0	0
4242	1	0	0
4243	2	0	0
4244	1	0	0
4246	2	0	0
4247	3	0	0
4248	3	0	0
4249	5	0	0
4250	2	0	0
4251	2	0	0
4252	2	0	0
4254	1	0	0
4256	1	0	0
4258	2	0	0
4260	2	0	0
4266	1	0	0
4267	1	0	0
4268	1	0	0
4270	2	0	0
4272	1	0	0
4273	2	0	0
4274	1	0	0
4275	3	0	0
4276	3	0	0
4277	1	0	0
4278	3	0	0
4279	3	0	0
4280	4	0	0
4281	5	0	0
4282	1	0	0
4283	2	0	0
4284	2	0	0
4285	2	0	0
4286	2	0	0
4287	3	0	0
4288	1	0	0
4289	1	0	0
4290	5	0	0
4291	2	0	0
4292	1	0	0
4293	4	0	0
4294	2	0	0
4295	1	0	0
4296	2	0	0
4297	2	0	0
4298	2	0	0
4299	4	0	0
4300	2	0	0
4305	2	0	0
4306	3	0	0
4308	2	0	0
4309	2	0	0
4310	1	0	0
4312	2	0	0
4314	1	0	0
4315	1	0	0
4316	1	0	0
4317	3	0	0
4318	2	0	0
4319	2	0	0
4320	1	0	0
4321	1	0	0
4324	1	0	0
4325	2	0	0
4328	1	0	0
4329	1	0	0
4332	2	0	0
4337	2	0	0
4338	1	0	0
4339	1	0	0
4340	1	0	0
4343	1	0	0
4344	2	0	0
4345	2	0	0
4346	1	0	0
4347	2	0	0
4349	2	0	0
4351	2	0	0
4353	1	0	0
4354	3	0	0
4356	1	0	0
4357	2	0	0
4358	1	0	0
4359	1	0	0
4360	2	0	0
4361	1	0	0
4363	2	0	0
4364	2	0	0
4365	2	0	0
4368	1	0	0
4369	2	0	0
4372	2	0	0
4373	1	0	0
4374	1	0	0
4377	2	0	0
4378	1	0	0
4381	4	0	0
4383	1	0	0
4387	1	0	0
4389	2	0	0
4392	1	0	0
4395	1	0	0
4397	3	0	0
4398	1	0	0
4399	1	0	0
4401	1	0	0
4402	2	0	0
4404	1	0	0
4407	1	0	0
4408	2	0	0
4409	1	0	0
4410	1	0	0
4412	1	0	0
4413	1	0	0
4414	2	0	0
4416	4	0	0
4418	2	0	0
4419	2	0	0
4424	1	0	0
4427	2	0	0
4435	1	0	0
4438	1	0	0
4443	1	0	0
4445	1	0	0
4466	1	0	0
4471	1	0	0
4472	1	0	0
4475	1	0	0
4477	1	0	0
4481	1	0	0
4486	1	0	0
4496	1	0	0
4497	1	0	0
4499	1	0	0
4508	1	0	0
4523	1	0	0
4530	1	0	0
4535	1	0	0
4543	1	0	0
4549	1	0	0
4553	0	1	0
4554	0	1	0
4555	1	0	0
4566	1	0	0
4567	1	0	0
4570	1	0	0
4588	1	0	0
4603	1	0	0
4610	0	1	0
4622	0	1	0
4624	1	0	0
4634	0	1	0
4643	2	0	0
4645	1	1	0
4646	0	1	0
4656	1	0	0
4657	0	2	0
4660	0	1	0
4661	0	1	0
4662	1	0	0
4663	0	1	0
4670	0	1	1
4676	0	1	0
4678	0	1	0
4680	0	1	0
4684	1	0	0
4694	0	1	0
4711	0	1	0
4715	1	0	0
4726	0	1	0
4727	1	1	0
4748	0	1	0
4765	1	0	0
4766	0	1	0
4788	1	0	0
4804	1	0	0
4849	0	1	0
4863	1	0	0
4870	0	1	0
4872	0	1	0
4890	0	1	1
4925	0	1	0
4929	0	1	0
4930	0	1	0
4959	0	1	0
4991	0	1	0
4998	0	1	0
5006	0	1	0
5014	0	1	0
5022	0	1	0
5032	0	1	0
5044	0	1	0
5052	0	1	0
5063	0	1	0
5095	0	1	0
5097	0	1	0
5109	0	1	0
5131	1	0	0
5142	1	0	0
5157	1	0	0
5165	1	0	0
5171	1	0	0
5172	1	0	0
5174	1	0	0
5175	0	1	0
5176	1	0	0
5177	0	0	1
5180	2	0	0
5182	2	0	0
5185	1	0	0
5187	1	0	0
5190	1	0	0
5196	1	0	0
5197	1	0	0
5198	1	0	0
5208	1	1	0
5209	1	0	0
5210	1	1	0
5212	1	0	0
5213	1	0	0
5221	1	0	0
5224	3	0	0
5228	1	0	0
5235	1	0	0
5240	2	0	0
5243	1	0	0
5244	1	0	0
5246	1	0	0
5248	1	0	0
5253	1	0	0
5256	1	0	0
5264	1	0	0
5266	1	0	0
5269	0	0	1
5289	1	0	0
5317	1	0	0
5347	0	1	0
5361	1	0	0
5378	0	1	0
5382	0	1	0
5386	0	1	0
5396	1	0	0
5397	0	1	0
5428	0	0	1
5450	0	1	0
5490	0	0	1
5629	0	1	0
5631	0	0	1
5701	1	0	0
5711	1	0	0
5737	0	0	1
5739	0	0	1
5740	0	1	0
5751	1	0	0
5756	1	0	0
5769	1	0	0
5778	1	0	0
5784	1	0	0
5804	1	0	0
5805	1	0	0
5848	1	0	0
5895	0	1	0
5939	1	0	0
5945	1	0	0
5952	1	0	0
6038	1	0	0
6064	1	0	0
6110	2	0	0
6119	1	0	0
6121	1	0	0
6132	0	1	0
6134	1	0	0
6138	0	1	0
6148	0	1	0
6152	1	0	0
6173	1	0	0
6187	1	0	0
6191	0	0	1
6196	1	0	0
6216	0	1	0
6245	1	0	0
6311	1	0	0
6336	1	0	0
6349	1	0	0
6355	1	0	0
6455	0	1	0
6467	1	0	0
6485	1	0	0
6537	0	0	1
6582	0	0	1
6611	1	0	0
6641	1	0	0
6659	1	0	0
6681	1	0	0
6684	1	0	0
6686	2	0	0
6689	1	0	0
6690	1	0	0
6691	1	0	0
6693	1	0	0
6696	1	0	0
6697	1	0	0
6698	3	0	0
6699	3	0	0
6700	1	0	0
6701	1	0	0
6703	1	0	0
6704	1	0	0
6705	4	0	0
6706	4	0	0
6707	2	0	0
6708	2	0	0
6709	5	0	0
6710	4	0	0
6711	3	0	0
6712	2	0	0
6713	5	0	0
6714	2	0	0
6715	1	0	0
6716	5	0	0
6717	2	0	0
6718	3	0	0
6719	3	0	0
6720	1	0	0
6721	1	0	0
6722	4	0	0
6723	1	0	0
6724	2	0	0
6725	1	0	0
6726	4	0	0
6728	3	0	0
6729	3	0	0
6730	3	0	0
6731	3	0	0
6732	5	0	0
6733	5	0	0
6734	5	0	0
6735	4	0	0
6736	3	0	0
6737	7	0	0
6738	7	0	0
6739	3	0	0
6740	4	0	0
6741	6	0	0
6742	7	0	0
6743	3	0	0
6744	6	0	0
6745	6	0	0
6746	4	0	0
6747	3	0	0
6748	6	0	0
6749	5	0	0
6750	6	0	0
6751	5	0	0
6752	5	0	0
6753	3	0	0
6754	2	0	1
6755	2	0	0
6756	2	0	1
6758	3	0	0
6760	4	0	0
6761	5	0	0
6762	6	0	0
6763	3	0	0
6764	1	0	0
6765	4	0	0
6766	1	0	0
6767	2	0	0
6768	2	0	0
6769	3	0	0
6770	3	0	0
6771	2	0	0
6772	3	0	0
6773	4	0	0
6774	5	0	0
6775	5	0	0
6776	7	0	0
6777	5	0	0
6778	5	0	0
6779	3	0	0
6780	2	0	0
6781	4	0	0
6782	1	0	0
6783	3	0	0
6784	1	0	0
6786	2	0	0
6787	3	0	0
6788	2	0	0
6789	3	0	0
6790	2	0	0
6791	2	0	0
6792	4	0	0
6793	3	0	0
6794	1	0	0
6796	4	0	0
6797	2	0	0
6798	2	0	0
6800	1	0	0
6801	2	0	0
6802	2	0	0
6803	1	0	0
6804	2	0	0
6805	2	0	0
6807	1	0	0
6808	3	0	0
6809	2	0	0
6810	2	0	0
6811	1	0	0
6812	2	0	0
6813	3	0	0
6816	3	0	0
6817	2	0	0
6818	3	0	0
6819	1	0	0
6820	1	0	0
6821	2	0	0
6822	1	0	0
6823	3	0	0
6824	1	0	0
6825	3	0	0
6826	1	0	0
6827	2	0	0
6831	2	0	0
6832	1	0	0
6833	1	0	0
6835	2	0	0
6837	1	0	0
6838	1	0	0
6839	2	0	0
6840	1	0	0
6847	1	0	0
6849	1	0	0
6851	1	0	0
6852	1	0	0
6854	1	0	0
6855	3	0	0
6857	1	0	0
6858	1	0	0
6859	2	0	0
6863	1	0	0
6866	2	0	0
6867	1	0	0
6871	1	0	0
6872	1	0	0
6877	1	0	0
6880	2	0	0
6883	1	0	0
6894	1	0	0
6911	1	0	0
6914	1	0	0
6933	0	1	0
6938	1	0	0
6939	0	1	0
6940	1	0	0
6948	1	0	0
6959	1	0	0
6971	1	0	0
7029	1	0	0
7051	1	0	0
7054	1	0	0
7074	0	1	0
7075	1	0	0
7083	0	1	0
7104	1	0	0
7151	0	1	0
7159	1	0	0
7160	1	0	0
7170	0	1	0
7192	1	0	0
7216	0	1	0
7224	0	1	0
7229	0	1	0
7230	1	0	0
7231	1	0	0
7239	0	1	0
7242	0	1	0
7253	0	1	0
7430	1	0	0
7517	1	0	0
7558	0	1	0
7644	0	0	1
7646	0	0	1
7689	0	0	1
7756	0	0	1
7820	0	0	1
7890	2	0	0
7891	1	0	0
7894	1	0	0
7900	0	1	0
7904	0	1	0
7908	1	0	0
7913	1	0	0
7921	1	0	0
7925	1	0	0
7959	1	0	0
7966	1	0	0
7972	1	0	0
7973	1	0	0
7984	1	0	0
7989	0	0	1
7993	1	0	0
7995	1	0	0
7998	1	0	0
8004	1	0	0
8008	1	0	0
8016	1	0	0
8018	1	0	0
8022	1	0	0
8051	1	0	0
8060	1	0	0
8071	0	0	1
8072	0	0	1
8137	0	0	1
8226	1	0	0
8299	1	0	0
8310	1	0	0
8317	0	0	1
8328	1	0	0
8452	1	0	0
8453	1	0	0
8513	0	0	1
8520	0	1	0
8527	0	1	0
8528	0	1	0
8530	0	1	0
8531	0	1	0
8532	0	1	0
8536	0	1	0
8557	0	1	0
8593	0	1	0
8598	0	1	0
8610	0	1	0
8631	0	1	0
8655	1	0	0
8683	1	0	0
8711	0	1	0
8737	0	1	0
8775	0	0	1
8848	0	1	0
8858	0	1	0
8882	1	0	0
8896	0	1	0
8915	0	1	0
8921	0	1	0
8922	0	1	0
8927	0	1	0
8929	0	1	0
8937	0	1	0
8939	0	1	0
8940	0	1	0
8943	1	0	0
8945	0	1	0
8949	0	1	0
8951	0	1	0
8955	0	1	0
8960	0	1	0
8962	0	1	0
8964	0	1	0
8965	0	1	0
8968	0	1	0
8983	0	0	1
8992	0	1	0
9003	0	0	1
9011	0	0	1
9029	0	0	1
9054	0	1	0
9061	0	1	0
9077	0	1	0
9085	0	0	2
9088	0	0	1
9137	0	1	0
9165	0	1	0
9199	1	0	0
9216	1	0	0
9222	2	0	0
9228	0	0	1
9231	1	0	0
9232	1	0	0
9238	0	0	1
9246	0	1	0
9247	1	0	2
9256	1	0	0
9273	0	0	1
9284	1	0	0
9300	1	0	0
9302	1	0	0
9304	1	0	0
9314	1	0	0
9321	1	0	0
9330	1	0	0
9335	1	0	0
9339	1	0	0
9344	1	0	0
9352	1	0	0
9362	1	0	0
9365	1	0	0
9369	1	0	0
9372	1	0	0
9377	1	0	0
9379	1	0	0
9382	1	0	0
9411	1	0	0
9421	1	0	0
9455	1	0	0
9473	0	0	1
9572	0	0	1
9645	1	0	0
9647	1	0	0
9650	0	0	1
9671	1	0	0
9673	1	0	0
9674	1	0	0
9676	1	0	0
9677	2	0	0
9680	1	0	0
9682	1	0	0
9683	1	0	1
9710	1	0	0
9719	1	0	0
9729	1	0	0
9739	1	0	0
9741	1	0	0
9742	1	0	0
9744	2	0	0
9746	1	0	0
9747	1	0	0
9749	1	0	0
9750	2	0	0
9844	0	0	1
10082	1	0	0
10319	1	0	0
10458	0	1	0
10601	0	1	0
10781	0	0	1
10807	0	0	1
10870	0	0	1
10952	0	1	0
11331	1	0	0
11406	0	1	0
11575	0	1	0
11579	0	1	0
11637	0	1	0
11641	0	1	0
11642	0	1	0
11652	0	1	0
11727	1	0	0
11729	0	0	1
11854	1	0	0
11872	0	1	0
11888	0	1	0
11970	0	1	0
11973	0	1	0
11975	0	1	0
12065	0	0	1
12066	0	0	1
12380	0	0	1
12416	1	0	0
12417	1	0	0
12418	1	0	0
12578	0	0	1
12585	0	1	0
12676	0	1	0
12679	0	1	0
12717	1	0	0
12723	0	1	0
12775	1	0	0
12911	1	0	0
13009	0	1	0
13024	0	1	0
13025	0	1	0
13050	0	1	0
13186	0	1	0
13220	0	1	0
13305	0	0	1
13400	1	0	0
13441	1	0	0
13475	0	0	1
13749	1	0	0
13778	1	0	0
13789	1	0	0
13790	1	0	0
13846	1	0	0
13877	0	0	1
13911	0	1	0
13949	2	0	0
14194	1	0	0
14883	0	1	0
14922	1	0	0
15004	0	1	0
15118	0	1	0
15123	0	1	0
15169	0	1	0
15178	0	1	0
15286	1	0	0
15507	0	1	0
15585	0	0	1
15730	0	0	1
15876	1	0	1
15878	0	0	1
15928	1	0	0
16047	0	0	1
16064	0	0	1
16163	1	0	0
16352	0	1	0
16658	0	1	0
16677	0	1	0
16897	1	0	0
16931	0	0	1
16932	1	0	0
16934	0	0	1
17024	0	0	1
17097	0	0	1
17239	0	1	0
17418	1	0	0
17469	1	0	0
17563	1	0	0
17634	0	1	0
17799	0	0	1
18035	0	1	0
18228	0	1	0
18529	0	0	1
18751	0	0	1
18875	0	0	1
19023	0	1	0
19359	0	1	0
19513	0	0	1
19679	0	0	1
20275	0	0	1
20329	1	0	0
20490	0	1	0
20517	1	0	0
21521	0	0	1
21716	0	0	1
21887	0	0	1
21929	0	0	1
22069	0	1	0
22549	0	0	1
22741	0	0	1
22973	0	0	2
23011	0	0	1
23271	1	0	0
23274	0	0	1
23294	0	0	1
23561	0	0	1
24021	0	0	1
24085	0	0	1
24118	0	0	1
24265	0	0	1
24341	0	0	1
24394	0	0	1
24766	0	0	1
24830	0	1	0
25053	0	0	1
25294	0	0	1
25479	1	0	0
25517	0	0	1
25524	0	0	1
25672	0	0	1
25696	0	0	1
25698	0	0	1
25879	0	0	1
25979	0	0	2
26162	0	0	1
26228	0	0	1
26272	0	0	1
26297	0	0	1
26813	0	0	1
26846	1	0	0
26939	0	0	1
27070	0	1	0
27250	0	0	1
27260	0	0	1
27261	0	0	1
27262	0	0	2
27271	0	0	1
27314	0	0	1
27315	0	0	1
27328	0	0	1
27457	0	0	1
27557	0	0	1
27673	0	0	1
27871	1	0	0
27963	0	0	1
27986	0	0	1
28026	0	0	1
28630	0	0	1
28686	0	0	1
28737	0	0	1
28999	0	0	1
29385	1	0	0
29395	0	0	1
29754	0	1	0
29779	0	0	1
30062	0	0	1
30099	0	0	1
30115	0	0	1
30170	0	0	1
30440	0	1	0
30839	0	0	1
30867	0	0	1
30925	0	0	1
30927	0	0	1
31231	0	0	1
31530	1	0	0
31989	0	0	1
32389	0	0	1
32447	0	1	0
32558	1	0	0
32582	0	0	1
32713	0	0	1
32935	0	0	1
33056	0	0	1
33304	1	0	0
33336	0	0	1
33864	0	0	1
34314	0	0	1
34342	0	0	1
34553	0	0	1
34660	0	0	1
34981	0	0	1
35051	0	0	1
35135	0	0	1
35206	0	0	1
35226	0	1	0
35616	0	0	1
36140	0	0	1
36142	0	0	1
36659	0	0	1
36668	0	0	1
36695	1	0	0
36732	0	0	1
36760	0	0	1
36801	0	0	1
36926	0	0	1
36948	0	0	1
37025	0	0	1
37100	0	0	1
37164	0	0	1
37663	1	0	0
37771	0	1	0
37776	0	0	1
37848	0	1	0
37858	0	1	0
37888	0	0	1
37893	1	0	0
37904	0	1	0
37915	0	1	0
37994	0	1	0
38002	0	1	0
38025	0	0	1
38165	0	0	1
38167	1	0	0
38346	0	0	1
38458	0	0	1
38479	0	0	1
38482	0	0	1
38522	1	0	0
38549	0	1	0
38560	1	0	0
38742	0	0	1
38750	1	0	0
38790	1	0	0
38800	1	0	0
38804	1	0	0
38805	1	0	0
38822	2	0	0
38824	1	0	0
38827	1	0	0
38828	1	0	0
38834	1	0	0
38855	1	0	0
38859	1	0	0
39062	1	0	0
39065	1	0	0
39066	1	0	0
39084	1	0	0
39116	0	1	0
39127	1	0	0
39138	1	0	0
39153	1	0	0
39216	1	0	0
39250	1	0	0
39286	1	0	0
39294	1	0	0
39368	1	0	0
39544	0	1	0
39600	0	0	1
39776	0	0	1
40406	0	0	1
40485	1	0	0
40618	0	1	0
40802	0	0	1
40829	1	0	0
40902	0	0	1
40974	0	0	1
41464	0	0	1
41490	0	0	1
41526	0	0	1
41613	0	0	1
41917	0	0	1
42055	0	1	0
42411	0	0	1
42501	0	0	1
42507	0	0	1
42804	0	0	1
42868	1	0	0
42905	1	0	0
42942	0	0	1
43047	0	0	1
43066	0	0	1
43150	0	1	0
43234	1	0	0
43398	0	0	1
43434	0	0	1
43745	0	0	1
43799	0	0	1
43832	1	0	0
43926	0	0	1
44270	0	0	1
44982	0	0	1
44996	0	1	0
45006	0	0	1
45019	0	1	0
45131	0	0	1
45292	0	1	0
45369	0	1	0
45420	0	1	0
45444	0	0	1
45450	0	1	0
45482	0	1	0
45660	0	0	1
45754	0	1	0
45780	0	0	1
45790	0	1	0
45825	0	1	0
45840	0	0	1
45898	0	0	1
46052	0	1	0
46181	1	0	0
46309	1	0	0
46320	1	0	0
46337	1	0	0
46390	1	0	0
46515	1	0	0
46549	1	0	0
46615	1	0	0
46641	2	0	0
46712	1	0	0
46786	0	0	1
46798	1	0	0
47803	1	0	0
47994	1	0	0
48171	1	0	0
48293	0	1	0
48314	0	1	0
48316	0	1	0
48340	1	0	0
48420	0	1	0
48504	0	1	0
48566	0	1	0
48567	0	1	0
48569	0	1	0
48577	0	1	0
48588	0	2	0
48839	0	0	1
48854	0	0	1
48879	0	1	0
48945	0	1	0
49000	0	0	1
49297	0	0	1
49429	0	0	1
49631	1	0	0
49801	0	0	1
49968	1	0	0
50042	1	0	0
50790	0	0	1
50849	0	0	1
50994	0	0	1
51327	0	1	0
51328	1	0	0
51659	1	0	0
51676	0	1	0
51865	0	0	1
51896	0	1	0
53508	1	0	0
53608	0	0	1
53962	0	0	1
54098	1	0	0
54117	0	1	0
54334	1	0	0
54355	0	0	1
54650	1	0	0
55299	0	0	1
55659	0	3	0
55660	0	19	0
55661	0	14	0
55662	0	190	0
55663	0	1	0
55665	0	1	0
55668	0	1	0
55669	0	1	0
55672	0	1	0
55761	1	0	0
55764	1	0	0
55765	6	0	0
55767	1	0	0
55768	4	0	0
55770	9	0	0
55771	1	0	0
55772	2	0	0
55822	0	1	0
55894	0	0	1
56001	0	0	3
56033	0	0	1
56133	1	0	0
56278	0	0	1
56330	0	1	0
56353	0	0	1
56435	1	0	0
56519	1	0	0
56524	0	1	0
56555	0	0	1
56689	1	0	0
56817	0	0	1
56954	0	1	0
56980	0	1	0
56985	0	1	0
57049	0	1	0
57053	0	1	0
57135	0	1	0
57138	0	1	0
57144	0	1	0
57150	0	1	0
57153	0	1	0
57156	0	1	0
57168	0	1	0
57317	0	0	1
57409	0	1	0
57442	0	1	0
57628	0	1	0
57701	1	0	0
57813	0	0	1
57876	0	0	1
57907	1	0	0
57930	1	0	0
58013	1	0	0
58105	0	1	0
58132	1	0	0
58148	1	0	0
58203	1	0	0
58204	1	0	0
58206	1	0	0
58207	1	0	0
58209	1	0	0
58212	1	0	0
58226	1	0	0
58283	0	1	0
58296	1	0	0
58322	1	0	0
58331	1	0	0
58378	1	0	0
58386	1	0	0
58406	1	0	0
58430	1	0	0
58500	1	0	0
58562	1	0	0
59206	0	1	0
59247	1	0	0
59692	0	0	1
60540	1	0	0
60666	0	0	1
60868	0	0	1
61059	0	0	1
61553	0	0	1
62329	1	0	0
62365	1	0	0
62377	0	1	0
62656	0	1	0
62754	0	1	0
62858	1	0	0
62941	0	0	1
63639	0	0	1
63709	0	1	0
63845	0	0	1
64332	0	0	1
64478	1	0	0
65031	0	0	1
65408	0	0	1
65963	0	1	0
66028	0	0	1
66519	0	1	0
66789	0	1	0
66984	1	0	0
67473	0	0	1
67557	1	0	0
67603	0	1	0
68237	0	1	0
68534	0	0	1
69066	0	0	1
69180	0	0	1
69336	0	1	0
70112	0	0	1
70199	0	1	0
70215	1	0	0
70530	0	0	1
70824	0	0	1
70860	0	1	0
71825	0	0	1
72541	0	1	0
72831	0	0	1
73542	0	0	1
73637	0	0	1
73846	0	0	1
74250	0	0	1
74454	0	0	1
74461	0	1	0
74630	0	1	0
75676	0	0	1
75718	0	1	0
75971	0	0	1
75993	0	1	0
76263	0	0	1
76512	0	1	0
76755	0	0	1
76946	1	0	0
77236	0	1	0
77304	0	0	1
77333	0	0	1
77600	0	0	1
77652	0	0	1
77806	0	0	1
78326	0	0	1
78909	0	0	1
79275	1	0	0
80074	1	0	0
80154	0	1	0
80445	0	0	1
80777	0	0	1
80961	0	1	0
81328	0	0	1
82152	0	0	1
82452	1	0	0
83787	0	1	0
83805	0	0	1
83877	0	1	0
83878	0	1	0
84294	0	1	0
84330	0	1	0
84656	0	1	0
84674	0	1	0
84935	1	0	0
85244	0	1	0
85443	0	0	1
85514	0	1	0
85746	0	1	0
85871	0	0	1
87113	0	1	0
87117	0	0	1
87425	0	1	0
87927	0	0	1
88441	0	1	0
88850	1	0	0
89274	1	0	0
89910	0	0	1
90432	0	1	0
90509	1	0	0
90623	1	0	0
91228	0	0	1
91381	1	0	0
91872	1	0	0
92108	0	1	0
92111	0	1	0
92917	0	1	0
93126	0	0	1
93243	0	2	0
93352	0	1	0
93367	0	1	0
93384	0	1	0
93416	0	1	0
93452	0	1	0
93472	0	1	0
93479	0	1	0
93481	0	0	1
93532	1	0	0
93605	0	1	0
93625	0	0	1
93778	1	0	0
93799	1	0	0
93904	1	0	0
93908	0	0	1
94165	1	0	0
94172	1	0	0
94174	1	0	0
94192	1	0	0
94269	0	1	0
94540	1	0	0
94555	1	0	0
94585	1	0	0
94859	0	0	1
95200	0	1	0
97739	0	0	1
97762	1	0	0
98790	0	0	1
99234	0	1	0
99277	0	0	1
99441	1	0	0
99503	0	1	0
99516	0	1	0
99517	0	1	0
99528	0	1	0
99531	0	1	0
99532	0	3	0
99533	0	1	0
99538	0	1	0
99539	0	1	0
99540	0	4	0
99542	0	3	0
99543	0	1	0
99544	0	6	0
99545	0	5	0
99550	0	1	0
99564	0	1	0
99579	0	1	0
99586	0	1	0
99594	0	4	0
99595	0	8	0
99596	0	2	0
99597	0	4	0
99598	0	3	0
99600	0	1	0
99602	0	5	0
99603	0	1	0
99605	0	8	0
99606	0	2	0
99607	0	2	0
99608	0	3	0
99609	0	8	0
99610	0	6	0
99612	0	1	0
99614	0	1	0
99616	0	2	0
99617	0	7	0
99618	0	6	0
99619	0	5	0
99620	0	10	0
99621	0	2	0
99622	0	1	0
99623	0	9	0
99624	0	16	0
99625	0	22	0
99626	0	4	0
99627	0	13	0
99628	0	10	0
99629	0	5	0
99630	0	2	0
99631	0	3	0
99632	0	1	0
99635	0	3	0
99637	0	5	0
99638	0	12	0
99639	0	25	0
99640	0	9	0
99641	0	15	0
99642	0	2	0
99643	0	1	0
99644	0	4	0
99645	0	1	0
99647	0	1	0
99652	0	2	0
99665	0	1	0
99680	0	1	0
99682	0	1	0
99700	0	1	0
99715	0	0	1
99815	0	1	0
99861	1	0	0
99870	1	0	0
99964	0	0	2
100002	0	0	1
100006	1	0	0
100016	0	0	1
100022	1	0	0
100023	1	0	0
100026	1	0	0
100048	1	0	0
100051	1	0	0
100053	1	0	0
100054	1	0	0
100055	3	0	0
100056	1	0	0
100057	1	0	0
100058	5	0	0
100060	1	0	0
100061	16	0	0
100062	13	0	0
100063	21	0	0
100064	9	0	0
100065	3	0	0
100067	4	0	0
100069	1	0	0
100070	1	0	0
100071	2	0	0
100072	3	0	0
100073	8	0	0
100074	19	0	0
100075	18	0	0
100076	5	0	0
100077	21	0	0
100078	19	0	0
100079	7	0	0
100080	1	0	0
100081	3	0	0
100082	7	0	0
100083	14	0	0
100084	1	0	0
100085	3	0	0
100090	2	0	0
100091	1	0	0
100092	7	0	0
100093	5	0	0
100094	3	0	0
100095	2	0	0
100096	1	0	0
100097	7	0	0
100098	1	0	0
100099	2	0	0
100100	5	0	0
100101	1	0	0
100102	1	0	0
100103	1	0	0
100104	2	0	0
100105	6	0	0
100107	9	0	0
100108	3	0	0
100120	1	0	0
100136	1	0	0
100146	1	0	0
100147	1	0	0
100152	1	0	0
100154	1	0	0
100157	7	0	0
100158	8	0	0
100159	5	0	0
100160	2	0	0
100162	6	0	0
100163	4	0	0
100166	2	0	0
100167	1	0	0
100168	1	0	0
100169	7	0	0
100170	13	0	0
100171	5	0	0
100183	3	0	0
100185	3	0	0
100186	2	0	0
100229	0	1	0
100365	1	0	0
100367	1	0	0
100382	1	0	0
100486	0	0	1
100491	1	0	0
100656	1	0	0
100889	0	1	0
101569	0	0	1
101570	0	0	1
102005	0	0	1
102079	0	0	1
102321	1	0	0
102484	0	0	1
102505	1	0	0
102877	0	0	1
103190	0	0	1
103585	0	0	1
104041	0	0	1
104072	0	0	1
104162	0	0	1
104194	0	0	1
104213	0	0	1
104425	0	1	0
104784	0	0	1
105016	0	0	1
105051	0	0	1
105059	0	1	0
105306	0	0	1
105310	0	0	1
105318	0	1	0
105372	0	0	1
105625	0	0	1
105649	0	0	1
105659	0	0	1
105695	0	0	1
105751	0	0	1
105883	0	0	1
105915	0	0	1
106029	0	0	1
106042	0	0	1
106062	0	0	1
106118	0	0	1
106131	0	0	1
106140	0	0	1
106149	1	0	0
106214	0	0	1
106247	0	0	1
106264	0	0	1
106273	0	0	1
106422	0	0	1
106731	1	0	0
106865	0	0	2
106866	0	0	1
106929	0	0	1
106949	0	0	1
106974	0	0	1
107016	0	0	1
107036	0	0	1
107181	0	0	1
107183	0	0	1
107400	0	0	1
107444	0	0	1
107542	0	0	1
107587	0	0	1
107600	0	0	1
107628	0	0	1
107736	0	1	0
107900	0	1	0
108128	0	0	1
108151	0	1	0
108154	0	1	0
108158	0	0	1
108234	0	1	0
108240	0	0	1
108285	0	0	1
108531	0	0	1
108548	0	1	0
108594	0	0	1
108667	0	0	1
108695	0	1	0
108751	0	0	1
108805	0	0	1
108827	0	1	0
108843	0	0	1
108871	0	0	1
108878	0	0	1
108968	0	0	1
108987	1	0	0
109003	1	0	0
109052	0	0	1
109286	0	0	1
109440	0	0	1
109522	0	0	1
109544	1	0	0
109546	1	0	0
109550	0	0	1
109565	0	0	1
109612	0	0	1
109780	0	0	1
109839	0	1	0
109923	1	0	0
109926	0	1	0
109937	1	0	0
110201	1	0	0
110231	0	1	0
110297	1	0	0
110308	0	1	0
110312	0	0	1
110331	0	0	1
110383	0	0	1
110384	0	0	1
110399	0	1	0
110402	0	0	1
110471	0	0	1
110521	0	0	2
110525	0	0	1
110530	0	0	1
110556	0	1	0
110575	0	1	0
110583	0	0	1
110595	0	1	0
110600	0	1	0
110604	0	1	0
110606	0	2	0
110615	0	2	0
110619	0	1	0
110621	0	1	0
110628	0	2	0
110633	0	1	0
110635	0	1	0
110637	0	1	0
110638	0	1	0
110639	0	2	0
110640	0	1	0
110648	0	1	0
110649	0	1	0
110654	0	0	1
110663	0	2	0
110666	0	1	0
110667	0	1	0
110669	0	0	1
110670	0	1	0
110682	0	1	0
110692	0	0	1
110704	0	1	0
110708	0	0	1
110715	0	1	0
110722	0	1	0
110757	0	1	0
110893	0	0	1
111044	0	0	1
111068	0	0	1
111078	1	0	0
111085	0	0	1
111144	1	0	0
111202	1	0	0
111228	0	0	1
111254	0	1	0
111453	1	0	0
111484	1	0	0
111516	1	0	0
111637	0	1	0
111669	1	0	0
111709	0	0	1
112014	1	0	0
112096	0	0	1
112144	0	0	1
112309	1	0	0
112446	0	0	1
112669	0	0	1
112698	0	0	1
112957	0	0	1
112972	0	0	1
113160	0	0	1
113750	0	0	1
113975	0	0	1
114019	0	1	0
114095	1	0	0
114213	0	0	1
114353	0	1	0
114486	0	0	1
114543	0	0	1
114553	0	0	1
114782	0	0	1
114788	0	0	1
114848	0	0	1
114907	0	0	1
115015	1	0	0
115149	0	0	1
115178	0	0	1
115184	0	0	1
115242	0	0	1
115638	0	0	1
115669	1	0	0
116236	0	0	1
116359	0	0	1
116473	0	0	1
116592	0	1	0
116652	0	0	1
116679	0	0	1
116839	0	0	1
116857	0	0	1
116978	0	0	1
117077	0	1	0
117086	1	0	0
117477	0	1	0
117478	0	1	0
117510	1	0	0
117572	1	0	0
117658	0	0	1
117850	0	0	1
117897	0	0	1
117986	0	0	1
118028	0	0	1
118078	0	1	0
118241	0	0	1
118280	0	0	1
118410	0	0	1
118708	0	0	1
118986	0	1	0
119005	0	1	0
119166	0	0	1
119184	1	0	0
119419	0	1	0
119481	0	1	0
119503	0	1	0
119570	0	1	0
119721	0	1	0
119858	0	0	1
120738	0	0	1
120746	0	0	1
120844	1	0	0
121343	0	0	1
122128	0	0	1
122243	0	1	0
122508	1	0	0
122527	0	0	1
123242	0	1	0
123282	1	0	0
123297	0	1	0
123305	0	1	0
123664	1	0	0
123720	0	0	1
123902	0	0	2
124414	0	0	1
124460	0	0	1
124909	0	0	1
125211	0	0	1
125465	0	0	1
125728	0	1	0
125759	0	0	1
126035	0	0	1
126480	0	0	1
127240	0	0	1
128253	0	1	0
128616	0	0	1
128738	0	0	1
128835	0	1	0
128934	0	1	0
128962	1	0	0
128964	2	0	0
128965	1	0	0
128968	4	0	0
128969	2	0	0
128970	2	0	0
128988	1	0	0
129015	1	0	0
129026	3	0	0
129031	1	0	0
129046	1	0	0
129055	1	0	0
129084	1	0	0
129258	2	0	0
129259	1	0	0
129260	1	0	0
129413	0	1	0
129528	1	0	0
130275	0	0	1
130658	0	0	1
130678	0	0	1
131064	0	0	1
131461	0	0	1
131913	1	0	0
131943	0	1	0
132138	0	0	1
132220	0	0	1
132533	0	0	1
132842	0	0	1
132975	0	0	1
133448	0	1	0
133449	0	1	0
134079	0	1	0
134391	1	0	0
134424	0	1	0
134505	0	1	0
134650	0	1	0
134879	0	1	0
135392	1	0	0
135456	1	0	0
135565	1	0	0
135581	1	0	0
135919	1	0	0
136100	1	0	0
136443	0	1	0
136533	1	0	0
136583	1	0	0
136663	0	1	0
136793	0	1	0
136810	1	0	0
136843	1	0	0
136981	1	0	0
137206	0	0	1
137675	0	0	1
137798	0	0	1
137870	1	0	0
138166	1	0	0
138336	0	0	1
138378	1	0	0
138730	0	1	0
138873	0	1	0
139088	1	0	0
139103	1	0	0
139221	1	0	0
139439	0	0	1
140486	0	1	0
140555	0	0	1
140968	1	0	0
141717	0	1	0
141770	0	0	2
142025	0	0	1
142248	1	0	0
142364	0	0	1
143405	1	0	0
144102	0	0	1
144926	0	0	1
145016	1	0	0
145879	0	0	1
146080	0	0	1
146411	1	0	0
146499	0	0	1
147593	0	1	0
149042	0	1	0
150069	0	0	1
150200	0	1	0
150566	0	0	1
150858	0	0	1
152790	0	0	1
153071	0	0	1
153073	0	0	1
153232	0	0	1
153431	1	0	0
153432	1	0	0
153673	0	0	1
153995	0	0	1
154229	0	1	0
154523	0	0	1
154833	0	0	1
155252	0	1	0
155320	0	1	0
155472	1	0	0
155857	0	0	1
155950	0	0	1
156104	0	0	1
156367	0	1	0
156468	0	0	1
156515	1	0	0
156637	0	0	1
157108	0	1	0
157519	0	0	1
157744	0	0	1
157803	0	0	1
158036	1	0	0
158140	0	0	1
158166	0	0	1
158299	0	0	1
158321	0	0	1
158329	0	0	1
158341	0	0	1
158547	0	0	1
158689	0	1	0
158818	1	0	0
158904	0	0	1
159185	0	1	0
159749	0	0	1
160233	0	1	0
160271	0	0	1
160321	0	0	1
160357	0	0	1
160617	0	0	1
160633	1	0	0
161119	0	0	1
161210	1	0	0
161239	0	0	1
161288	1	0	0
161626	0	0	1
161848	0	0	1
161925	0	0	1
161945	0	0	1
162006	0	0	1
162181	0	0	1
162368	0	0	1
162370	0	0	1
162377	0	0	1
162421	0	0	1
162503	0	0	1
162517	1	0	0
162573	0	0	1
162697	0	0	1
162745	1	0	0
162773	1	0	0
162783	0	0	1
163028	0	0	1
163290	0	0	1
163531	0	0	1
163971	0	0	1
163981	0	1	0
164019	1	0	0
164204	0	0	1
164416	0	1	0
165427	0	1	0
165474	0	0	1
165565	0	1	0
165833	0	0	1
166875	1	0	0
167073	0	0	1
167102	0	1	0
167134	1	0	0
167288	0	0	1
167329	0	0	1
167505	1	0	0
167701	0	0	1
167791	1	0	0
167796	1	0	0
167913	0	1	0
168096	0	0	1
169333	0	1	0
169498	1	0	0
169609	0	1	0
169793	1	0	0
169917	0	0	1
170091	0	0	1
170127	0	1	0
170160	0	0	1
170171	0	0	1
170779	0	0	1
170823	0	0	1
171052	0	0	1
171125	0	0	1
171130	0	0	1
171218	0	0	1
171442	1	0	0
171492	0	0	1
171662	0	0	1
172135	1	0	0
172406	1	0	0
172582	0	0	1
172605	0	0	1
172714	0	0	1
172718	0	0	1
172722	0	0	1
172765	0	0	1
172974	0	0	1
173077	0	0	1
173094	0	0	1
173181	0	0	1
173208	0	1	0
173426	0	1	0
173913	0	0	1
174110	0	0	1
174112	0	0	1
174383	0	0	1
174554	0	0	1
174636	0	0	1
174683	0	0	1
174718	0	0	1
174769	0	1	0
174865	0	0	1
174874	0	0	1
174949	0	0	1
174980	0	0	1
175146	0	0	2
175173	0	0	1
175253	0	0	1
175413	0	0	1
175713	0	0	1
175727	0	0	1
175743	0	0	1
175859	0	0	1
175867	0	0	1
175874	0	0	1
175930	0	0	1
175994	0	0	1
176114	0	0	1
176135	0	0	1
176176	0	0	1
176576	0	0	1
176595	0	0	1
176695	0	0	1
176743	0	0	1
176805	0	0	1
176807	0	0	1
176887	0	0	1
176916	0	0	1
176970	0	0	1
177070	0	0	1
177086	0	0	1
177160	0	0	1
177186	0	0	1
177193	0	0	1
177198	0	0	1
177204	0	0	2
177208	0	0	1
177209	0	0	1
177220	0	0	1
177221	0	0	1
177222	0	0	1
177258	0	0	1
177303	0	0	1
177310	0	0	1
177311	0	0	1
177333	0	0	1
177336	0	0	1
177351	0	0	3
177372	0	0	1
177385	0	0	1
177397	0	1	0
177417	0	0	1
177554	0	0	1
177558	0	0	1
177590	0	0	1
177654	0	0	1
177689	0	0	1
177699	0	0	1
177767	0	0	1
177789	0	0	2
177803	0	0	1
177861	0	0	1
178012	0	0	1
178064	0	1	0
178150	0	0	1
178156	0	0	1
178173	0	0	1
178174	0	0	1
178190	0	0	1
178192	0	0	1
178194	0	0	4
178198	0	0	1
178217	0	0	1
178257	0	0	1
178292	0	0	1
178294	0	0	1
178302	0	0	1
178313	0	0	1
178319	0	0	1
178353	0	0	1
178363	0	0	1
178365	0	0	1
178367	0	0	1
178369	0	0	1
178375	0	0	1
178445	0	0	1
178598	0	0	1
178612	0	0	1
178648	0	0	2
178750	0	0	1
178778	0	0	1
178801	0	0	1
178811	0	0	1
178836	0	0	1
178840	0	0	1
178854	0	0	1
178983	0	0	1
179051	0	0	1
179137	0	0	1
179210	0	0	1
179282	0	0	1
179284	0	0	1
179322	0	0	1
179343	0	0	1
179371	1	0	0
179374	0	0	1
179386	0	1	0
179393	0	0	1
179403	0	0	1
179423	0	0	1
179438	0	0	1
179487	0	0	1
179502	0	0	1
179660	0	0	1
179740	0	0	1
180074	0	0	1
180118	0	0	1
180332	0	0	1
180341	0	0	1
180342	0	0	1
180352	0	0	1
180354	0	0	1
180355	0	0	1
180357	0	0	1
180359	0	0	2
180368	0	0	1
180372	0	0	1
180373	0	0	1
180379	0	0	1
180381	0	0	2
180383	0	0	1
180385	0	0	1
180387	0	0	1
180403	0	0	1
180407	0	0	1
180408	0	0	2
180409	0	0	1
180410	0	0	1
180415	0	0	1
180417	0	0	2
180423	0	0	1
180426	0	0	2
180429	0	0	2
180432	0	0	1
180433	0	0	1
180435	0	0	1
180439	0	0	1
180441	0	0	1
180457	0	0	1
180459	0	0	1
180460	0	0	1
180475	0	0	1
180479	0	0	1
180524	0	0	1
180539	0	0	1
180611	0	0	1
180657	0	0	1
180817	0	0	1
181226	0	0	1
181497	0	1	0
181871	0	0	1
182373	1	0	0
183546	0	0	1
183581	0	0	1
183609	0	0	1
183633	0	0	1
183655	0	0	1
184586	0	0	1
184663	1	0	0
184687	1	0	0
184688	1	0	0
184806	1	0	0
184954	1	0	0
185583	1	0	0
185853	0	1	0
186254	0	0	1
186284	0	0	1
186328	1	0	0
186333	1	0	0
186484	0	0	1
186623	0	1	0
186935	0	1	0
186987	0	0	1
187008	0	0	1
187040	0	0	1
187136	0	0	1
187169	0	0	1
187264	1	0	0
187269	0	0	1
187360	1	0	0
187367	0	0	1
187371	0	0	1
187412	0	0	1
187481	0	0	1
187522	0	0	1
187541	0	0	1
187560	0	0	1
187619	0	0	1
187657	0	0	1
187845	0	0	1
187879	0	0	1
188195	0	0	1
188292	0	0	1
188345	0	0	1
188368	0	0	1
188389	1	0	0
189008	0	0	1
189060	0	0	1
189498	0	0	1
189800	0	0	1
189866	0	0	1
190141	0	0	1
190143	0	0	1
190482	0	0	1
190770	0	1	0
190840	0	0	1
190929	0	1	0
190936	0	0	1
191148	1	0	0
191506	1	0	0
191541	0	1	0
191703	1	0	0
191766	1	0	0
191869	0	1	0
191932	1	0	0
192239	1	0	0
192399	0	0	1
192434	0	0	1
193855	0	1	0
194952	0	0	1
195486	0	1	0
195489	0	0	1
195532	1	0	0
196019	1	0	0
196646	0	0	1
197102	0	0	1
197426	1	0	0
198221	0	1	0
198581	0	0	1
198658	1	0	0
200391	0	0	1
200392	0	1	0
200573	0	1	0
200861	1	0	0
200971	0	0	1
201362	0	0	1
201411	1	0	0
201733	1	0	0
202161	1	0	0
202470	0	0	1
202621	0	1	0
202783	1	0	0
202846	0	1	0
203213	0	1	0
203379	0	0	1
203895	1	0	0
204093	0	0	1
204111	0	0	1
204183	0	1	0
204651	1	0	0
204931	1	0	0
205178	0	1	0
205593	1	0	0
205684	0	1	0
205728	0	0	1
205779	0	1	0
205892	0	0	1
205915	0	0	1
206156	0	1	0
207177	1	0	0
207178	0	1	0
207747	1	0	0
207797	0	1	0
208948	1	0	0
209665	0	0	1
209861	0	2	0
210265	1	0	0
210469	1	0	0
211186	0	1	0
211506	0	0	1
211557	1	0	0
211783	0	1	0
211961	0	0	1
212011	0	0	1
212088	0	1	0
212763	0	0	1
212802	0	0	1
212971	0	0	1
212983	0	0	1
212985	0	0	1
212999	0	0	1
213099	0	0	1
213127	0	0	1
213211	0	0	1
213232	0	0	1
213270	0	0	1
213307	0	0	1
213354	0	0	1
213380	0	0	1
213500	0	0	1
213521	0	0	1
213562	0	0	1
213729	0	0	1
213741	0	0	1
213802	0	0	1
213816	0	0	1
213829	0	1	0
213876	0	0	1
213909	0	0	1
214174	0	0	1
214176	0	0	1
214319	0	0	1
214375	0	0	1
214443	0	0	1
214449	0	0	1
214491	0	0	1
214559	0	0	1
214715	0	0	1
214771	1	0	0
214838	0	0	1
214853	0	0	1
214857	0	0	1
214865	0	0	1
214873	0	0	1
214874	0	0	1
214878	0	0	2
215054	0	0	1
215118	0	0	1
215252	0	0	1
215309	1	0	0
215566	0	0	1
215570	0	0	1
215572	0	0	1
215587	0	0	1
215593	0	0	1
215644	0	0	1
215675	1	0	0
215686	0	0	1
215702	0	0	1
215750	1	0	0
215795	0	0	1
215804	0	0	1
215835	0	0	1
215844	0	0	1
215865	0	0	1
215896	0	0	1
215906	0	0	1
215932	0	0	1
215951	0	0	1
215966	0	0	1
215995	0	0	1
216061	0	0	1
216076	0	0	1
216186	0	0	1
216252	0	0	1
216265	0	0	1
216275	0	0	1
216299	0	0	1
216303	0	0	1
216311	0	0	1
216891	0	0	1
216899	0	0	1
217069	0	0	1
217125	0	0	1
217166	0	0	1
217188	0	0	1
217204	0	0	1
217506	0	0	1
217537	0	0	1
217544	0	0	1
217565	0	0	1
217575	0	0	1
217604	0	0	1
217619	0	0	2
217645	0	0	1
217647	0	0	1
217840	0	0	1
217987	0	0	1
218062	0	0	1
218319	0	0	1
218432	1	0	0
218451	0	0	1
218502	0	0	1
218554	0	0	1
218712	0	0	1
218714	0	0	1
218735	1	0	0
218755	0	0	1
218997	0	0	1
219217	0	0	1
219513	0	0	1
219545	0	0	1
219689	0	0	1
220261	1	0	0
220262	0	0	1
220555	0	0	1
220610	0	0	2
220615	0	0	1
220678	0	0	1
220689	0	0	1
220758	0	1	0
220770	0	0	1
220796	0	0	1
221110	0	0	1
221165	0	0	1
221472	0	0	1
221680	0	0	1
221692	0	0	1
221823	1	0	0
221870	0	0	1
221918	0	0	1
221920	0	0	1
221928	0	0	1
221996	0	0	1
222144	0	0	1
222200	0	0	1
222266	0	0	1
222297	1	0	0
222357	0	0	1
222368	0	0	1
222398	0	0	1
222552	0	0	1
222561	0	0	1
222599	0	0	1
222602	0	0	1
222828	0	0	1
222841	0	0	1
222845	0	0	1
222858	0	0	1
222972	0	0	1
222980	0	0	1
223115	0	0	1
223124	0	0	1
223183	0	0	1
223195	0	1	0
223292	0	0	1
223408	1	0	0
223570	1	0	0
223608	0	0	1
223628	0	0	1
223639	0	0	1
223708	0	0	1
223743	0	0	1
223771	0	0	1
223835	0	0	1
224027	0	0	1
224048	0	0	1
224071	0	0	1
224109	1	0	0
224112	1	0	0
224114	1	0	0
224116	1	0	0
224118	1	0	0
224128	1	0	0
224133	1	0	0
224134	1	0	0
224136	1	0	0
224141	1	0	0
224143	1	0	0
224149	1	0	0
224156	1	0	0
224157	1	0	0
224165	1	0	0
224172	1	0	0
224174	1	0	0
224178	1	0	0
224179	1	0	0
224180	1	0	0
224181	1	0	0
224182	1	0	0
224196	1	0	0
224265	0	0	1
225597	1	0	0
225758	0	1	0
225790	0	1	0
225923	0	1	0
225991	0	0	1
227015	1	0	0
227168	1	0	0
227399	1	0	0
227469	0	0	1
228264	0	1	0
229398	1	0	0
229488	0	1	0
229880	0	0	1
229925	0	0	1
230180	0	0	1
230769	0	0	1
230880	1	0	0
231062	1	0	0
231311	0	0	1
231541	0	0	1
231857	1	0	0
231909	1	0	0
231967	1	0	0
232006	0	0	1
232120	0	1	0
232121	0	1	0
232140	0	1	0
232595	0	0	1
232634	0	0	1
232659	0	0	1
232953	1	0	0
232973	0	0	1
233019	1	0	0
233048	1	0	0
233077	1	0	0
233126	0	0	1
233150	0	0	1
233494	1	0	0
233521	1	0	0
233753	0	1	0
233873	1	0	0
234371	0	0	1
234637	0	1	0
234648	0	0	1
234670	1	0	0
234962	0	1	0
235124	0	0	1
235291	0	0	1
236160	0	0	1
236510	1	0	0
236880	1	0	0
236973	0	0	1
237033	0	0	1
237473	0	0	1
238798	0	0	1
238931	0	1	0
238980	0	0	1
239044	1	0	0
239061	0	0	1
239280	0	1	0
239604	0	1	0
239850	0	0	1
240249	1	0	0
240631	1	0	0
240721	0	0	1
240840	0	0	1
240947	0	0	1
241788	0	0	1
241811	0	0	1
242224	0	0	1
242948	0	1	0
243101	0	0	1
243139	0	0	1
243222	0	0	1
243265	0	0	1
243268	0	0	1
243313	1	0	0
243329	0	0	1
244069	1	0	0
244160	1	0	0
244253	0	0	1
244620	1	0	0
244966	0	0	1
244999	0	0	1
245070	0	0	1
245104	0	0	1
245291	0	0	1
245422	0	0	1
245539	0	0	1
245543	0	0	1
245596	0	0	1
245713	1	0	0
245896	0	0	1
246231	0	0	1
247600	0	0	1
247643	0	0	1
247709	0	0	1
247813	0	0	1
248635	1	0	0
248871	0	1	0
249184	0	0	1
249531	0	0	1
249540	1	0	0
249603	1	0	0
250301	0	0	1
250302	0	0	1
250816	0	0	1
250883	0	1	0
250890	0	0	1
251286	0	0	1
251893	0	0	1
252467	0	0	1
252615	0	0	1
252922	0	0	1
254059	0	0	1
254906	0	1	0
254910	0	0	1
255338	0	0	1
255370	0	0	1
255376	0	0	1
255435	0	0	1
255613	0	0	1
255643	0	1	0
255791	0	1	0
255855	0	0	1
256022	0	0	1
256099	1	0	0
256145	1	0	0
256680	0	0	1
257766	1	0	0
258178	0	0	1
258668	1	0	0
259715	0	0	1
259982	0	0	1
260431	1	0	0
260473	1	0	0
260565	0	1	0
260713	0	1	0
260921	1	0	0
261143	1	0	0
261172	1	0	0
261232	1	0	0
261428	1	0	0
261554	0	1	0
261662	1	0	0
261974	1	0	0
262028	1	0	0
262091	0	0	1
262210	1	0	0
262254	1	0	0
262297	1	0	0
262298	1	0	0
262372	0	1	0
262460	0	0	1
262519	0	0	1
262922	0	0	1
263052	0	0	1
263506	1	0	0
263612	0	0	1
263618	0	0	1
263640	0	0	1
263835	0	0	1
264270	0	1	0
264463	0	0	1
264745	0	0	1
264837	0	0	1
265029	0	0	1
265120	0	0	1
266213	0	1	0
266328	0	1	0
266353	0	0	1
266914	0	0	1
266987	0	0	1
267038	0	0	1
267123	0	1	0
267428	0	0	1
267857	0	0	1
267936	1	0	0
268308	1	0	0
268379	0	0	1
268468	0	0	1
268469	0	1	0
268582	0	0	1
269486	0	0	1
269644	0	0	1
269858	0	0	1
269968	0	0	1
270061	0	1	0
270807	0	0	1
270843	1	0	0
270921	0	0	1
271325	0	0	1
271347	0	0	1
271510	0	0	1
272001	0	0	1
273066	0	0	1
273425	1	0	0
274607	1	0	0
274919	1	0	0
275029	0	1	0
275875	0	0	1
276207	0	1	0
276266	0	0	1
276338	0	0	1
276347	1	0	0
276673	0	0	1
276758	0	0	1
276991	0	0	1
277111	0	1	0
277386	0	0	1
277656	0	0	1
278005	0	0	1
278260	0	0	1
278307	0	0	1
278415	0	1	0
278692	0	0	1
279682	0	0	1
279942	0	0	1
279974	0	0	1
280240	0	0	1
280352	0	1	0
280405	0	1	0
280527	0	1	0
280536	0	1	0
281061	0	0	1
281509	0	0	1
281641	1	0	0
281788	0	0	1
281792	0	0	1
282215	0	0	1
282724	0	0	1
283098	0	0	1
283108	0	0	1
283121	0	0	1
283124	0	0	1
283168	0	0	1
283286	0	0	1
283858	0	0	1
284479	0	0	1
284484	0	0	1
284489	0	0	1
284496	0	0	1
284740	0	0	1
284911	0	0	1
285019	1	0	0
285108	1	0	0
285216	0	0	1
285316	0	0	1
285319	0	0	1
286299	0	0	1
286303	0	0	1
286350	0	0	1
286368	0	1	0
286690	0	0	1
286800	0	1	0
287212	0	1	0
287313	0	0	1
287335	0	0	1
287980	0	0	1
288016	0	1	0
288217	1	0	0
288285	1	0	0
290455	0	1	0
290552	1	0	0
290654	0	0	1
291020	0	0	1
291271	1	0	0
291282	0	1	0
291521	1	0	0
291818	1	0	0
292933	0	0	1
293077	1	0	0
293339	0	0	1
293681	1	0	0
293936	1	0	0
296218	0	0	1
297168	1	0	0
297215	0	1	0
297250	1	0	0
297255	1	0	0
297273	1	0	0
297274	1	0	0
297289	1	0	0
297480	1	0	0
297583	1	0	0
298464	0	1	0
299269	1	0	0
299327	0	0	1
299867	0	2	0
299994	0	0	1
300078	0	0	1
300490	1	0	0
300663	0	1	0
300827	0	1	0
300982	0	1	0
301021	1	0	0
301232	0	1	0
301491	0	1	0
301493	0	0	1
301497	1	0	0
303184	0	0	1
303239	0	0	1
303487	0	0	2
303508	0	0	1
303534	0	0	1
303627	0	0	1
304224	1	0	0
304428	0	0	1
304463	0	0	1
304508	0	0	1
305187	1	0	0
305889	1	0	0
307570	1	0	0
307929	0	1	0
308409	0	1	0
309158	1	0	0
309728	0	1	0
310094	0	0	1
310417	0	0	1
311177	1	0	0
311642	0	1	0
312377	0	0	1
312431	0	0	1
312743	1	0	0
313116	1	0	0
314050	0	0	1
314168	0	1	0
314331	0	0	1
314620	0	1	0
315140	0	0	1
315411	1	0	0
315704	0	0	1
316074	0	0	1
316153	0	1	0
316333	1	0	0
316714	1	0	0
316743	0	0	1
316971	0	0	1
317120	0	1	0
317407	0	1	0
317697	0	0	1
318603	0	1	0
318618	0	0	1
319431	0	0	1
319795	0	0	1
320176	0	0	1
320687	0	0	1
320899	0	0	1
320918	0	0	1
321883	1	0	0
322238	0	1	0
323387	1	0	0
323487	0	0	1
323494	0	0	1
323611	0	0	1
323656	0	0	1
323744	0	0	1
323846	0	0	1
323874	0	0	1
323900	0	0	1
323960	0	1	0
324082	0	0	1
324154	0	0	1
324309	0	0	1
324321	1	0	0
324461	0	1	0
324494	0	0	1
324609	0	0	1
324612	0	0	1
324654	0	0	1
324894	0	0	1
324904	0	0	1
324995	0	0	1
325000	0	0	1
325187	0	0	1
325205	0	0	1
325384	0	0	1
325417	1	0	0
325529	0	0	1
325576	0	0	1
325591	0	0	1
325608	0	0	1
325620	0	0	1
325639	1	0	0
325762	0	1	0
325809	0	0	1
325876	0	0	1
325886	0	0	1
325981	0	0	1
325985	0	0	1
326016	0	1	0
326032	0	0	1
326068	0	0	1
326090	0	0	1
326111	0	0	1
326538	0	0	1
326792	0	0	1
326874	0	0	1
326904	0	0	1
326964	1	0	0
327065	0	1	0
327625	0	0	1
327644	0	0	1
327662	0	1	0
327688	0	1	0
327881	0	0	1
328056	0	0	1
328563	0	1	0
329254	0	1	0
329258	0	0	1
329282	0	1	0
329312	0	0	1
329325	0	0	1
329347	0	0	1
329374	0	1	0
329380	0	0	1
329411	0	1	0
329423	0	0	1
329455	0	0	1
329557	0	0	1
329692	0	0	1
329696	0	0	1
329716	0	1	1
329761	0	0	1
329800	0	0	1
330044	0	0	1
330051	0	0	1
330121	0	0	1
330127	0	0	1
330180	0	1	0
330210	0	0	1
330305	0	0	1
330381	0	0	1
330448	0	0	1
331409	0	0	1
331617	0	0	1
332449	0	0	1
332480	1	0	0
332518	0	0	1
332747	0	0	1
332750	0	0	1
333105	0	0	1
333207	0	0	1
333623	0	0	1
333652	0	1	0
333709	0	0	1
333849	1	0	0
333878	0	1	0
334108	0	1	0
334123	0	1	0
334150	0	1	0
334197	0	1	0
334225	0	1	0
334319	0	1	0
334528	0	0	1
334578	0	0	1
334601	0	0	1
334611	0	1	0
334649	0	0	1
335215	0	0	1
335431	1	0	0
335502	1	0	0
336209	1	0	0
336651	0	0	1
337689	0	0	1
338007	1	0	0
338705	1	0	0
338862	0	0	1
338992	0	0	1
339035	0	0	1
339139	0	0	1
339227	1	0	0
339255	0	0	1
339990	0	0	1
340393	0	1	0
340495	0	0	1
340496	0	0	1
340573	0	1	0
340576	0	0	1
340584	0	0	1
340587	0	0	1
340596	0	1	0
340621	0	1	0
340683	0	1	0
340705	0	1	0
340819	0	1	0
341000	0	0	1
341010	0	1	0
341246	1	0	0
341287	1	0	0
341384	1	0	0
341397	0	0	1
341405	0	0	1
341803	1	0	0
341895	0	0	1
342130	0	0	1
342240	1	0	0
343222	0	1	0
343585	0	0	1
343680	0	0	1
343770	0	0	1
344178	1	0	0
345224	0	0	1
346612	0	0	1
346669	0	0	1
346935	0	0	1
348895	0	0	1
349239	0	0	1
349363	0	1	0
349447	0	0	1
349489	0	1	0
349791	0	0	1
350273	1	0	0
350434	0	0	1
350610	0	1	0
350667	1	0	0
350731	0	0	1
351054	0	1	0
352667	1	0	0
352946	0	0	1
353142	0	0	1
353760	0	1	0
354122	0	1	0
354220	0	0	1
354785	0	1	0
354810	1	0	0
354818	0	1	0
356065	0	0	1
356231	0	1	0
356576	1	0	0
356593	0	1	0
357137	0	1	0
357153	0	2	0
357162	0	0	1
357274	1	0	0
357712	0	0	1
358228	0	0	1
358358	0	1	0
358531	1	0	0
358754	0	0	1
358856	0	0	1
358879	0	1	0
358912	0	0	1
358944	0	0	1
359241	0	1	0
359731	0	0	1
360015	0	1	0
360181	0	0	1
361254	1	0	0
362268	0	1	0
362370	1	0	0
362394	1	0	0
362454	0	0	1
362756	0	0	1
362845	0	0	1
362950	0	0	1
362985	1	0	0
363050	0	0	1
363145	0	0	1
363909	1	0	0
365309	0	1	0
365418	1	0	0
365428	0	0	1
365750	1	0	0
366381	1	0	0
366587	0	0	1
367010	0	0	1
368587	0	1	0
369166	0	0	1
369763	0	0	1
370947	1	0	0
371346	0	1	0
372189	1	0	0
373507	0	0	1
373686	0	1	0
373817	0	0	1
374724	0	0	1
374847	0	0	1
374953	0	0	1
375736	0	0	1
376119	1	0	0
376217	0	0	1
376258	0	0	1
376272	0	0	1
376384	0	0	1
376440	0	0	1
376528	0	0	1
376548	0	0	1
376561	0	0	1
376582	0	0	1
376666	0	0	1
377073	0	0	1
377232	0	1	0
377545	0	0	1
377684	0	0	1
378555	0	0	1
378920	0	1	0
380844	0	0	1
382915	0	0	1
383238	1	0	0
383550	0	0	1
386380	0	0	1
387383	0	0	1
387717	0	0	1
388855	0	1	0
389037	1	0	0
389106	0	0	1
389294	0	0	1
389444	0	0	1
389870	0	0	1
390070	0	0	1
390558	0	0	1
390715	0	0	1
390808	0	0	1
391194	0	0	1
393245	0	0	1
393810	0	1	1
395063	0	1	0
395208	0	0	1
395375	1	0	0
395547	1	0	0
395833	1	0	0
395987	0	1	0
395988	0	1	0
396593	0	1	0
396857	0	0	1
397134	0	1	0
397741	0	1	0
399284	0	1	0
399443	1	0	0
400701	0	0	1
401203	0	1	0
401373	0	1	0
401556	0	1	0
402094	0	1	0
402483	1	0	0
402744	0	0	1
403140	0	1	0
403235	0	1	0
403282	0	0	1
403569	1	0	0
403579	0	1	0
403608	0	0	1
404075	1	0	0
405266	0	1	0
406150	0	0	1
406876	1	0	0
406891	1	0	0
406998	1	0	0
407568	0	1	0
408180	0	0	1
408458	1	0	0
409302	0	1	0
409369	0	1	0
409603	0	0	1
410748	1	0	0
410982	1	0	0
411097	0	0	1
411193	0	1	0
411448	0	0	1
411504	0	0	1
412130	0	0	1
412487	0	1	0
413219	1	0	0
413475	0	0	1
414250	0	1	0
414502	0	1	0
417429	0	0	1
418498	0	1	0
418870	1	0	0
419019	1	0	0
419249	0	0	1
420566	1	0	0
421491	0	1	0
421755	0	0	1
422061	0	0	1
422354	0	0	1
422701	0	0	1
423067	0	0	1
423400	0	0	1
423493	0	0	1
423860	0	0	1
423889	0	0	1
424308	0	0	1
424381	0	0	1
424499	0	0	1
424500	0	0	1
424878	0	0	1
425121	0	0	1
425133	0	1	0
425896	1	0	0
426203	0	0	1
426456	0	0	1
428172	0	0	1
428282	0	1	0
428867	0	0	1
429589	0	0	1
429675	0	0	1
429940	1	0	0
430165	0	0	1
430707	0	0	1
431033	0	0	1
432171	0	0	1
432254	0	1	0
432448	0	0	1
432467	0	0	1
432572	0	0	1
432766	0	0	1
432771	0	0	1
432866	0	0	1
433029	0	0	1
433311	0	0	1
433326	0	0	1
433474	0	0	1
433632	0	0	1
433720	0	0	1
433886	0	0	1
434017	1	0	0
434028	0	0	1
434173	0	0	1
434265	0	0	1
434273	0	0	1
434310	0	0	1
434312	0	0	1
434315	0	0	1
434317	0	0	1
434353	0	0	1
434805	0	0	1
434812	0	0	1
435360	0	0	1
435503	0	0	1
436149	0	0	1
436210	0	1	0
436263	1	0	0
437423	0	0	1
437444	0	0	1
437506	0	0	1
437887	0	1	0
438038	0	0	1
438382	0	1	0
438706	0	1	0
438999	0	1	0
439928	0	0	1
440617	0	0	1
440910	1	0	0
441173	0	0	1
442843	0	0	1
443999	0	1	0
444047	1	0	0
444276	0	0	1
444290	0	0	1
444532	0	1	0
444717	0	0	1
445178	0	0	1
445486	0	0	1
445909	0	0	1
445933	1	0	0
446407	0	0	1
446481	0	0	1
446638	0	0	1
446868	0	0	1
447035	0	0	1
447091	0	0	1
447294	0	0	1
447295	0	0	1
447383	0	0	1
447418	0	0	1
447451	0	0	1
447700	0	0	1
447859	0	0	1
447987	0	0	1
448014	1	0	0
448114	0	0	1
448231	0	0	1
448330	1	0	0
448355	0	0	1
448782	0	0	1
448788	0	0	1
448792	0	0	1
448798	0	0	1
448838	0	0	1
448843	0	0	1
448883	0	0	1
449057	0	0	1
449070	0	0	1
449212	0	0	1
449379	0	0	1
450731	0	1	0
450928	0	0	1
450954	0	0	2
451011	0	0	1
451042	0	0	1
451098	0	0	1
451164	0	0	1
451179	0	0	1
451195	0	0	1
451232	0	0	1
451257	0	0	1
451406	0	0	1
451430	0	0	1
451497	0	0	1
451553	0	0	1
451589	0	0	1
451661	0	0	1
451688	0	0	1
451723	0	0	1
451766	0	0	1
451905	0	0	1
451978	0	0	1
452593	0	0	1
452901	0	0	1
453350	0	0	1
453479	0	0	1
453487	0	0	1
453499	0	0	1
453524	0	0	1
453788	0	0	1
453932	0	0	1
454142	0	0	1
454198	0	0	1
454534	0	0	1
454551	0	0	1
454596	0	0	2
454599	0	0	2
454601	0	0	1
454602	0	0	1
454632	0	0	1
454633	0	0	1
454639	0	0	1
454667	0	0	1
454669	0	0	1
454678	0	0	1
454681	0	0	1
454691	0	0	1
454693	0	0	1
454705	0	0	1
454779	0	0	1
454793	0	1	0
454938	0	0	1
455040	0	1	0
455041	0	0	1
455143	0	0	1
455443	0	0	1
455573	0	0	1
456255	0	0	1
458721	0	0	1
458818	0	0	1
458876	0	0	1
459594	0	0	1
459667	0	0	1
460165	1	0	0
460505	1	0	0
460847	1	0	0
461190	0	1	0
462033	0	1	0
462132	0	1	0
462469	0	0	1
463003	0	0	1
463233	0	0	1
464202	1	0	0
464248	0	1	0
464458	0	0	1
464830	0	0	1
464870	0	1	0
465035	0	0	1
465322	0	0	1
465564	1	0	0
466155	0	0	1
468087	0	0	1
468329	0	0	1
468342	0	0	1
469343	0	0	1
469482	0	0	1
469685	1	0	0
469833	0	0	1
470380	0	0	1
470730	0	0	1
471045	0	0	1
471263	0	0	1
471809	0	0	1
472498	0	0	1
473252	0	0	1
473366	0	1	0
473556	1	0	0
473737	1	0	0
473740	1	0	0
473973	0	0	1
474149	1	0	0
474742	0	1	0
476243	0	1	0
476444	0	1	0
476492	0	0	1
476510	0	1	0
476512	0	1	0
476815	0	1	0
476825	0	1	0
476886	0	1	0
476905	0	0	1
477117	1	0	0
477296	1	0	0
477341	1	0	0
477383	1	0	0
477389	0	0	1
477631	1	0	0
477662	1	0	0
477671	1	0	0
477674	1	0	0
477762	1	0	0
477789	1	0	0
477810	1	0	0
477898	1	0	0
477977	1	0	0
478080	0	0	1
478727	1	0	0
479041	0	1	0
479708	0	0	1
481108	0	0	1
482721	0	1	0
483450	0	0	1
484772	1	0	0
486007	0	0	1
488005	1	0	0
488008	0	1	0
488861	0	0	1
490196	0	0	1
491243	1	0	0
491735	0	0	1
492084	0	0	1
493397	0	0	1
496178	0	1	0
498500	0	0	1
498777	1	0	0
498853	0	0	1
498988	0	0	1
499668	0	1	0
500123	1	0	0
500142	1	0	0
501395	0	1	0
501847	1	0	0
502713	0	0	1
503158	0	0	1
505521	0	0	1
506104	0	0	1
507660	0	0	1
508754	1	0	0
511761	0	1	0
512276	0	0	1
513665	0	0	1
515541	0	0	1
515574	0	1	0
515884	1	0	0
516222	1	0	0
516755	1	0	0
516768	0	1	0
517193	0	0	1
517682	0	0	1
517709	0	0	1
519673	0	0	1
520021	0	0	1
521507	0	0	1
523622	0	1	0
525218	0	1	0
527357	0	0	1
528532	0	1	0
528547	0	0	1
529450	0	0	1
529549	0	1	0
529555	0	1	0
530327	0	1	0
532546	0	0	1
536853	0	1	0
537016	0	0	1
538822	0	0	1
539857	0	1	0
541456	0	0	1
542690	0	1	0
542900	0	0	1
543477	0	0	1
543831	0	0	1
543952	0	0	1
543981	0	1	0
544075	0	0	1
544735	0	0	1
545184	0	1	0
545305	0	0	1
545740	0	1	0
545894	1	0	0
547099	0	0	1
547107	0	0	1
547925	0	0	1
549206	1	0	0
550185	0	1	0
550433	0	0	1
550934	0	1	0
551257	0	0	1
551479	0	1	0
552352	0	1	0
552849	0	0	1
553055	0	0	1
553604	0	0	1
554467	0	1	0
554565	0	0	1
554932	1	0	0
555352	0	0	1
555952	1	0	0
556301	0	0	1
556311	0	0	1
556320	0	0	1
556341	0	0	1
556360	0	0	1
556364	0	0	1
556373	0	0	1
556381	0	0	1
556407	0	0	1
556564	0	0	1
556585	0	0	1
556643	0	0	1
556827	0	0	1
557246	0	0	1
557277	0	0	1
557371	0	0	1
557446	1	0	0
557450	0	0	1
557585	0	0	1
557845	0	0	1
558262	0	0	1
558270	0	0	1
558519	0	0	1
558556	0	1	0
558564	0	0	1
558568	0	0	1
558638	0	0	1
559022	0	1	0
559176	0	0	1
559180	0	0	1
559242	0	1	0
559415	0	0	1
559757	0	0	1
560001	0	0	1
560679	0	0	1
561723	0	0	1
561776	0	0	1
561846	1	0	0
562474	0	0	1
562710	0	0	1
562836	0	0	1
562877	0	0	1
563126	0	0	1
563409	0	0	1
563594	0	0	1
563638	0	0	1
564343	0	0	1
564501	0	0	1
564551	0	0	1
564828	0	1	0
564923	0	0	1
564926	0	0	1
564933	0	0	1
564940	0	0	1
564946	0	0	1
565063	0	0	1
565426	0	0	1
565599	0	1	0
565797	0	0	1
565899	0	0	1
565918	0	0	1
568898	0	0	1
569538	1	0	0
569637	0	0	1
569891	0	0	1
571035	0	0	1
571049	0	1	0
571334	0	0	1
571498	0	1	0
571669	0	1	0
571955	0	0	1
572109	0	0	1
572160	0	0	1
572171	0	0	1
574230	1	0	0
575414	0	1	0
575571	0	0	1
576270	0	0	1
576913	1	0	0
577370	1	0	0
577385	0	1	0
578845	0	1	0
581823	0	0	1
582179	0	0	1
582273	0	0	1
583457	1	0	0
583847	0	0	1
584779	1	0	0
585028	0	0	1
585790	1	0	0
586015	0	0	1
586100	0	1	0
586308	0	0	1
586390	0	0	1
586397	0	0	1
586426	0	0	1
586444	0	0	1
586448	0	0	1
586449	0	0	1
586464	0	0	1
586476	0	0	1
586477	0	0	1
586479	0	0	1
586507	0	0	1
586517	0	0	1
586565	0	0	1
586573	0	0	1
586602	0	0	1
586797	0	0	1
587473	0	1	0
587803	0	0	1
588130	1	0	0
589388	0	0	1
589689	0	1	0
590393	0	0	1
591259	1	0	0
591733	0	0	1
593491	0	0	1
596721	0	1	0
596724	0	1	0
597017	0	0	1
600022	1	0	0
600608	0	0	1
602901	0	0	1
603657	1	0	0
605304	0	0	1
605766	1	0	0
607456	0	1	0
607723	0	0	1
609879	0	0	1
611334	0	0	1
612305	0	0	1
612661	0	0	1
613300	0	1	0
613356	1	0	0
614740	0	0	1
615040	1	0	0
616611	0	0	1
619903	0	1	0
621136	1	0	0
623919	0	0	1
624629	0	1	0
624835	0	0	1
625610	0	0	1
626133	0	0	1
627832	0	1	0
628320	0	0	1
630124	0	0	1
631886	0	0	1
632689	0	1	0
633146	1	0	0
637083	0	0	1
638345	0	1	0
642176	0	0	1
643462	0	1	0
643663	0	1	0
643866	1	0	0
644475	0	0	1
647191	0	1	0
648734	0	0	1
650283	0	0	1
652664	0	0	1
653513	0	0	1
655218	1	0	0
655504	0	0	1
655811	1	0	0
660445	0	0	1
662613	0	0	1
663753	1	0	0
664748	0	0	1
666656	1	0	0
668280	0	0	1
670337	0	0	1
670600	0	0	1
672308	0	1	0
674560	0	0	1
675324	0	1	0
675416	0	0	1
675774	1	0	0
676911	1	0	0
680548	1	0	0
683175	0	0	1
684302	1	0	0
685362	1	0	0
685446	0	0	1
686769	0	1	0
687124	0	0	1
687878	0	1	0
688890	0	0	1
690806	1	0	0
696375	0	1	0
696933	0	0	1
696989	0	0	1
697017	0	0	1
697157	0	0	1
697225	0	0	1
697464	1	0	0
697486	0	0	1
697604	0	0	1
697867	1	0	0
697906	0	0	1
698300	0	0	1
698702	0	1	0
699932	1	0	0
700993	0	0	1
701108	0	1	0
706626	0	1	0
708518	0	0	1
708811	0	0	1
709268	0	0	1
710226	0	0	1
711156	0	0	1
712364	0	1	0
713505	0	0	1
714852	0	1	0
717759	0	0	1
718377	0	1	0
719003	0	1	0
720911	0	1	0
724396	0	0	1
724612	0	0	1
727438	0	1	0
730598	0	0	1
733887	0	0	1
734486	0	1	0
734497	0	0	1
735346	1	0	0
741432	0	1	0
741750	0	0	1
742793	0	0	1
742931	0	0	1
743047	1	0	0
743830	0	0	1
743855	0	0	1
743905	0	0	1
744162	0	0	1
744641	0	0	1
745029	0	0	1
745697	0	0	1
745770	0	0	1
746325	0	0	1
746473	0	1	0
747615	0	0	1
749608	0	0	1
749632	0	0	1
749641	0	0	1
749643	0	0	1
749645	0	0	1
749663	0	0	1
749751	0	0	1
750015	0	0	1
750083	0	0	1
750118	0	0	1
750163	0	0	1
750171	0	0	1
750254	0	0	1
750593	0	0	1
750948	0	0	1
751035	0	0	1
751120	0	0	1
751436	0	0	1
751504	0	0	1
751608	0	0	1
751618	0	0	1
751629	0	0	1
751649	0	0	1
751664	0	0	1
751781	0	0	1
751840	0	0	1
751960	0	0	1
752166	0	0	1
752782	0	0	1
752830	0	0	1
752912	0	0	1
753370	0	0	1
753415	0	0	1
753960	0	0	1
755942	0	1	0
757587	1	0	0
759946	1	0	0
760886	1	0	0
760901	1	0	0
760913	1	0	0
760927	1	0	0
760928	1	0	0
760935	1	0	0
760936	1	0	0
760939	1	0	0
760944	1	0	0
760946	1	0	0
760955	1	0	0
760970	1	0	0
760974	2	0	0
760987	1	0	0
760991	1	0	0
761004	1	0	0
762694	0	1	0
763342	0	0	1
766214	0	0	1
767294	1	0	0
767732	0	0	1
769641	1	0	0
770611	0	0	1
774263	0	0	1
774358	0	0	1
777781	0	1	0
778518	1	0	0
782564	0	1	0
783694	0	0	1
787010	0	1	0
787146	0	1	0
787158	0	1	0
787184	0	1	0
787200	0	1	0
787268	0	1	0
787319	0	1	0
787350	0	1	0
787352	0	1	0
787378	0	1	0
787384	0	1	0
787426	0	1	0
787441	0	1	0
787447	0	1	0
787756	0	1	0
787770	0	1	0
787781	0	1	0
788151	1	0	0
788170	0	0	1
788172	1	0	0
788476	1	0	0
788486	1	0	0
788501	1	0	0
788507	1	0	0
788515	1	0	0
788536	1	0	0
788573	2	0	0
788593	1	0	0
788603	1	0	0
788625	1	0	0
789741	0	0	1
789956	0	0	1
790369	0	1	0
790505	0	0	1
790561	0	0	1
790575	0	0	1
790581	0	0	1
790587	0	0	1
790610	0	0	1
790697	0	0	1
792414	0	0	1
792417	0	0	1
792530	0	0	1
793314	0	1	1
794770	0	0	1
795707	0	0	1
795746	1	0	0
795798	0	0	1
796024	0	0	1
796056	0	0	1
796068	0	0	1
796081	0	0	2
796083	0	0	1
796176	0	0	1
796251	0	0	1
796342	0	0	1
796481	0	0	1
796518	0	0	1
796530	0	0	1
796929	0	0	1
796986	1	0	0
797107	0	0	1
797282	0	1	0
797461	0	0	1
797502	1	0	0
797580	0	0	1
797749	0	0	1
797872	0	0	1
797977	0	0	1
798033	0	0	1
798151	0	0	1
798186	0	0	1
798255	1	0	0
798276	0	0	1
798287	0	0	1
798294	0	0	1
798319	0	0	1
798375	0	0	1
798423	0	0	1
798437	0	0	1
798591	0	0	1
798735	0	0	1
798797	0	0	1
799227	0	0	1
799583	0	0	1
802183	1	0	0
802375	0	0	1
812016	1	0	0
814891	0	0	1
818128	1	0	0
823589	1	0	0
829494	1	0	0
832564	0	0	1
835576	0	0	1
843908	0	0	1
847594	0	1	0
853272	2	0	0
853975	0	0	1
857273	0	0	1
872000	1	0	0
892877	0	1	0
894498	0	0	1
899091	0	0	1
901699	0	1	0
903489	0	1	0
906287	0	0	1
909114	0	0	1
910110	0	0	1
913370	0	0	1
918068	0	0	1
922757	0	1	0
930289	1	0	0
936931	0	0	1
937865	0	0	1
938215	0	1	0
938327	0	0	1
939801	0	0	1
941343	0	0	1
944493	0	0	1
944953	0	0	1
945021	0	0	1
945610	0	0	1
946322	0	0	1
950637	0	0	1
950945	0	0	1
953045	0	1	0
958276	1	0	0
961630	1	0	0
962361	1	0	0
966999	1	0	0
973425	0	0	1
985514	0	0	1
986650	0	0	1
989339	1	0	0
996005	0	0	1
998428	1	0	0
1009031	0	1	0
1016963	0	0	1
1022723	0	0	1
1034415	0	0	1
1034675	0	0	1
1050399	1	0	0
1055596	0	0	1
1055833	0	0	1
1061132	0	0	1
1062043	0	0	1
1063274	0	0	1
1063356	0	0	1
1063928	0	0	1
1064067	0	0	1
1064109	0	0	1
1064542	0	0	1
1064552	0	0	1
1064898	0	0	1
1065563	0	0	1
1067175	0	0	1
1067519	0	0	1
1067605	0	0	1
1067805	0	0	1
1068551	0	0	1
1068932	0	0	1
1069258	0	0	1
1069853	0	0	1
1070085	0	0	1
1076495	0	0	1
1077161	0	0	1
1080523	0	0	1
1086374	0	0	1
1092985	1	0	0
1099449	0	0	1
1108151	0	0	1
1116471	0	0	1
1118290	0	0	1
1119266	0	1	0
1133916	0	0	1
1141584	0	0	1
1147260	1	0	0
1173336	0	1	0
1207509	0	1	0
1222624	1	0	0
1227303	1	0	0
1271313	1	0	0
1297909	0	0	1
1319202	1	0	0
1326425	0	0	1
1331343	0	0	1
1334599	0	0	1
1361982	0	1	0
1373208	0	0	1

