## htsjdk.samtools.metrics.StringHeader
# CollectInsertSizeMetrics --Histogram_FILE /u/home/s/samdemar/project-guillom/upf1_rrp6/7_INSERT_HISTOGRAMS/WT_1_YPD_1.fq.gz_hist.pdf --DEVIATIONS 1.0E7 --MINIMUM_PCT 0.0 --INPUT /u/home/s/samdemar/project-guillom/upf1_rrp6/4_REMOVE_PCR/WT_1_YPD_1.fq.gz.bam --OUTPUT /u/home/s/samdemar/project-guillom/upf1_rrp6/7_INSERT_HISTOGRAMS/WT_1_YPD_1.fq.gz_output.txt --METRIC_ACCUMULATION_LEVEL ALL_READS --INCLUDE_DUPLICATES false --ASSUME_SORTED true --STOP_AFTER 0 --VERBOSITY INFO --QUIET false --VALIDATION_STRINGENCY STRICT --COMPRESSION_LEVEL 5 --MAX_RECORDS_IN_RAM 500000 --CREATE_INDEX false --CREATE_MD5_FILE false --GA4GH_CLIENT_SECRETS client_secrets.json --help false --version false --showHidden false --USE_JDK_DEFLATER false --USE_JDK_INFLATER false
## htsjdk.samtools.metrics.StringHeader
# Started on: Mon Nov 15 17:03:43 PST 2021

## METRICS CLASS	picard.analysis.InsertSizeMetrics
MEDIAN_INSERT_SIZE	MODE_INSERT_SIZE	MEDIAN_ABSOLUTE_DEVIATION	MIN_INSERT_SIZE	MAX_INSERT_SIZE	MEAN_INSERT_SIZE	STANDARD_DEVIATION	READ_PAIRS	PAIR_ORIENTATION	WIDTH_OF_10_PERCENT	WIDTH_OF_20_PERCENT	WIDTH_OF_30_PERCENT	WIDTH_OF_40_PERCENT	WIDTH_OF_50_PERCENT	WIDTH_OF_60_PERCENT	WIDTH_OF_70_PERCENT	WIDTH_OF_80_PERCENT	WIDTH_OF_90_PERCENT	WIDTH_OF_95_PERCENT	WIDTH_OF_99_PERCENT	SAMPLE	LIBRARY	READ_GROUP
254	247	38	2	1319488	273.447231	2322.880851	17165809	FR	15	29	45	61	77	97	121	153	203	255	487			
281	55662	260	2	1363952	56728.477352	139403.444462	3444	RF	163	299	407	477	521	683	22487	169479	280199	698333	1574287			
155	104	56	3	1324256	44947.28536	142313.078629	10888	TANDEM	21	43	67	89	113	143	181	255	342999	673077	1508551			

## HISTOGRAM	java.lang.Integer
insert_size	All_Reads.fr_count	All_Reads.rf_count	All_Reads.tandem_count
2	15	17	0
3	19	13	1
4	24	22	0
5	14	21	1
6	9	9	2
7	18	10	0
8	13	14	5
9	17	12	0
10	13	9	0
11	18	12	0
12	27	18	1
13	15	15	2
14	13	16	2
15	22	22	3
16	21	16	1
17	17	16	4
18	20	21	3
19	301	24	6
20	102	14	0
21	99	21	2
22	869	21	7
23	58	14	4
24	85	23	8
25	93	15	5
26	206	18	6
27	85	18	6
28	330	10	12
29	78	18	4
30	693	15	7
31	64	18	8
32	977	18	14
33	176	23	12
34	84	11	9
35	728	10	8
36	106	15	10
37	89	12	10
38	67	15	19
39	99	7	17
40	81	12	12
41	115	17	15
42	567	10	11
43	183	15	12
44	150	9	15
45	189	11	15
46	194	14	14
47	167	15	15
48	207	15	25
49	193	15	21
50	142	8	14
51	3740	12	28
52	285	9	22
53	172	15	19
54	977	10	24
55	316	14	16
56	200	19	22
57	162	6	23
58	867	7	31
59	216	5	22
60	248	8	25
61	254	5	27
62	292	8	30
63	401	10	28
64	261	5	32
65	353	11	44
66	386	2	31
67	375	7	33
68	309	6	32
69	317	8	32
70	381	8	37
71	424	9	35
72	450	3	38
73	505	6	36
74	511	5	34
75	774	5	38
76	591	8	40
77	622	6	50
78	711	9	43
79	648	4	39
80	907	3	46
81	918	8	39
82	994	4	48
83	824	5	46
84	837	15	42
85	1048	9	54
86	1121	4	41
87	1146	7	53
88	1239	8	50
89	1341	2	42
90	1376	1	52
91	1500	7	44
92	1446	7	61
93	1494	6	46
94	1660	7	58
95	2507	7	56
96	1872	8	45
97	1935	5	53
98	2167	7	48
99	2225	6	55
100	2385	4	72
101	2439	10	55
102	2748	9	59
103	2775	4	47
104	2832	8	78
105	3011	6	56
106	3294	4	58
107	3838	3	52
108	3491	3	47
109	3820	4	57
110	3857	4	57
111	4136	2	55
112	4212	7	50
113	4664	3	64
114	4887	8	62
115	5085	5	69
116	5282	9	72
117	5368	5	66
118	5690	5	55
119	6152	2	63
120	6395	3	52
121	6714	4	54
122	6877	2	52
123	6941	4	58
124	7187	6	68
125	7452	7	63
126	7962	1	60
127	8496	5	67
128	8731	4	61
129	9083	2	56
130	9576	6	57
131	9691	1	59
132	10305	3	53
133	10612	3	60
134	10920	4	51
135	11460	3	54
136	11851	6	48
137	12163	5	53
138	12655	3	59
139	13574	4	73
140	14116	3	51
141	14505	5	46
142	15638	5	49
143	15632	10	58
144	16108	3	50
145	16693	4	61
146	17509	6	47
147	17854	4	73
148	18621	9	56
149	19147	3	66
150	19980	4	55
151	20650	6	49
152	21232	6	63
153	21987	5	42
154	22858	5	54
155	23365	7	52
156	24204	5	48
157	25343	7	43
158	26073	3	49
159	26880	7	44
160	27959	6	46
161	28817	5	55
162	29542	4	47
163	30521	2	51
164	31500	5	41
165	32331	2	56
166	33531	4	42
167	34246	2	50
168	35307	8	42
169	36264	7	47
170	37507	4	40
171	38303	3	47
172	39332	8	45
173	40858	3	47
174	41962	3	48
175	43594	1	43
176	44353	3	48
177	45978	3	39
178	47313	1	42
179	48291	3	40
180	49541	2	41
181	50957	1	38
182	51934	1	35
183	52920	2	35
184	55175	4	27
185	56098	4	47
186	57427	1	37
187	58864	3	27
188	59782	2	42
189	60960	4	26
190	63162	4	35
191	64044	3	35
192	66055	5	31
193	67335	4	35
194	69055	0	36
195	69858	6	51
196	72045	6	38
197	73377	2	35
198	74291	1	38
199	76252	1	30
200	77573	5	32
201	78569	1	34
202	80548	7	37
203	81785	4	30
204	84300	5	35
205	85033	1	38
206	86564	1	30
207	86957	2	28
208	89216	4	29
209	91073	7	25
210	91584	3	28
211	93153	1	22
212	95233	6	26
213	96008	2	18
214	97149	6	43
215	99247	0	25
216	100438	1	18
217	102111	2	13
218	103382	0	23
219	103772	3	31
220	105224	2	26
221	106759	1	25
222	107042	3	27
223	108695	2	32
224	110569	1	21
225	110984	3	22
226	111351	4	26
227	113000	1	22
228	113462	0	10
229	114513	6	13
230	115658	5	26
231	115946	9	31
232	116619	2	21
233	118165	1	23
234	117561	2	20
235	119149	2	22
236	119482	2	17
237	119649	1	22
238	120714	2	14
239	120640	1	11
240	121050	2	17
241	121434	4	13
242	122331	2	15
243	121913	1	20
244	122757	3	18
245	122834	2	12
246	122625	0	15
247	123190	1	25
248	123007	2	18
249	122227	3	14
250	122834	1	25
251	122003	3	14
252	121830	5	14
253	122530	0	13
254	120948	1	12
255	120657	4	15
256	120536	4	13
257	120106	3	11
258	119574	1	7
259	119462	3	12
260	117807	2	9
261	117244	2	9
262	117074	1	8
263	116728	1	11
264	115506	3	6
265	115453	4	12
266	114526	3	9
267	113607	1	5
268	113404	3	7
269	112678	2	12
270	111391	3	7
271	110558	4	16
272	110646	5	9
273	108623	0	5
274	107660	0	4
275	107535	1	7
276	105958	5	5
277	104668	0	12
278	104556	2	8
279	102513	1	6
280	101691	1	6
281	100843	2	6
282	99360	1	4
283	98583	1	8
284	97618	2	10
285	96354	4	11
286	95820	1	6
287	94320	1	9
288	92335	3	4
289	91698	2	4
290	90223	5	3
291	88741	4	1
292	87622	3	5
293	86302	1	5
294	84887	1	7
295	84151	2	7
296	83339	0	6
297	81738	1	11
298	80332	2	6
299	80165	1	8
300	78256	3	4
301	76394	1	6
302	75115	1	4
303	73786	1	2
304	72669	1	4
305	71550	2	3
306	70371	1	2
307	69250	2	1
308	67783	1	4
309	67144	1	6
310	65738	4	3
311	64889	2	4
312	63602	3	8
313	62287	0	4
314	61030	2	5
315	59893	3	5
316	58747	4	3
317	58024	4	3
318	56708	3	3
319	55945	3	4
320	55302	1	3
321	53897	4	2
322	52745	1	3
323	51557	1	1
324	49862	1	2
325	49408	1	2
326	48260	2	3
327	47512	0	3
328	46134	1	1
329	45366	4	3
330	44160	1	1
331	43362	2	1
332	42606	2	2
333	41378	1	3
334	41110	0	4
335	40484	2	2
336	38926	0	2
337	38303	1	0
338	37420	1	3
339	36084	5	3
340	35763	1	3
341	34859	3	2
342	34044	2	1
343	33075	1	2
344	32597	1	3
345	31788	2	0
346	30906	4	4
347	30134	4	1
348	29239	1	3
349	29206	1	2
350	28304	0	2
351	27859	4	0
352	27138	0	2
353	26468	1	1
354	25554	3	3
355	25307	1	1
356	24822	2	1
357	24258	1	2
358	23103	2	1
359	22857	3	1
360	22199	2	0
361	21942	0	1
362	21025	1	3
363	20587	1	0
364	20025	2	1
365	19534	0	1
366	18771	0	0
367	18618	7	2
368	18193	0	1
369	17454	1	3
370	17436	0	1
371	17034	1	2
372	16402	0	2
373	16214	1	1
374	15916	1	1
375	14958	1	1
376	15040	0	1
377	14546	4	2
378	14043	4	0
379	14023	3	1
380	13461	1	0
381	13338	2	2
382	12904	2	0
383	12572	0	0
384	11903	1	0
385	11820	0	0
386	11532	1	1
387	11263	3	1
388	11093	1	1
389	10697	0	2
390	10485	1	2
391	10170	0	0
392	9900	0	1
393	9476	0	1
394	9352	0	0
395	9221	0	1
396	9000	2	1
397	8874	0	2
398	8593	0	2
399	8233	2	0
400	8254	1	0
401	7846	2	0
402	7821	1	0
403	7545	2	0
404	7117	0	1
405	7146	0	0
406	7145	0	0
407	7004	1	0
408	6684	0	1
409	6407	0	1
410	6146	2	0
411	6058	0	1
412	6110	0	1
413	5931	2	2
414	5712	1	0
415	5731	1	3
416	5341	1	1
417	5370	0	0
418	5249	2	1
419	4968	2	1
420	4973	1	0
421	4894	0	0
422	4698	0	1
423	4587	1	0
424	4561	2	0
425	4377	1	3
426	4207	0	0
427	4085	1	0
428	3985	0	1
429	3889	1	0
430	3868	1	0
431	3738	4	0
432	3734	3	0
433	3572	1	1
434	3551	0	2
435	3524	0	0
436	3402	2	0
437	3344	8	2
438	3181	1	3
439	3152	2	1
440	3042	0	1
441	3050	0	1
442	3103	0	1
443	2849	0	1
444	2805	2	0
445	2704	3	0
446	2580	0	1
447	2537	3	1
448	2510	1	0
449	2438	1	1
450	2480	1	0
451	2385	0	1
452	2346	1	0
453	2383	1	2
454	2346	1	1
455	2259	2	0
456	2185	0	0
457	2093	0	0
458	2091	0	0
459	2048	1	1
460	1981	1	0
461	1916	0	2
462	1855	1	0
463	1857	1	0
464	1826	0	0
465	1874	0	2
466	1784	0	0
467	1835	1	0
468	1631	0	0
469	1621	1	0
470	1686	0	0
471	1539	2	0
472	1562	0	0
473	1574	2	1
474	1550	2	1
475	1471	0	0
476	1508	0	0
477	1414	2	2
478	1455	0	0
479	1400	1	0
480	1417	0	0
481	1324	1	1
482	1309	0	0
483	1257	3	0
484	1239	0	0
485	1244	2	0
486	1191	1	0
487	1180	0	2
488	1198	0	1
489	1187	0	0
490	1149	1	0
491	1126	0	1
492	1104	1	1
493	1093	0	1
494	1102	0	0
495	1056	0	2
496	1051	0	0
497	968	1	0
498	1030	0	0
499	1001	0	0
500	912	0	0
501	939	1	0
502	917	4	0
503	871	1	0
504	919	1	0
505	810	1	0
506	867	0	0
507	820	0	0
508	778	0	0
509	801	0	0
510	772	3	0
511	842	2	1
512	800	1	0
513	816	0	0
514	826	1	0
515	780	0	1
516	766	2	0
517	754	0	0
518	788	1	0
519	777	2	0
520	767	0	0
521	774	1	1
522	741	0	0
523	723	1	0
524	742	0	0
525	729	1	0
526	754	1	0
527	735	0	1
528	674	0	0
529	736	0	0
530	691	0	0
531	689	0	0
532	647	0	0
533	624	0	0
534	696	1	1
535	686	1	0
536	675	0	1
537	660	0	0
538	684	0	1
539	623	3	0
540	636	0	0
541	625	1	0
542	688	0	0
543	673	0	0
544	672	0	1
545	615	0	2
546	616	1	0
547	589	0	1
548	574	1	0
549	631	0	0
550	585	0	0
551	596	2	2
552	607	0	0
553	594	2	0
554	572	0	0
555	571	1	0
556	659	0	0
557	588	0	0
558	594	2	0
559	638	1	2
560	592	0	0
561	637	0	0
562	608	1	1
563	591	0	0
564	585	1	1
565	599	0	2
566	624	0	0
567	595	0	1
568	579	1	0
569	589	2	0
570	571	0	0
571	601	1	1
572	556	0	0
573	569	0	0
574	559	0	0
575	593	0	3
576	610	1	3
577	518	1	0
578	586	0	0
579	606	0	1
580	553	0	0
581	604	1	0
582	554	1	0
583	567	2	1
584	568	2	1
585	572	0	0
586	567	0	0
587	539	1	0
588	583	0	0
589	520	1	1
590	571	0	0
591	544	0	1
592	551	0	1
593	602	0	0
594	593	0	0
595	585	1	0
596	544	0	0
597	577	1	0
598	628	1	0
599	574	1	0
600	594	0	1
601	562	0	1
602	576	0	0
603	546	1	1
604	579	1	0
605	567	0	1
606	626	1	1
607	621	0	1
608	561	1	0
609	577	0	0
610	572	0	0
611	594	0	0
612	604	0	0
613	621	0	0
614	579	0	0
615	585	0	0
616	581	0	1
617	551	0	0
618	585	0	1
619	617	0	0
620	597	0	0
621	563	1	1
622	581	2	1
623	600	0	0
624	564	1	0
625	574	0	0
626	553	1	0
627	555	2	1
628	595	0	0
629	610	0	0
630	578	0	0
631	570	0	0
632	583	0	0
633	571	1	1
634	537	1	0
635	527	1	1
636	544	0	0
637	551	0	2
638	510	1	0
639	521	0	0
640	513	0	0
641	521	1	0
642	520	0	1
643	518	1	0
644	525	1	0
645	523	0	0
646	516	1	0
647	541	0	0
648	481	0	0
649	470	1	1
650	528	0	0
651	538	0	1
652	518	0	0
653	481	1	0
654	481	0	0
655	493	0	0
656	521	0	1
657	526	0	0
658	474	1	1
659	515	0	0
660	506	1	0
661	484	0	0
662	464	0	0
663	479	0	0
664	472	0	0
665	454	0	1
666	484	0	1
667	501	2	0
668	497	0	0
669	499	0	0
670	486	0	1
671	458	0	2
672	471	0	2
673	444	0	0
674	455	0	0
675	464	0	0
676	430	0	1
677	413	1	1
678	442	0	0
679	423	0	0
680	418	1	0
681	431	0	0
682	431	1	0
683	454	1	0
684	402	1	0
685	456	1	1
686	414	1	0
687	416	0	0
688	410	1	0
689	420	0	0
690	464	0	0
691	404	1	0
692	428	1	0
693	406	0	0
694	402	0	0
695	411	0	0
696	409	1	0
697	359	0	0
698	399	0	0
699	393	0	0
700	392	0	0
701	356	0	0
702	361	1	0
703	378	1	0
704	360	0	0
705	348	0	0
706	365	0	0
707	390	0	0
708	371	0	0
709	376	0	0
710	338	0	0
711	347	0	0
712	376	0	0
713	369	2	0
714	364	2	0
715	336	0	0
716	359	0	0
717	325	1	0
718	366	0	0
719	347	1	0
720	403	0	0
721	373	0	0
722	348	1	0
723	377	1	1
724	399	0	0
725	360	0	0
726	333	0	1
727	333	1	0
728	353	0	0
729	347	0	1
730	343	2	0
731	340	1	0
732	327	0	0
733	328	3	0
734	306	1	1
735	335	0	0
736	294	0	0
737	313	0	0
738	307	0	0
739	330	0	0
740	360	0	0
741	331	0	0
742	354	1	0
743	378	0	0
744	345	0	0
745	333	2	0
746	335	1	0
747	317	0	0
748	330	0	0
749	297	0	0
750	319	0	0
751	327	0	0
752	296	0	0
753	316	0	0
754	333	1	0
755	307	0	0
756	306	0	0
757	303	0	0
758	286	0	1
759	296	1	0
760	253	0	0
761	285	1	0
762	260	0	0
763	263	0	0
764	250	1	0
765	243	1	0
766	221	0	0
767	254	2	0
768	243	0	0
769	259	0	0
770	235	1	0
771	220	2	0
772	239	0	0
773	223	0	0
774	252	1	0
775	252	0	0
776	249	3	0
777	254	1	0
778	250	0	0
779	233	0	0
780	242	0	1
781	215	1	0
782	201	1	0
783	219	0	0
784	206	0	0
785	178	1	0
786	209	1	0
787	194	2	0
788	188	0	0
789	178	1	0
790	203	1	0
791	190	1	0
792	170	0	0
793	181	0	0
794	177	0	0
795	167	0	0
796	177	1	0
797	181	0	0
798	201	0	0
799	178	0	0
800	161	0	0
801	159	0	0
802	162	0	0
803	135	1	0
804	148	0	0
805	160	1	0
806	150	1	0
807	133	0	0
808	142	2	0
809	130	0	0
810	144	1	0
811	129	1	0
812	133	0	0
813	106	1	0
814	104	0	0
815	99	2	0
816	136	0	0
817	152	1	0
818	119	1	0
819	132	0	0
820	123	1	0
821	140	1	0
822	144	1	0
823	142	0	0
824	101	0	0
825	97	0	0
826	109	0	0
827	96	0	0
828	105	0	0
829	89	0	0
830	114	1	0
831	112	0	0
832	101	0	0
833	115	1	0
834	94	0	0
835	103	0	0
836	105	0	0
837	112	0	0
838	106	2	0
839	107	0	0
840	100	0	0
841	98	1	0
842	108	0	0
843	94	1	0
844	79	0	0
845	94	1	0
846	83	0	0
847	93	0	0
848	103	1	0
849	84	0	0
850	86	0	0
851	90	0	0
852	80	0	0
853	96	0	0
854	90	0	0
855	84	2	0
856	75	1	0
857	80	0	0
858	75	0	0
859	69	0	0
860	82	0	0
861	86	0	0
862	80	0	0
863	76	1	0
864	78	0	0
865	64	0	0
866	65	1	0
867	73	1	0
868	68	0	0
869	78	0	0
870	73	0	0
871	65	2	0
872	71	0	0
873	74	0	0
874	68	0	0
875	68	0	0
876	70	0	0
877	66	0	0
878	53	0	0
879	59	0	0
880	54	0	0
881	64	0	0
882	57	0	0
883	50	0	0
884	60	0	0
885	69	0	0
886	52	1	1
887	67	0	0
888	64	0	0
889	50	0	0
890	59	0	0
891	48	1	0
892	48	0	0
893	52	0	0
894	45	0	0
895	52	0	0
896	53	0	0
897	56	0	0
898	42	0	0
899	44	0	0
900	51	0	0
901	54	0	0
902	52	0	0
903	43	0	0
904	59	0	0
905	31	0	0
906	44	0	0
907	30	0	0
908	40	0	0
909	47	0	0
910	48	0	0
911	41	0	0
912	48	0	0
913	56	0	0
914	42	0	0
915	48	0	0
916	40	2	0
917	33	0	0
918	31	0	0
919	45	0	0
920	45	1	0
921	52	0	0
922	48	1	0
923	38	0	0
924	48	0	0
925	35	0	0
926	46	0	0
927	37	0	0
928	45	0	0
929	45	0	0
930	42	0	0
931	37	0	0
932	48	0	0
933	48	0	0
934	26	0	0
935	28	0	0
936	29	0	0
937	32	0	0
938	30	0	0
939	29	0	0
940	27	0	0
941	38	0	0
942	37	0	1
943	33	0	0
944	28	0	0
945	30	0	0
946	31	0	0
947	27	0	0
948	33	0	0
949	24	0	0
950	29	0	0
951	29	0	0
952	28	0	0
953	38	0	0
954	22	0	0
955	25	0	0
956	37	0	0
957	27	0	0
958	31	1	0
959	28	0	1
960	28	1	0
961	21	0	0
962	28	0	0
963	19	0	0
964	28	0	0
965	25	0	0
966	18	0	0
967	20	0	0
968	32	1	0
969	32	0	1
970	19	0	0
971	17	0	0
972	30	0	0
973	26	0	0
974	16	0	0
975	24	0	0
976	26	0	0
977	24	0	0
978	16	0	0
979	16	0	0
980	21	0	0
981	9	0	0
982	21	0	0
983	22	0	0
984	14	0	0
985	15	0	0
986	22	0	0
987	23	0	0
988	16	0	0
989	12	0	0
990	22	0	0
991	21	0	0
992	17	0	0
993	14	0	0
994	20	0	0
995	14	0	0
996	17	0	0
997	18	0	0
998	13	0	0
999	11	0	0
1000	18	0	0
1001	22	0	0
1002	10	0	0
1003	12	0	0
1004	17	0	0
1005	25	0	0
1006	20	1	0
1007	18	1	0
1008	16	0	0
1009	9	0	0
1010	20	2	0
1011	13	1	0
1012	16	0	0
1013	13	0	0
1014	15	0	0
1015	9	0	0
1016	16	0	0
1017	13	1	0
1018	17	0	0
1019	9	0	0
1020	12	0	0
1021	15	0	0
1022	19	0	0
1023	20	0	0
1024	17	0	0
1025	18	0	0
1026	19	0	0
1027	10	0	0
1028	13	0	0
1029	10	0	0
1030	11	0	0
1031	14	0	0
1032	16	0	0
1033	9	0	0
1034	13	0	0
1035	16	0	0
1036	10	0	0
1037	17	0	0
1038	14	0	0
1039	10	0	0
1040	15	0	0
1041	17	1	0
1042	13	0	0
1043	15	0	0
1044	17	0	0
1045	14	0	0
1046	12	0	0
1047	12	0	0
1048	15	0	0
1049	23	0	0
1050	22	0	0
1051	16	1	0
1052	10	0	0
1053	7	0	0
1054	10	0	0
1055	18	0	0
1056	10	0	0
1057	17	0	0
1058	13	0	0
1059	5	0	0
1060	17	0	0
1061	11	0	0
1062	9	0	0
1063	9	0	0
1064	15	0	0
1065	11	0	0
1066	15	0	0
1067	9	0	0
1068	12	0	0
1069	11	0	0
1070	19	0	0
1071	14	0	0
1072	10	0	0
1073	12	1	0
1074	13	0	0
1075	8	0	0
1076	10	1	0
1077	10	0	0
1078	9	0	0
1079	8	0	1
1080	5	0	0
1081	11	0	0
1082	12	0	0
1083	7	0	0
1084	15	0	0
1085	9	0	0
1086	10	0	0
1087	10	0	0
1088	11	1	0
1089	6	0	0
1090	12	0	0
1091	5	0	0
1092	18	0	0
1093	6	0	0
1094	8	0	0
1095	6	0	0
1096	9	0	0
1097	6	0	0
1098	4	0	0
1099	8	0	0
1100	6	1	0
1101	4	0	0
1102	7	0	0
1103	4	0	0
1104	6	1	0
1105	8	0	0
1106	4	0	0
1107	5	0	0
1108	17	0	0
1109	7	0	0
1110	10	0	0
1111	5	0	0
1112	6	1	0
1113	2	0	0
1114	7	0	0
1115	8	0	0
1116	5	0	0
1117	8	0	0
1118	5	0	0
1119	8	0	0
1120	3	0	0
1121	5	0	0
1122	5	0	0
1123	5	0	0
1124	5	0	0
1125	6	0	0
1126	3	0	0
1127	2	0	0
1128	4	0	0
1129	3	1	0
1130	4	0	0
1131	4	0	0
1132	5	0	0
1133	8	0	0
1134	4	0	0
1135	4	0	0
1136	3	0	0
1137	4	0	0
1138	4	1	0
1139	8	0	0
1140	8	0	0
1141	3	0	0
1142	3	0	0
1143	6	4	0
1144	5	0	0
1145	8	0	0
1146	6	0	0
1147	5	0	0
1148	6	0	0
1149	3	0	0
1150	6	0	0
1151	3	0	0
1152	6	0	0
1153	3	0	0
1154	3	0	0
1155	9	0	0
1156	4	0	0
1157	2	0	0
1158	1	0	0
1159	2	0	0
1160	2	0	0
1161	1	0	0
1162	2	1	0
1163	4	0	0
1164	3	0	0
1165	8	0	0
1166	5	0	1
1167	8	0	0
1168	5	0	0
1169	1	1	0
1170	4	0	0
1171	4	0	0
1172	2	0	0
1173	1	0	0
1174	1	0	0
1175	1	0	0
1176	5	0	0
1177	1	0	0
1178	3	0	0
1179	2	0	0
1180	4	0	0
1181	1	0	0
1182	2	0	0
1183	4	0	0
1184	4	0	0
1185	3	0	0
1186	3	0	0
1187	3	0	0
1188	2	0	0
1189	2	0	0
1190	1	0	0
1191	5	0	0
1192	2	0	0
1193	4	0	0
1194	2	0	0
1195	2	0	0
1196	3	0	0
1197	2	0	0
1198	4	0	0
1199	6	0	0
1200	3	0	0
1201	4	0	0
1202	4	0	0
1203	5	0	0
1204	4	0	0
1205	3	0	0
1207	3	0	0
1208	7	0	0
1209	9	0	0
1210	3	0	0
1211	6	0	0
1212	5	0	0
1213	6	0	0
1214	3	0	0
1215	1	0	1
1216	4	0	0
1217	7	0	0
1218	3	0	0
1219	1	0	0
1220	5	0	0
1221	4	0	0
1222	3	1	0
1223	4	0	0
1224	5	0	0
1225	5	0	0
1226	4	0	0
1227	4	0	0
1228	3	0	0
1229	5	0	0
1230	3	0	0
1231	8	0	0
1232	4	0	0
1233	5	0	0
1234	3	0	0
1235	4	0	0
1236	5	0	0
1237	1	1	0
1238	5	0	0
1239	5	0	1
1240	6	0	1
1241	4	0	0
1242	5	0	0
1243	2	0	0
1244	3	0	0
1245	7	0	0
1246	7	0	0
1247	6	0	0
1248	4	0	0
1249	5	0	0
1250	4	0	0
1251	5	0	0
1252	3	0	0
1253	6	0	0
1254	5	0	1
1255	5	0	0
1256	11	0	0
1257	4	0	0
1258	6	0	0
1259	4	0	0
1260	7	0	0
1261	3	0	0
1262	7	0	0
1263	8	0	0
1264	3	0	0
1265	4	0	0
1266	3	0	0
1267	3	0	0
1268	4	0	1
1269	9	0	0
1270	8	0	1
1271	8	0	0
1272	6	0	0
1273	5	0	1
1274	3	0	0
1275	4	0	0
1276	8	0	0
1277	8	0	0
1278	5	0	0
1279	6	0	1
1280	9	0	0
1281	9	0	0
1282	5	0	0
1283	5	0	0
1284	5	0	0
1285	4	0	0
1286	5	0	0
1287	4	0	0
1288	6	0	0
1289	11	0	0
1290	12	0	0
1291	6	0	0
1292	12	0	0
1293	9	0	0
1294	4	0	0
1295	7	0	0
1296	6	0	0
1297	5	0	0
1298	8	0	0
1299	12	0	0
1300	6	0	0
1301	6	0	0
1302	7	0	0
1303	11	0	0
1304	12	0	0
1305	9	0	0
1306	6	0	0
1307	3	0	0
1308	3	0	0
1309	1	0	0
1311	6	0	0
1312	7	0	0
1313	5	0	0
1314	6	0	0
1315	2	0	0
1316	7	0	0
1317	5	0	0
1318	2	0	0
1319	10	0	0
1320	4	0	0
1321	4	0	0
1322	6	0	0
1323	5	0	0
1324	8	0	0
1325	11	1	0
1326	4	0	0
1327	6	0	0
1328	2	0	1
1329	6	0	0
1330	3	0	0
1331	2	0	0
1332	4	0	0
1333	3	0	0
1334	3	0	0
1335	5	0	0
1336	8	0	0
1337	7	1	0
1338	2	0	0
1339	5	0	0
1340	5	0	0
1341	5	0	0
1342	7	0	0
1343	8	0	0
1344	8	1	0
1345	8	0	0
1346	7	0	0
1347	11	0	0
1348	13	0	0
1349	13	0	0
1350	6	0	0
1351	9	0	0
1352	10	0	0
1353	7	0	0
1354	6	0	0
1355	10	0	0
1356	8	0	0
1357	13	0	0
1358	7	0	0
1359	10	0	0
1360	10	0	0
1361	9	0	0
1362	13	0	0
1363	12	0	0
1364	14	0	0
1365	11	0	0
1366	15	0	0
1367	11	0	0
1368	13	0	0
1369	17	0	0
1370	13	0	0
1371	18	0	0
1372	13	0	0
1373	15	0	0
1374	13	0	0
1375	16	0	0
1376	16	0	0
1377	16	0	0
1378	14	0	0
1379	16	0	0
1380	14	0	0
1381	17	1	0
1382	14	0	0
1383	13	0	0
1384	20	0	0
1385	14	0	0
1386	17	0	0
1387	15	0	0
1388	13	0	0
1389	14	0	0
1390	15	2	0
1391	16	0	0
1392	13	0	0
1393	15	0	0
1394	17	0	0
1395	22	0	0
1396	20	0	0
1397	22	0	0
1398	21	0	0
1399	19	0	0
1400	18	0	0
1401	25	0	0
1402	17	0	0
1403	19	0	0
1404	14	0	0
1405	18	0	0
1406	20	0	0
1407	20	0	0
1408	17	0	0
1409	14	0	0
1410	15	0	0
1411	15	0	0
1412	12	0	0
1413	14	0	0
1414	21	0	0
1415	14	1	0
1416	20	0	0
1417	20	0	0
1418	16	0	0
1419	18	0	0
1420	22	0	0
1421	18	0	0
1422	17	0	0
1423	27	0	0
1424	20	0	0
1425	24	0	0
1426	20	0	0
1427	21	0	0
1428	18	0	0
1429	19	0	0
1430	23	0	0
1431	22	0	0
1432	21	0	0
1433	27	0	0
1434	22	0	0
1435	22	0	0
1436	23	0	0
1437	20	0	0
1438	24	0	0
1439	25	0	0
1440	24	0	0
1441	28	0	0
1442	27	0	0
1443	26	0	0
1444	23	0	0
1445	21	0	0
1446	22	0	0
1447	25	0	0
1448	19	0	0
1449	29	0	0
1450	18	0	0
1451	22	0	0
1452	28	0	0
1453	23	0	0
1454	22	0	0
1455	20	0	0
1456	30	0	0
1457	25	0	0
1458	28	0	0
1459	23	0	0
1460	29	0	0
1461	28	0	1
1462	27	0	0
1463	26	0	0
1464	28	0	0
1465	26	0	0
1466	22	0	0
1467	25	0	0
1468	21	0	0
1469	22	0	0
1470	22	2	0
1471	18	0	0
1472	16	0	0
1473	20	0	0
1474	20	0	0
1475	16	0	0
1476	14	0	0
1477	20	0	0
1478	17	0	0
1479	19	1	0
1480	15	0	0
1481	20	0	0
1482	19	0	0
1483	16	0	0
1484	22	0	0
1485	16	0	0
1486	16	0	0
1487	14	0	0
1488	14	0	0
1489	15	0	0
1490	15	0	0
1491	11	0	0
1492	9	0	0
1493	16	0	1
1494	11	0	0
1495	12	0	0
1496	14	1	0
1497	11	0	0
1498	14	0	0
1499	13	0	0
1500	11	0	0
1501	10	0	0
1502	8	0	0
1503	7	0	0
1504	9	0	0
1505	6	0	0
1506	11	0	0
1507	6	0	0
1508	9	0	0
1509	8	0	0
1510	10	0	0
1511	9	0	0
1512	14	0	0
1513	9	0	0
1514	13	0	0
1515	13	0	0
1516	14	0	0
1517	12	0	0
1518	12	0	0
1519	11	0	0
1520	11	0	0
1521	11	0	0
1522	8	0	0
1523	4	0	0
1524	8	0	0
1525	7	0	0
1526	11	0	0
1527	10	0	0
1528	6	0	0
1529	7	0	0
1530	8	0	0
1531	9	0	0
1532	10	0	0
1533	8	0	0
1534	14	0	0
1535	9	0	0
1536	10	0	0
1537	9	0	0
1538	9	0	0
1539	8	0	0
1540	7	0	0
1541	7	0	0
1542	8	0	0
1543	9	0	0
1544	12	0	0
1545	10	0	0
1546	3	0	0
1547	3	0	0
1548	7	0	0
1549	5	0	0
1550	7	0	0
1551	5	0	0
1552	9	0	0
1553	10	0	0
1554	5	0	0
1555	11	0	0
1556	8	0	0
1557	5	0	0
1558	5	0	0
1559	5	0	0
1560	4	0	0
1561	5	0	0
1562	5	0	0
1563	5	0	0
1564	3	1	0
1565	3	0	0
1566	5	0	0
1567	6	0	0
1568	4	0	0
1569	10	0	0
1570	4	0	0
1571	4	0	0
1572	8	0	0
1573	7	0	0
1574	4	0	0
1575	5	0	0
1576	6	0	0
1577	8	0	0
1578	8	0	0
1579	9	0	0
1580	14	0	0
1581	6	0	1
1582	3	0	0
1583	7	0	0
1584	6	0	0
1585	6	0	0
1586	9	1	0
1587	5	0	0
1588	7	0	0
1589	6	0	0
1590	7	0	0
1591	12	0	0
1592	6	0	0
1593	6	0	0
1594	7	0	0
1595	6	0	0
1596	6	0	0
1597	4	0	0
1598	7	0	0
1599	7	1	0
1600	8	0	0
1601	7	0	0
1602	9	0	0
1603	6	0	0
1604	2	0	0
1605	7	0	0
1606	8	0	0
1607	9	0	0
1608	5	0	0
1609	6	0	0
1610	9	0	0
1611	9	0	0
1612	5	0	0
1613	6	0	0
1614	8	1	0
1615	7	0	0
1616	4	0	0
1617	8	0	0
1618	6	0	0
1619	4	0	0
1620	6	0	0
1621	6	0	0
1622	10	0	0
1623	8	0	0
1624	5	0	0
1625	9	0	0
1626	5	0	0
1627	2	0	0
1628	4	0	0
1629	9	0	0
1630	8	0	0
1631	7	0	0
1632	8	0	0
1633	12	0	0
1634	7	0	0
1635	7	0	0
1636	9	0	0
1637	6	0	0
1638	7	0	0
1639	5	0	0
1640	8	0	0
1641	6	0	0
1642	5	0	0
1643	3	0	0
1644	5	1	0
1645	4	0	0
1646	4	0	0
1647	1	0	1
1648	5	0	0
1649	3	0	0
1650	4	0	0
1651	8	0	0
1652	6	0	0
1653	5	0	0
1654	8	0	0
1655	7	0	0
1656	6	0	0
1657	3	0	0
1658	5	0	0
1659	9	0	0
1660	4	0	0
1661	2	0	0
1662	5	1	0
1663	4	0	0
1664	4	0	0
1665	1	0	0
1666	5	0	0
1667	4	0	0
1668	1	0	0
1669	3	0	0
1671	1	0	0
1672	1	0	0
1673	4	0	0
1674	3	0	0
1675	6	0	0
1676	3	0	0
1677	3	0	0
1678	3	0	0
1679	2	0	0
1680	6	0	0
1681	2	0	0
1682	4	0	0
1683	3	0	0
1684	1	0	0
1685	4	0	0
1686	1	0	0
1687	4	0	0
1688	3	0	0
1689	8	0	0
1690	1	0	0
1691	2	0	0
1692	1	0	0
1693	2	0	0
1694	7	0	0
1695	5	0	0
1696	4	0	0
1697	8	0	0
1698	4	0	0
1699	11	0	0
1700	3	0	0
1702	1	0	0
1703	2	0	0
1704	4	0	0
1705	2	0	0
1706	3	0	0
1707	1	0	0
1708	2	0	0
1709	3	0	0
1710	0	1	0
1711	4	0	0
1712	3	0	0
1713	1	0	0
1714	4	0	0
1715	3	0	0
1716	5	0	0
1717	2	0	0
1719	1	0	0
1720	1	0	0
1722	4	0	0
1723	3	0	0
1724	2	0	0
1725	1	0	0
1726	1	0	0
1727	2	0	0
1728	4	0	0
1729	4	0	0
1730	2	0	0
1731	3	0	0
1732	1	0	0
1733	2	0	0
1734	5	0	0
1735	5	0	0
1736	3	0	0
1737	1	0	0
1738	3	0	0
1739	9	0	0
1740	3	0	0
1741	8	0	0
1742	4	0	0
1743	5	0	0
1744	1	0	0
1745	6	0	0
1746	4	0	0
1747	3	0	0
1748	5	0	0
1749	3	0	0
1750	1	0	0
1751	2	0	0
1752	5	0	0
1753	3	0	0
1754	7	0	0
1755	7	0	0
1756	2	0	0
1757	4	0	0
1758	5	0	0
1759	4	0	0
1760	5	0	0
1761	2	0	0
1762	6	0	0
1763	4	0	0
1764	8	0	0
1765	3	0	0
1766	2	0	0
1767	5	0	0
1768	2	0	0
1769	8	0	0
1770	7	0	0
1771	6	0	0
1772	8	0	0
1773	11	0	0
1774	6	0	0
1775	7	0	0
1776	6	0	0
1777	8	0	0
1778	7	0	0
1779	8	0	0
1780	9	0	0
1781	6	0	0
1782	10	0	0
1783	10	0	0
1784	5	0	0
1785	8	0	0
1786	4	0	0
1787	4	0	0
1788	5	1	0
1789	4	0	0
1790	10	0	0
1791	6	0	0
1792	4	0	0
1793	14	0	0
1794	5	0	0
1795	4	0	0
1796	5	0	0
1797	5	0	0
1798	7	0	0
1799	5	0	0
1800	10	0	0
1801	5	0	0
1802	6	0	0
1803	6	0	0
1804	5	0	0
1805	3	0	0
1806	10	2	0
1807	5	0	0
1808	8	0	0
1809	6	1	0
1810	5	0	0
1811	9	0	0
1812	5	0	0
1813	8	0	0
1814	4	0	0
1815	7	0	0
1816	6	0	0
1817	9	0	0
1818	8	0	0
1819	8	0	0
1820	6	0	0
1821	8	0	0
1822	5	0	0
1823	3	0	0
1824	3	0	0
1825	5	0	0
1826	4	0	0
1827	5	0	0
1828	8	0	0
1829	3	0	0
1830	3	0	0
1831	6	0	1
1832	15	0	0
1833	11	0	0
1834	25	0	0
1835	11	0	0
1836	18	0	0
1837	17	0	0
1838	5	0	0
1839	3	0	0
1840	1	0	0
1841	4	0	0
1842	3	0	0
1843	3	0	0
1844	4	0	0
1845	4	0	0
1846	2	0	0
1847	3	0	0
1848	3	0	0
1849	2	0	0
1850	2	0	0
1851	7	0	0
1852	3	0	0
1853	1	0	0
1854	14	0	0
1855	15	0	0
1856	30	0	0
1857	22	0	0
1858	23	0	0
1859	10	0	0
1860	4	0	0
1861	3	0	0
1862	1	0	0
1863	1	0	0
1864	3	0	0
1865	1	0	0
1866	3	0	0
1867	2	0	0
1868	1	0	0
1869	3	0	0
1870	3	0	0
1871	3	0	0
1872	3	0	0
1873	1	0	0
1874	6	0	0
1875	1	0	0
1876	3	0	1
1877	5	0	0
1878	5	0	0
1879	3	0	0
1880	1	0	0
1883	1	0	0
1884	3	0	0
1885	2	0	0
1886	2	1	0
1887	3	0	0
1888	1	0	0
1889	1	0	0
1890	3	0	0
1891	5	0	0
1892	2	0	0
1893	3	0	0
1894	2	0	0
1895	3	0	0
1896	3	0	0
1897	1	0	0
1898	1	0	0
1899	1	0	0
1900	1	1	0
1901	1	1	0
1902	2	0	0
1903	4	0	0
1904	1	0	0
1905	1	1	0
1906	1	0	0
1907	1	0	0
1908	1	0	0
1909	1	0	0
1910	2	0	0
1911	3	0	0
1913	2	0	0
1914	2	0	0
1915	2	0	0
1917	1	0	0
1919	2	0	0
1921	1	0	0
1922	1	0	0
1923	5	0	0
1927	1	0	0
1931	1	0	0
1932	1	0	0
1933	1	0	0
1934	1	1	0
1935	3	0	0
1936	2	0	0
1937	1	0	0
1939	1	0	0
1940	3	0	1
1941	3	0	0
1942	2	0	0
1943	1	0	0
1945	1	0	0
1946	4	0	0
1947	3	0	0
1948	1	0	0
1949	11	0	0
1950	4	0	0
1951	2	0	0
1952	31	0	0
1954	1	0	0
1956	2	0	0
1958	2	0	0
1962	2	0	0
1963	1	0	0
1964	1	0	0
1967	1	0	0
1968	1	0	0
1970	2	0	0
1971	0	1	0
1975	1	0	0
1976	1	0	0
1977	1	0	0
1978	2	0	0
1982	0	1	0
1983	1	0	0
1986	1	0	0
1989	0	1	0
1990	2	0	0
1992	1	0	0
1997	1	0	0
2001	1	0	0
2008	1	0	0
2009	1	0	0
2014	1	0	0
2016	1	0	0
2021	2	0	0
2025	1	0	0
2037	0	1	0
2047	2	0	0
2058	1	0	0
2060	1	0	0
2069	1	0	0
2087	1	0	0
2100	1	0	0
2110	1	0	0
2116	1	0	0
2123	0	0	1
2143	1	0	0
2150	1	0	0
2154	0	0	1
2182	1	0	0
2201	1	0	0
2208	1	0	0
2211	1	0	0
2220	0	0	1
2229	1	0	0
2245	1	0	0
2255	1	0	0
2263	1	0	0
2264	1	0	0
2282	0	0	1
2293	1	0	0
2297	1	0	0
2301	0	1	0
2326	1	0	0
2327	1	0	0
2328	1	0	0
2329	1	0	0
2330	1	0	0
2333	2	0	0
2334	3	0	0
2336	1	0	0
2338	3	0	0
2339	1	0	0
2340	3	0	0
2342	1	0	0
2344	1	0	0
2345	2	0	0
2347	1	0	0
2348	3	0	0
2349	1	0	0
2350	2	0	0
2351	2	0	0
2353	5	0	0
2354	5	0	0
2355	2	0	0
2356	4	0	0
2358	3	0	0
2359	2	0	0
2360	4	0	0
2361	3	0	0
2362	1	0	0
2363	3	0	0
2364	3	0	0
2365	4	0	0
2366	2	0	0
2367	1	0	0
2368	1	0	0
2369	3	0	0
2370	2	0	0
2371	4	0	0
2372	4	0	0
2373	4	0	0
2374	5	0	0
2375	1	0	0
2376	1	0	0
2377	4	0	0
2378	5	0	0
2379	1	0	0
2380	3	0	0
2381	5	0	0
2382	1	0	0
2383	1	0	0
2385	3	0	0
2386	2	0	0
2387	1	0	0
2388	1	0	0
2390	3	0	0
2391	1	0	0
2392	1	0	0
2393	4	0	0
2394	3	0	0
2395	1	0	0
2396	2	0	0
2397	3	0	0
2398	5	0	0
2399	2	0	0
2400	6	0	0
2401	2	0	0
2402	1	0	0
2403	3	0	0
2404	1	0	0
2405	8	0	0
2406	1	0	0
2407	1	0	0
2408	1	0	0
2409	2	0	0
2410	2	0	0
2411	1	0	0
2412	2	0	0
2413	2	0	0
2414	2	0	0
2415	5	0	0
2416	4	0	0
2417	3	0	0
2418	2	0	0
2420	2	0	0
2421	3	0	0
2422	1	0	0
2423	1	0	0
2424	1	0	0
2425	3	0	1
2426	2	0	0
2427	4	0	0
2428	1	0	0
2429	2	0	0
2430	2	0	0
2431	1	0	0
2432	1	0	0
2435	1	0	0
2436	1	0	0
2438	1	0	0
2439	2	0	0
2440	1	0	0
2441	5	0	0
2443	1	0	0
2444	2	0	0
2446	1	0	0
2447	1	0	0
2448	1	0	0
2450	2	0	0
2451	1	0	0
2452	3	0	0
2453	1	0	0
2455	1	0	1
2459	4	0	0
2461	1	0	0
2462	4	0	0
2463	6	0	0
2464	1	0	0
2465	2	0	0
2466	1	0	0
2467	2	0	0
2468	3	0	0
2469	1	0	0
2470	3	0	0
2471	4	0	0
2472	4	0	0
2473	2	0	0
2474	2	0	0
2475	4	0	0
2476	2	0	0
2477	3	0	0
2478	3	0	0
2479	2	0	0
2480	4	0	0
2481	3	0	0
2483	1	0	0
2484	3	0	0
2485	1	0	0
2486	4	0	0
2487	2	0	0
2488	2	0	0
2489	2	0	0
2490	2	0	0
2491	1	0	0
2492	2	0	0
2494	2	0	0
2495	2	0	0
2496	4	0	0
2497	4	0	0
2498	1	0	0
2499	4	0	0
2500	3	0	0
2501	2	0	0
2502	5	0	0
2503	2	0	0
2505	1	0	0
2506	2	0	0
2508	1	0	0
2510	1	0	0
2511	1	0	0
2512	2	0	0
2513	1	0	0
2514	1	0	0
2515	4	0	0
2516	4	0	0
2517	2	0	0
2518	2	0	0
2519	3	0	0
2520	1	0	0
2521	1	0	0
2522	1	0	0
2524	2	0	0
2526	1	0	0
2527	1	0	0
2529	1	0	0
2532	1	0	0
2533	1	0	0
2535	2	0	0
2536	1	0	0
2537	1	0	0
2538	2	0	0
2539	1	0	0
2547	2	0	0
2551	1	0	0
2556	1	0	0
2560	2	0	0
2562	1	0	0
2563	1	0	0
2564	1	0	0
2566	1	0	0
2568	1	0	0
2573	3	0	0
2575	1	0	0
2582	1	0	0
2585	1	0	0
2595	2	0	0
2598	1	0	0
2600	1	0	0
2602	1	0	0
2612	1	0	0
2641	1	0	0
2647	1	0	0
2654	1	0	0
2656	1	0	0
2657	1	0	0
2658	1	0	0
2660	1	0	0
2661	3	0	0
2663	1	0	0
2665	1	0	0
2666	1	0	0
2667	1	0	0
2668	3	0	1
2669	1	0	0
2670	1	0	0
2671	1	0	0
2672	1	0	0
2673	1	0	0
2677	3	0	0
2681	2	0	0
2682	1	0	0
2683	1	0	0
2685	1	0	0
2686	2	0	0
2688	2	0	0
2690	4	0	0
2691	3	0	0
2692	4	0	0
2693	4	0	0
2694	3	0	0
2695	5	0	0
2696	3	0	0
2697	6	1	0
2698	4	0	0
2699	3	0	0
2700	3	0	0
2701	2	0	0
2702	2	0	0
2703	3	0	0
2704	4	0	0
2705	4	0	1
2707	3	0	0
2708	4	0	0
2709	1	0	0
2710	3	0	0
2711	4	0	0
2712	1	0	0
2713	3	0	0
2714	10	0	0
2715	12	0	0
2716	6	0	0
2717	3	0	0
2718	5	0	0
2719	6	0	0
2720	5	0	0
2721	3	0	0
2722	3	0	0
2723	4	0	0
2724	2	0	0
2725	2	0	0
2726	4	0	0
2727	6	0	0
2728	2	0	0
2730	4	0	0
2731	4	0	0
2732	3	0	0
2733	6	0	0
2734	4	0	0
2735	1	0	0
2736	2	0	0
2737	4	0	0
2738	5	0	0
2739	3	0	0
2740	3	0	0
2741	7	0	0
2742	4	0	0
2743	2	0	0
2744	4	0	0
2745	5	0	0
2746	3	0	0
2747	9	0	0
2748	12	0	0
2749	4	0	0
2750	3	0	0
2751	4	0	0
2752	4	0	0
2753	1	0	0
2755	2	0	0
2756	4	0	0
2757	1	0	0
2758	3	0	0
2759	4	0	0
2760	1	0	0
2761	4	0	0
2762	4	0	0
2763	3	0	0
2764	6	0	0
2765	5	0	0
2766	1	0	0
2767	4	0	0
2768	3	0	0
2769	12	0	0
2770	3	0	0
2771	15	0	0
2772	3	0	0
2773	1	0	0
2776	2	0	0
2777	3	0	0
2778	1	0	0
2779	1	0	0
2780	1	0	0
2782	2	0	0
2783	3	0	0
2784	2	0	0
2785	1	0	0
2787	3	0	0
2788	1	0	0
2790	1	0	0
2791	2	0	0
2796	2	0	0
2799	1	0	0
2800	2	0	0
2801	1	0	0
2802	1	0	0
2803	3	0	0
2804	1	0	0
2805	3	0	0
2807	3	0	0
2809	3	0	0
2810	1	0	0
2811	2	0	0
2812	2	0	0
2813	1	0	0
2814	1	0	0
2815	2	0	0
2816	1	0	0
2817	1	0	0
2818	3	0	0
2819	2	0	0
2820	1	0	0
2823	1	0	0
2824	1	0	0
2826	1	0	0
2827	1	0	0
2828	1	0	0
2829	3	0	0
2832	1	0	0
2833	2	0	0
2838	1	0	0
2841	1	0	0
2842	2	0	0
2844	1	0	0
2845	1	0	0
2848	0	0	1
2849	1	0	0
2857	1	0	0
2858	1	0	0
2862	1	0	0
2869	1	0	0
2872	2	0	0
2873	1	0	0
2882	1	0	0
2885	1	0	0
2891	1	0	0
2893	1	0	0
2900	1	0	0
2902	2	0	0
2903	1	0	0
2910	1	0	0
2931	0	0	1
2945	1	0	0
2962	1	0	0
2965	1	0	0
2969	1	0	0
2972	1	0	0
2978	1	0	0
3003	2	0	0
3004	1	0	0
3019	1	0	0
3027	2	0	0
3028	1	0	0
3031	1	0	0
3049	0	1	0
3050	1	0	0
3067	1	0	0
3120	1	0	0
3126	1	0	0
3127	1	0	0
3129	1	0	0
3139	0	1	0
3151	0	1	0
3152	0	1	0
3163	0	1	0
3187	1	0	0
3206	0	1	0
3231	0	1	0
3254	0	1	0
3255	0	1	0
3259	0	1	0
3262	0	2	0
3274	1	0	0
3282	1	0	0
3301	0	2	0
3306	1	0	0
3310	0	1	0
3314	0	1	0
3327	1	1	0
3356	0	1	0
3357	0	0	1
3368	1	0	0
3369	0	1	0
3375	1	0	0
3376	0	1	0
3378	0	1	0
3380	0	1	0
3382	0	1	0
3387	0	1	0
3528	0	1	0
3554	1	0	0
3561	1	0	0
3575	1	0	0
3577	0	0	1
3579	1	0	0
3581	1	0	0
3587	0	1	0
3590	1	0	0
3597	1	0	0
3602	0	1	0
3604	0	0	1
3614	1	0	0
3616	0	1	0
3625	1	0	0
3634	1	0	0
3640	0	1	0
3648	0	1	0
3670	1	0	0
3679	0	1	0
3682	0	0	1
3684	0	1	0
3690	0	1	0
3703	0	1	0
3769	0	0	1
3809	1	0	0
3900	1	0	0
3903	1	0	0
3947	1	0	0
3974	1	0	0
3975	1	0	0
3980	0	0	1
3998	1	0	0
4007	1	0	0
4024	1	0	0
4032	1	0	0
4041	2	0	0
4050	1	0	0
4054	1	0	0
4057	1	0	0
4059	1	0	0
4061	1	0	0
4063	2	0	0
4065	1	0	0
4067	1	0	0
4068	1	0	0
4069	2	0	0
4070	1	0	0
4072	2	0	0
4073	3	0	0
4074	1	0	0
4076	1	0	0
4080	2	0	0
4081	1	0	0
4082	2	0	0
4083	2	0	0
4084	1	0	0
4085	2	0	0
4087	1	0	0
4089	2	0	0
4091	5	0	0
4092	3	0	0
4093	1	0	0
4094	1	0	0
4095	1	0	0
4096	1	0	0
4098	1	0	0
4099	1	0	0
4100	3	0	0
4101	1	0	0
4102	1	0	0
4106	3	0	0
4108	2	0	0
4109	2	0	0
4110	1	0	0
4112	2	0	0
4113	2	0	0
4114	1	0	0
4115	3	0	0
4116	2	0	0
4117	3	0	0
4118	1	0	0
4119	5	0	0
4120	1	0	0
4121	4	0	0
4122	1	0	0
4124	2	0	0
4125	2	0	0
4126	2	0	0
4127	3	0	0
4128	4	0	0
4129	2	0	0
4130	2	0	0
4131	1	0	0
4132	2	0	0
4133	2	0	0
4134	1	0	0
4136	3	0	0
4137	1	0	0
4140	2	0	0
4141	1	0	0
4142	2	0	0
4143	1	0	0
4144	2	0	0
4145	1	0	0
4148	1	0	0
4153	1	0	0
4155	2	0	0
4156	2	0	0
4157	1	0	0
4158	3	0	0
4159	2	0	0
4160	1	0	0
4161	1	0	0
4163	1	0	0
4164	1	0	0
4167	1	0	0
4168	1	0	0
4170	1	0	0
4171	2	0	0
4172	2	0	0
4173	1	0	0
4179	1	0	0
4188	1	0	0
4191	2	0	0
4192	2	0	0
4194	1	0	0
4198	1	0	0
4199	1	0	0
4203	2	0	0
4204	1	0	0
4205	1	0	0
4206	2	0	0
4207	1	0	0
4216	2	0	0
4220	1	0	0
4221	1	0	0
4222	4	0	0
4223	1	0	0
4225	1	0	0
4227	1	0	0
4228	2	0	0
4229	1	0	0
4230	1	0	0
4233	2	0	0
4237	1	0	0
4238	3	0	0
4239	1	0	0
4240	2	0	0
4242	2	0	0
4243	2	0	0
4245	3	0	0
4247	2	0	0
4248	2	0	0
4249	2	0	0
4250	1	0	0
4253	1	0	0
4254	1	0	0
4255	4	0	0
4256	2	0	0
4259	1	0	0
4260	1	0	0
4262	1	0	0
4263	1	0	0
4266	2	0	0
4267	1	0	0
4268	2	0	0
4269	1	0	0
4271	5	0	0
4273	1	0	0
4274	1	0	0
4275	1	0	0
4276	3	0	0
4277	1	0	0
4278	1	0	0
4279	3	0	0
4280	2	0	0
4282	1	0	0
4283	1	0	0
4284	2	0	0
4285	1	0	0
4286	1	0	0
4287	2	0	0
4288	1	0	0
4290	5	0	0
4291	1	0	0
4292	4	0	0
4293	1	0	0
4294	1	0	0
4295	5	0	0
4296	1	0	0
4297	1	0	0
4298	3	0	0
4299	2	0	0
4300	1	0	0
4301	1	0	0
4302	2	0	0
4304	1	0	0
4306	3	0	0
4308	2	0	0
4310	2	0	0
4313	2	0	0
4314	1	0	0
4315	1	0	0
4316	1	0	0
4317	2	0	0
4318	2	0	0
4319	2	0	0
4321	1	0	0
4322	2	0	0
4324	2	0	0
4325	1	0	0
4326	1	0	0
4327	1	0	0
4328	1	0	0
4329	1	0	0
4330	2	0	0
4331	2	0	0
4332	2	0	0
4333	1	0	0
4335	2	0	0
4336	1	0	0
4337	2	0	0
4340	1	0	0
4341	1	0	0
4342	3	0	0
4343	3	0	0
4344	1	0	0
4345	2	0	0
4347	4	0	0
4348	1	0	0
4349	1	0	0
4350	1	0	0
4352	1	0	0
4356	1	0	0
4357	1	0	0
4359	2	0	0
4360	1	0	0
4361	2	0	0
4363	2	0	0
4364	1	0	0
4365	1	0	0
4366	1	0	0
4370	2	0	0
4373	1	0	0
4378	1	0	0
4379	1	0	0
4380	1	0	0
4381	1	0	0
4382	1	0	0
4385	1	0	0
4391	1	0	0
4392	1	0	0
4394	1	0	0
4395	1	0	0
4396	1	0	0
4397	1	0	0
4398	2	0	0
4402	1	0	0
4405	1	0	0
4408	1	0	0
4414	1	0	0
4417	2	0	0
4426	1	0	0
4433	1	0	0
4435	1	0	0
4437	1	0	0
4444	1	0	0
4456	1	0	0
4507	1	0	0
4510	1	0	0
4511	0	0	1
4519	1	0	0
4522	1	0	1
4525	2	0	0
4544	1	0	0
4546	1	0	0
4547	1	0	0
4549	1	0	0
4554	1	0	0
4568	1	0	0
4578	1	0	0
4588	0	1	0
4607	0	1	0
4625	1	0	0
4647	1	0	0
4657	1	0	0
4658	0	1	0
4663	0	1	0
4667	0	0	1
4676	0	1	0
4689	0	2	0
4694	0	1	0
4705	0	1	0
4809	0	1	0
4850	1	0	0
5016	0	1	0
5017	0	1	0
5032	0	1	0
5076	0	1	0
5077	0	1	0
5082	1	0	0
5155	1	0	0
5159	1	0	0
5160	1	0	0
5165	1	0	0
5166	2	0	0
5168	1	0	0
5170	1	0	0
5171	1	0	0
5173	1	0	0
5175	1	0	0
5176	1	0	0
5178	1	0	0
5179	1	0	0
5180	3	0	0
5181	1	0	0
5182	1	0	0
5183	3	0	0
5186	1	0	0
5187	1	0	0
5195	1	0	0
5196	2	0	0
5198	2	0	0
5201	2	0	0
5207	2	0	0
5209	1	0	0
5210	2	0	0
5213	1	0	0
5219	1	0	0
5221	1	0	0
5222	2	0	0
5224	1	0	0
5227	2	0	0
5232	1	0	0
5235	1	0	0
5240	1	0	0
5248	1	0	0
5251	1	0	0
5252	1	0	0
5255	1	0	0
5256	0	0	1
5257	1	0	0
5260	1	0	0
5262	1	0	0
5265	1	0	0
5268	0	1	0
5274	1	0	0
5278	1	0	0
5299	1	0	0
5355	1	0	0
5356	0	1	0
5359	0	0	1
5371	0	0	1
5374	0	1	0
5380	0	1	0
5429	0	0	2
5453	1	0	0
5488	0	0	1
5493	0	0	1
5495	0	0	1
5535	0	0	1
5732	0	0	1
5748	0	0	1
5808	1	0	0
5826	1	0	0
5838	1	0	0
5896	0	0	1
5918	1	0	0
5962	0	1	0
5989	0	1	0
6009	0	1	0
6091	1	0	0
6140	1	0	0
6152	0	0	1
6157	1	0	0
6173	1	0	0
6174	0	1	0
6190	1	0	0
6193	1	0	0
6200	1	0	0
6212	1	0	0
6281	1	0	0
6361	0	1	0
6428	1	0	0
6437	0	1	0
6446	1	0	0
6474	0	1	0
6491	1	0	0
6514	0	0	1
6568	1	0	0
6597	1	0	0
6640	1	0	0
6645	1	0	0
6647	1	0	0
6651	1	0	0
6654	1	0	0
6655	1	0	0
6666	1	0	0
6678	1	0	0
6686	1	0	0
6688	2	0	0
6689	1	0	0
6690	1	0	0
6691	1	0	0
6692	1	0	0
6693	1	0	0
6694	1	0	0
6695	1	0	0
6696	1	0	0
6697	3	0	0
6698	2	0	0
6700	4	0	0
6701	1	0	0
6702	1	0	0
6703	2	0	0
6704	2	0	0
6705	1	0	0
6706	3	0	0
6707	4	0	0
6708	1	0	0
6709	2	0	0
6710	2	0	0
6711	4	0	0
6712	3	0	0
6713	5	0	0
6714	1	0	0
6715	6	0	0
6716	2	0	0
6717	2	0	0
6718	3	0	0
6719	3	0	0
6720	1	0	0
6721	4	0	0
6722	6	0	0
6723	5	0	0
6725	3	0	0
6726	2	0	0
6727	3	0	0
6728	4	0	0
6729	3	0	0
6730	8	0	0
6731	6	0	0
6732	3	0	0
6733	6	0	0
6734	4	0	0
6735	5	0	0
6736	6	0	0
6737	3	0	0
6738	5	0	0
6739	5	0	0
6740	5	0	0
6741	2	0	0
6742	7	0	0
6743	3	0	0
6744	7	0	0
6745	4	0	0
6746	6	0	0
6747	7	0	0
6748	4	0	0
6749	4	0	0
6750	6	0	0
6751	2	0	0
6752	6	0	0
6753	2	0	0
6754	2	0	0
6755	4	0	0
6756	1	0	1
6757	4	0	0
6758	2	0	0
6759	4	0	0
6760	4	0	0
6761	3	0	0
6762	6	0	0
6763	8	0	1
6764	4	0	0
6765	2	0	0
6766	2	0	0
6767	2	0	0
6768	3	0	0
6769	2	0	0
6770	3	0	0
6771	2	0	0
6772	3	0	0
6773	1	0	0
6774	3	0	0
6775	4	0	0
6776	5	0	0
6777	3	0	0
6778	4	0	0
6779	6	0	0
6780	3	0	0
6781	1	0	0
6782	4	0	0
6783	1	0	0
6784	1	0	0
6785	2	0	0
6786	2	0	0
6787	2	0	0
6788	1	0	0
6789	4	0	0
6790	4	0	0
6791	4	0	0
6792	4	0	0
6793	4	0	0
6794	2	0	0
6795	2	0	0
6796	1	0	0
6797	4	0	0
6798	1	0	0
6799	1	0	0
6801	2	0	0
6804	1	0	0
6805	2	0	0
6806	2	0	0
6807	2	0	0
6808	3	0	0
6809	4	0	0
6810	3	0	0
6811	1	0	0
6812	2	0	0
6813	3	0	0
6816	1	0	0
6817	2	0	0
6818	3	0	0
6819	1	0	0
6820	1	0	0
6821	1	0	0
6823	2	0	0
6824	1	0	0
6825	1	0	0
6827	1	0	0
6828	3	0	0
6829	1	0	0
6830	2	0	0
6831	1	0	0
6835	1	0	0
6836	1	0	0
6838	1	0	0
6839	3	0	0
6840	2	0	0
6841	1	0	0
6842	2	0	0
6843	3	0	0
6848	1	0	0
6851	1	0	0
6852	1	0	0
6855	1	0	0
6856	1	0	0
6857	1	0	0
6860	1	0	1
6861	1	0	0
6864	1	0	0
6867	1	0	0
6870	1	0	0
6872	1	0	0
6875	1	0	0
6877	2	0	0
6880	1	0	0
6909	1	0	0
6938	1	0	0
6941	0	1	0
6950	1	0	0
6994	1	0	0
7004	0	1	0
7024	0	1	0
7026	1	0	0
7033	1	0	0
7076	1	0	0
7098	1	0	0
7099	0	0	1
7122	0	1	0
7144	0	1	0
7152	1	0	0
7168	1	0	0
7172	1	0	0
7177	1	0	0
7188	0	1	0
7234	1	0	0
7243	0	1	0
7251	0	1	0
7259	0	1	0
7329	1	0	0
7393	0	1	0
7430	0	0	1
7431	1	0	0
7485	0	1	0
7507	0	1	0
7564	0	1	0
7642	0	0	1
7644	0	0	1
7659	0	0	1
7676	0	0	1
7695	0	0	1
7712	0	0	1
7713	0	0	1
7829	0	0	1
7878	1	0	0
7885	1	0	0
7906	1	0	0
7922	1	0	0
7955	0	1	0
7962	1	0	0
7969	1	0	0
7978	1	0	0
7984	1	0	0
7990	1	0	0
7998	1	0	0
7999	1	0	0
8003	1	0	0
8056	0	1	0
8071	1	0	0
8130	1	0	0
8210	0	0	1
8283	1	0	0
8291	1	0	0
8327	1	0	0
8346	0	0	1
8389	0	0	1
8443	0	1	0
8514	0	1	0
8525	0	1	0
8527	0	1	0
8528	0	1	0
8529	0	1	0
8531	0	1	0
8532	0	2	0
8564	0	1	0
8576	0	1	0
8582	0	1	0
8594	0	1	0
8596	0	2	0
8599	0	1	0
8601	0	2	0
8602	0	1	0
8605	0	1	0
8607	0	1	0
8611	0	1	0
8619	0	2	0
8623	0	1	0
8626	0	1	0
8635	0	1	0
8637	0	1	0
8641	0	1	0
8659	0	0	1
8662	1	0	0
8689	1	0	0
8718	0	0	1
8762	0	0	1
8821	0	1	0
8837	0	1	0
8846	0	0	1
8860	0	1	0
8861	0	1	0
8866	0	1	0
8871	0	1	0
8872	0	1	0
8875	0	1	0
8892	0	1	0
8897	0	1	0
8907	0	1	0
8916	0	1	0
8924	0	2	0
8925	0	1	0
8927	0	1	0
8928	0	1	0
8930	0	3	0
8931	0	1	0
8933	0	0	1
8934	0	1	0
8935	0	1	0
8940	0	1	0
8941	0	1	0
8943	0	1	0
8944	0	1	0
8945	0	0	1
8949	0	1	0
8950	0	1	0
8951	0	1	0
8952	0	1	0
8957	0	2	0
8959	0	2	0
8962	0	1	0
8966	0	1	0
8969	0	1	0
8972	0	1	0
8977	0	0	1
8979	0	1	0
8984	0	1	0
8988	0	1	0
8990	0	1	1
8993	0	2	0
8999	0	0	1
9001	1	0	0
9002	0	1	0
9004	0	0	1
9005	0	1	0
9023	1	0	0
9027	0	1	0
9028	0	1	0
9029	0	2	0
9031	0	0	1
9032	0	0	1
9044	0	1	0
9046	0	0	1
9047	0	1	0
9054	0	1	0
9059	0	1	0
9081	0	1	0
9172	0	0	1
9199	1	0	0
9203	0	0	1
9206	0	0	1
9218	0	0	1
9226	0	0	1
9231	1	0	0
9233	1	0	1
9248	0	0	1
9254	0	0	1
9255	1	0	0
9263	0	0	1
9267	1	0	0
9297	1	0	0
9299	1	0	0
9300	0	0	1
9301	1	0	0
9305	1	0	0
9306	1	0	0
9307	1	0	0
9315	1	0	0
9319	1	0	0
9323	1	0	0
9324	1	0	0
9331	2	0	0
9333	1	0	0
9335	2	0	0
9337	1	0	0
9339	1	0	0
9343	1	0	0
9345	1	0	0
9348	0	0	1
9349	1	0	0
9355	1	0	0
9356	2	0	0
9362	1	0	0
9363	1	0	0
9364	1	0	0
9365	1	0	0
9367	1	0	0
9375	1	0	0
9379	1	0	0
9381	1	0	0
9382	1	0	0
9392	0	0	1
9394	1	0	0
9404	1	0	0
9406	1	0	0
9408	1	0	0
9416	1	0	0
9417	1	0	0
9459	1	0	0
9487	0	0	1
9635	1	0	0
9640	1	0	0
9649	1	0	0
9652	1	0	0
9653	1	0	0
9659	2	0	0
9666	0	1	0
9673	1	0	0
9674	1	0	0
9675	2	0	0
9677	1	0	0
9679	1	0	0
9680	2	0	0
9682	1	0	0
9685	1	0	0
9694	2	0	0
9742	4	0	0
9743	1	0	0
9744	3	0	0
9745	1	0	0
9747	1	0	0
9748	1	0	0
9756	1	0	0
9877	0	1	0
9945	0	0	1
10046	0	0	1
10129	0	0	1
10196	1	0	0
10218	1	0	0
10746	0	0	1
10844	0	1	0
10894	0	1	0
11043	0	0	1
11228	1	0	0
11309	0	1	0
11356	0	1	0
11367	0	1	0
11494	0	1	0
11505	0	1	0
11524	0	1	0
11525	0	1	0
11569	0	1	0
11650	0	1	0
11861	0	0	1
11885	0	1	0
11886	0	1	0
11908	0	0	1
11921	0	1	0
11926	0	1	0
11930	0	0	1
11938	0	1	0
11945	0	1	0
11963	0	1	0
11993	0	0	1
12053	0	0	1
12152	0	1	0
12265	0	0	1
12309	0	0	1
12359	1	0	0
12366	1	0	0
12391	1	0	0
12439	1	0	0
12444	1	0	0
12459	1	0	0
12679	1	0	0
12701	0	1	0
12702	1	0	0
12712	0	1	0
12721	0	1	0
12793	0	0	1
12815	0	0	1
12859	1	0	0
12872	1	0	0
12983	0	1	0
13018	0	1	0
13146	0	1	0
13153	0	1	0
13333	1	0	0
13371	1	0	0
13410	1	0	0
13428	1	0	0
13435	1	0	0
13762	1	0	0
14145	0	0	1
14380	1	0	0
14903	1	0	0
15104	0	1	0
15175	0	1	0
15183	0	0	1
15184	0	1	0
15294	1	0	1
15314	0	0	1
15461	0	1	0
15475	0	1	0
15518	1	0	0
15553	0	0	1
15563	0	0	1
15613	0	0	1
15626	0	0	1
15738	0	1	0
15756	0	0	1
15806	1	0	0
16022	0	0	1
16216	0	1	0
16240	1	0	0
16346	0	0	1
16981	0	0	1
17072	0	0	1
17289	0	0	1
17737	1	0	0
18342	0	0	1
18849	0	0	1
18988	0	0	1
19080	0	0	1
19286	0	1	0
19385	1	0	0
19502	0	0	1
19882	0	0	1
19885	0	0	1
20242	0	0	1
20325	0	0	1
20554	0	0	1
21466	0	0	1
21653	0	1	0
21917	0	0	1
21990	0	1	0
22077	0	1	0
22090	0	0	1
22198	0	0	1
22459	0	0	1
22487	0	0	1
22846	0	0	1
23224	1	0	0
23660	0	0	1
23772	0	0	1
23777	0	0	1
23824	0	0	1
24013	0	0	1
24040	0	0	1
24298	0	1	0
24338	0	0	1
24583	0	0	1
24647	0	0	1
24757	1	0	0
24886	0	0	1
24897	0	1	0
24915	1	0	0
24967	0	0	1
25048	0	0	1
25419	0	0	1
25539	0	0	1
25604	0	0	1
25739	0	0	1
25920	0	0	1
26483	0	0	1
26528	0	0	1
26574	0	0	1
26717	0	0	1
26870	0	0	1
27179	0	0	1
27248	0	0	1
27354	0	0	1
27374	0	1	0
27517	0	0	1
27544	0	1	0
27626	0	0	1
27903	0	0	1
27914	0	0	1
28083	0	0	1
28090	0	1	0
28102	0	1	0
28157	0	0	1
28296	1	0	0
28419	0	0	1
28738	0	1	0
28832	0	0	1
28852	1	0	0
28945	0	0	1
28978	1	0	0
29082	1	0	0
29244	0	0	1
29290	0	0	1
29574	0	0	1
29621	0	0	1
29628	0	0	1
29636	0	0	1
29703	0	0	1
29847	1	0	0
29853	0	0	1
29862	0	0	1
29943	0	0	1
30056	0	0	1
30224	0	0	1
30284	0	0	1
30404	0	0	1
30479	0	0	1
30499	0	1	0
30724	0	0	1
30879	0	0	1
30914	0	0	1
30922	0	0	1
31991	0	0	1
32041	0	0	1
32087	0	0	1
32310	0	0	1
33121	0	1	0
33230	1	0	0
33597	0	1	0
33638	0	0	1
33774	0	0	1
34152	1	0	0
34226	0	0	1
34372	0	0	1
34539	0	0	1
34554	0	1	0
34979	0	0	1
35270	0	1	0
35305	0	0	1
35320	1	0	0
35524	0	0	1
35666	0	1	0
35744	0	1	0
35754	0	1	0
35990	0	0	1
36095	0	0	1
36156	0	0	1
36293	0	0	1
37122	1	0	0
37157	0	0	1
37182	0	0	1
37493	0	0	1
37497	0	1	0
37570	1	0	0
37585	0	0	1
37592	0	0	1
37793	0	1	0
37946	0	0	1
37994	0	0	1
38011	0	0	1
38032	0	1	0
38069	0	0	1
38104	1	0	0
38130	1	0	0
38138	1	0	0
38162	0	1	0
38255	1	1	0
38258	0	0	1
38264	1	0	0
38324	0	1	0
38367	0	0	1
38567	0	0	1
38690	1	0	0
38733	0	0	1
38816	1	0	0
38883	0	0	1
39029	1	0	0
39047	1	0	0
39056	1	0	0
39070	1	0	0
39083	1	0	0
39117	1	0	0
39243	1	0	0
39360	0	0	1
39381	0	0	1
39789	0	0	1
39852	0	1	0
39946	0	0	1
40201	0	0	1
40234	1	0	0
40618	0	0	1
40868	0	0	1
41083	1	0	0
41128	0	0	1
41822	1	0	0
42515	0	0	1
42694	0	0	1
43169	0	1	0
43286	0	0	1
43946	0	0	1
43969	0	1	0
44264	0	0	1
44362	0	0	1
44624	0	0	1
45035	0	0	1
45382	0	1	0
45412	0	1	0
45425	0	1	0
45458	0	1	0
45479	0	1	0
45488	0	1	0
45584	0	1	0
45702	0	1	0
45722	0	1	0
45769	0	1	1
45796	0	1	0
45844	0	2	0
45894	0	0	1
45926	0	0	1
45942	0	0	1
45951	0	0	1
46025	0	0	1
46045	0	0	1
46135	1	0	0
46149	0	0	1
46156	0	0	1
46197	0	0	1
46250	0	0	1
46265	1	0	0
46272	1	0	0
46400	1	0	0
46492	1	0	0
46512	1	0	0
46513	1	0	0
46522	1	0	0
46524	1	0	0
46552	1	0	0
46558	1	0	0
46564	1	0	0
46628	1	0	0
46668	1	0	0
46673	1	0	0
46751	1	0	0
46775	0	0	1
46792	1	0	0
46797	1	0	0
47035	0	1	0
47148	0	0	1
47603	0	0	1
48207	0	1	0
48323	0	1	0
48400	0	1	0
48557	0	1	0
48575	0	1	0
48865	0	0	1
48894	0	0	1
48900	0	1	0
48918	0	1	0
49030	0	0	1
49266	0	0	1
49282	0	0	1
49286	1	0	0
49287	1	0	0
49322	0	0	1
49622	1	0	0
49708	1	0	0
49911	1	0	0
49935	1	0	0
51308	1	0	0
51414	0	1	0
51443	0	0	1
51612	1	0	0
51915	0	0	1
52149	0	0	1
52216	0	1	0
52459	1	0	0
52506	0	0	1
52693	0	1	0
53095	0	1	0
53213	0	0	1
53539	0	0	1
53658	0	0	1
54205	0	0	1
55447	0	0	1
55658	0	2	0
55659	0	3	0
55660	0	24	0
55661	0	15	0
55662	0	175	0
55663	0	1	0
55664	0	1	0
55669	0	3	0
55690	0	1	0
55692	0	0	1
55765	13	0	0
55768	2	0	0
55769	1	0	0
55770	6	0	0
55771	1	0	0
55772	1	0	0
55774	2	0	0
55915	1	0	0
56037	0	0	1
56041	0	0	1
56084	0	0	1
56281	0	0	1
56317	0	0	1
56344	0	0	1
56433	1	0	0
56434	0	0	1
56452	0	0	1
56518	0	0	1
57000	0	1	0
57088	1	0	0
57111	0	1	0
57116	0	1	0
57125	0	1	0
57129	0	1	0
57137	0	1	0
57154	0	1	0
57168	0	1	0
57327	0	1	0
57333	0	1	0
57398	0	1	0
57444	0	1	0
57450	0	0	1
57454	0	1	0
57469	0	1	0
57782	0	0	1
57877	1	0	0
57887	1	0	0
57920	1	0	0
57926	0	0	1
58026	1	0	0
58210	1	0	0
58217	1	0	0
58219	0	1	0
58296	1	0	0
58363	0	0	1
58463	1	0	0
58486	1	0	0
58515	1	0	1
58693	0	1	0
58711	1	0	0
58764	0	1	0
58912	0	1	0
59288	0	1	0
59537	0	0	1
59583	0	1	0
59641	1	0	0
60046	1	0	0
60810	0	0	1
61077	0	1	0
61086	0	1	0
61507	1	0	0
63136	0	0	1
64338	0	0	1
64522	0	0	1
65569	0	0	1
65728	1	0	0
65746	0	0	1
66432	1	0	0
66454	0	1	0
66588	0	0	1
67253	1	0	0
67541	1	0	0
68247	0	1	0
68370	0	0	1
69744	0	1	0
70303	0	0	1
70511	0	0	2
70960	0	1	0
71017	0	0	1
71215	0	0	2
71515	0	0	1
72486	0	1	0
72574	0	0	1
72816	0	0	1
72847	0	0	1
73017	1	0	0
73419	0	0	1
74197	0	1	0
74821	0	0	1
75710	0	1	0
75760	0	0	1
76431	0	0	1
76509	0	0	1
76817	0	0	1
76971	0	0	1
76980	0	1	0
77278	0	0	1
77331	0	1	0
77704	0	0	1
77734	0	0	1
77846	0	0	1
78197	0	0	1
78335	0	0	1
78443	0	0	1
78819	0	1	0
78948	0	1	0
79041	0	0	1
79282	0	0	1
79806	0	0	1
79905	0	1	0
79916	0	0	1
80369	1	0	0
80955	0	1	0
80995	1	0	0
81217	1	0	0
81579	1	0	0
82656	0	0	1
82715	0	0	1
82902	0	1	0
83202	1	0	0
83284	0	0	1
84284	0	1	0
84328	0	1	0
84345	0	1	0
84395	0	0	1
84660	0	0	1
84758	0	0	1
84786	0	2	0
84986	0	0	1
85020	0	1	0
85120	0	0	1
85674	0	0	1
85944	0	1	0
85958	0	1	0
86479	1	0	0
86629	0	1	0
87814	0	1	0
87857	0	0	1
87917	0	0	1
87981	0	1	0
88039	0	0	1
88077	1	0	0
88351	1	0	0
88533	0	0	1
88662	0	1	0
89066	1	0	0
89303	0	0	1
89310	1	0	0
89491	1	0	0
89944	1	0	0
90022	1	0	0
90614	0	1	0
90703	0	1	0
91194	0	1	0
91210	0	1	0
91250	2	0	0
91253	0	1	0
91256	1	0	0
91374	0	0	1
91832	0	0	1
92003	1	0	0
92056	1	0	0
92947	0	0	1
92976	0	1	0
93317	0	1	0
93463	0	1	0
93483	0	1	0
93891	0	0	1
94168	1	0	0
94190	1	0	0
94211	1	0	0
94213	1	0	0
94567	1	0	0
94568	1	0	0
94594	1	0	0
95025	1	0	0
95209	0	0	1
95296	0	1	0
96470	0	1	0
96475	0	1	0
96512	0	1	0
96960	0	0	1
97118	0	1	0
97142	0	1	0
97171	0	0	1
97644	0	0	1
97772	0	1	0
98043	0	0	1
98547	0	0	1
98786	0	1	0
99003	0	0	1
99167	0	1	0
99221	0	1	0
99323	0	1	0
99476	0	1	0
99516	0	2	0
99522	0	1	0
99532	0	4	0
99533	0	2	0
99536	0	1	0
99540	0	4	0
99541	0	1	0
99542	0	1	0
99543	0	3	0
99544	0	2	0
99545	0	4	0
99554	0	1	0
99563	0	1	0
99582	0	1	0
99585	0	1	0
99594	0	5	0
99595	0	4	0
99596	0	1	0
99597	0	4	0
99598	0	2	0
99599	0	2	0
99600	0	4	0
99601	0	0	1
99602	0	3	0
99604	0	1	0
99605	0	6	0
99607	0	3	0
99608	0	4	0
99609	0	3	0
99610	0	3	0
99612	0	2	0
99616	0	1	0
99617	0	5	0
99618	0	1	0
99619	0	5	0
99620	0	4	0
99621	0	3	0
99623	0	4	0
99624	0	12	0
99625	0	14	0
99626	0	4	0
99627	0	10	0
99628	0	13	0
99629	0	6	0
99630	0	2	0
99631	0	2	0
99632	0	1	1
99633	0	1	0
99635	0	2	0
99636	0	1	0
99637	0	2	0
99638	0	9	0
99639	0	21	0
99640	0	9	0
99641	0	17	0
99642	0	3	0
99644	0	4	0
99646	0	1	0
99647	0	2	0
99648	0	1	0
99656	0	1	0
99660	0	1	0
99661	0	1	0
99672	0	1	0
99674	0	1	0
99696	0	0	1
99707	0	1	0
99761	0	0	1
99851	0	1	0
99861	0	0	1
99983	0	0	1
99985	0	0	1
100000	0	0	1
100008	1	0	0
100012	1	0	0
100026	2	0	0
100029	1	0	0
100030	1	0	0
100033	1	0	0
100041	1	0	0
100042	1	0	0
100046	1	0	0
100047	1	0	0
100048	1	0	0
100051	2	0	0
100056	5	0	0
100057	1	0	0
100058	6	0	0
100059	3	1	0
100060	2	0	0
100061	17	0	0
100062	11	0	0
100063	18	0	0
100064	7	0	0
100065	4	0	0
100067	2	0	0
100070	1	0	0
100071	4	0	0
100072	2	0	0
100073	6	0	0
100074	17	0	0
100075	11	0	0
100076	4	0	0
100077	23	0	0
100078	16	0	0
100079	10	0	0
100082	8	0	0
100083	10	0	0
100084	4	0	0
100085	5	0	0
100086	1	0	0
100090	1	0	0
100091	3	0	0
100092	6	0	0
100093	6	0	0
100094	6	0	0
100095	2	0	0
100096	1	0	0
100097	6	0	0
100098	2	0	0
100099	1	0	0
100100	4	0	0
100102	3	0	0
100104	2	0	0
100105	4	0	0
100106	3	0	0
100107	6	0	0
100108	6	0	0
100109	1	0	0
100117	1	0	0
100124	1	0	0
100125	1	0	0
100137	1	0	0
100138	1	0	0
100148	1	0	0
100153	2	0	0
100154	1	0	0
100157	2	0	0
100158	9	0	0
100159	2	0	0
100160	2	0	0
100161	2	0	0
100162	5	0	0
100163	1	0	0
100166	1	0	0
100167	1	0	0
100169	8	0	0
100170	17	0	0
100171	3	0	0
100182	1	0	0
100183	3	0	0
100184	2	0	0
100185	2	0	0
100186	2	0	0
100190	1	0	0
100196	1	0	0
100199	1	0	0
100521	0	1	0
101270	1	0	0
101737	1	0	0
101871	0	0	1
102146	1	0	0
102366	0	0	1
102469	0	1	0
102879	0	1	0
103234	0	0	1
103726	0	0	1
103768	0	0	1
103933	0	0	1
104042	0	0	1
104213	0	0	1
104229	0	0	1
104527	1	0	0
104555	0	0	1
104609	0	0	1
105214	0	0	1
105391	0	0	1
105440	0	1	0
105536	0	0	1
105586	1	0	0
105650	0	0	1
105659	0	0	1
105661	0	0	1
105668	0	0	1
105681	0	0	1
105742	1	0	0
105754	0	0	1
105791	0	0	1
105890	0	0	1
105910	0	0	1
105982	0	0	1
105995	0	0	1
106083	0	0	1
106092	0	0	1
106113	0	0	1
106122	0	0	1
106151	0	0	1
106242	0	0	1
106244	0	0	1
106250	0	0	1
106376	0	0	1
106397	0	0	1
106487	0	0	1
106519	0	0	1
106547	0	0	1
106558	0	0	1
106638	0	0	1
106762	0	1	0
106803	0	0	1
106847	0	0	1
106865	0	0	1
106977	0	0	1
107027	0	0	1
107055	0	0	1
107056	0	0	1
107063	0	0	1
107112	0	0	1
107174	0	0	1
107340	0	0	1
107401	0	0	1
107483	0	0	1
107542	0	0	1
107583	0	0	1
107624	0	0	1
107807	1	0	0
108059	0	0	1
108191	0	0	1
108302	0	0	1
108305	0	0	1
108341	0	0	1
108350	0	0	1
108352	0	0	1
108394	0	0	1
108688	0	0	1
108729	0	0	1
108844	0	1	0
108915	0	0	1
109066	1	0	0
109164	0	0	1
109559	1	0	0
109578	1	0	0
109860	1	0	0
109865	0	0	1
110070	1	0	0
110077	1	0	0
110337	0	1	0
110387	0	1	0
110411	0	0	1
110417	0	0	1
110525	0	0	1
110576	0	1	0
110587	0	0	1
110603	0	1	0
110612	0	1	0
110618	0	1	0
110619	0	1	0
110621	0	1	0
110626	0	1	0
110629	0	1	0
110631	0	1	0
110632	0	1	0
110633	0	1	0
110639	0	1	0
110640	0	1	0
110641	0	1	0
110642	0	1	0
110643	0	1	0
110655	0	1	0
110656	0	1	0
110659	0	2	0
110667	0	1	1
110668	0	1	0
110673	0	1	0
110685	0	1	0
110694	0	1	1
110701	0	1	0
110706	0	2	0
110707	0	1	0
110709	0	1	0
110713	0	1	0
110719	0	1	0
110721	0	0	1
110722	0	1	0
110723	0	1	0
110745	0	0	1
110747	0	1	0
110771	0	1	0
110806	0	0	1
110814	0	0	1
110815	0	0	1
110832	0	0	1
110855	0	0	1
110896	0	0	1
110907	0	0	1
110984	0	0	1
110986	0	0	1
111084	0	0	1
111105	0	0	1
111111	0	0	1
111119	0	0	1
111163	0	0	1
111193	1	0	0
111264	0	0	1
111463	1	0	0
111466	1	0	0
111474	1	0	0
111537	1	0	0
111629	0	0	1
111685	0	0	1
111714	0	1	0
112027	1	0	0
112036	0	0	1
112061	0	0	1
112431	0	0	1
112463	0	0	1
112534	0	0	1
112539	0	0	1
112545	0	0	1
112853	1	0	0
112892	0	0	1
112918	0	0	1
112987	0	0	1
113568	1	0	0
113689	0	0	1
113788	0	0	1
113842	0	0	1
113856	0	0	1
113942	0	0	1
114356	0	0	1
114538	0	0	1
114627	0	0	1
114638	0	0	1
114659	0	0	1
114782	0	0	1
114816	0	0	1
114818	0	0	1
115053	0	0	1
115197	0	0	1
115229	0	0	1
115323	0	0	1
115429	0	0	1
115640	0	0	1
115893	0	1	0
116413	0	0	1
116804	0	0	1
118017	0	0	1
118283	0	0	1
118374	0	0	1
118386	0	0	1
118561	0	0	1
118885	0	0	1
118902	1	0	0
119362	0	1	0
119478	0	0	1
119577	0	0	1
120147	0	0	1
120791	0	0	1
121734	0	0	1
122143	0	1	0
122514	0	1	0
122611	0	0	1
122950	1	0	0
123060	0	0	1
123842	0	0	1
123905	0	0	1
124143	0	1	0
124913	0	1	0
125147	0	0	1
125225	0	1	0
126009	0	0	1
126043	0	1	0
126164	0	0	1
126542	0	0	1
126884	0	0	1
127063	0	1	0
127455	0	0	1
127802	0	1	0
128204	1	0	0
128289	0	0	1
128734	0	0	1
128736	0	0	1
128737	0	0	1
128738	0	0	1
128740	0	0	1
128745	0	0	1
128796	0	0	1
128864	1	0	0
128871	1	0	0
128963	1	0	0
128964	2	0	0
128965	3	0	0
128967	1	0	0
128968	4	0	0
128970	1	0	0
128979	1	0	0
128988	1	0	0
128989	3	0	0
129025	2	0	0
129224	0	1	0
129273	0	0	1
129365	0	1	0
131399	1	0	0
131427	0	0	1
131517	0	0	1
132000	1	0	0
132092	1	0	0
132169	0	0	1
132362	1	0	0
132557	1	0	0
132874	1	0	0
134271	0	0	1
134391	1	0	0
134392	1	0	0
134425	0	2	0
134427	0	1	0
134673	0	2	0
134818	0	1	0
134852	0	1	0
135178	0	0	1
135202	0	0	1
135237	0	1	0
135299	0	0	1
135737	2	0	0
135863	0	0	1
136315	0	0	1
136320	1	0	0
136402	0	1	0
136411	0	1	0
136471	0	1	0
136543	0	0	1
136632	0	1	0
136751	0	0	1
138434	1	0	0
138523	0	1	0
138940	0	1	0
140292	0	1	0
140380	0	1	0
140715	0	1	0
140763	0	0	1
140877	0	0	1
141427	0	0	1
141898	1	0	0
142649	1	0	0
142966	0	1	0
143225	0	1	0
143609	1	0	0
143966	0	1	0
144299	0	0	1
144475	0	1	0
144643	0	0	1
145576	1	0	0
145865	0	0	1
146459	0	0	1
146504	0	1	0
146663	1	0	0
146743	0	1	0
146979	0	1	0
147353	0	0	1
147733	1	0	0
149506	0	0	1
149664	0	0	1
149700	0	0	1
149917	0	0	1
150353	0	1	0
150934	0	0	1
151205	0	0	1
151948	0	0	1
152136	0	1	0
152148	0	0	1
152181	0	0	1
152501	0	0	1
152778	1	0	0
153513	1	0	0
154204	0	0	1
154510	1	0	0
154562	1	0	0
154593	0	0	1
155052	0	0	1
155696	1	0	0
155929	0	0	1
155941	0	0	1
155963	0	0	1
156184	0	0	1
156339	0	0	1
156457	0	0	1
156948	0	0	1
156982	0	1	0
157016	1	0	0
157154	0	1	0
157343	0	0	1
157347	1	0	0
157414	0	1	0
158058	1	0	0
158321	0	0	1
158337	0	0	1
158345	0	0	1
158409	1	0	0
158472	0	1	0
158643	0	0	1
158772	0	1	0
158904	0	0	1
160957	0	0	1
161276	0	0	1
161375	0	0	1
161603	1	0	0
162230	0	0	1
162565	0	0	1
162568	0	0	1
162707	0	1	0
162769	0	0	1
162781	0	0	1
162835	0	0	1
162924	0	0	1
163098	1	0	0
163126	0	1	0
163141	0	0	1
163574	0	1	0
163579	0	0	1
163586	0	1	0
163782	0	0	1
163854	0	0	1
164436	0	0	1
164761	1	0	0
165984	0	1	0
166596	0	1	0
167540	0	0	1
167632	0	0	1
167813	0	1	0
168622	0	0	1
168914	0	0	1
169744	0	0	1
169775	0	0	1
170406	0	0	1
170481	0	0	1
170600	0	0	1
170685	1	0	0
170715	1	0	0
170966	0	0	1
171227	0	0	1
171300	0	0	1
171654	0	0	1
172057	0	0	1
172121	0	0	1
172135	1	0	0
172279	0	0	1
172309	0	0	1
172461	0	0	1
172915	0	0	1
172954	0	0	1
172971	0	0	1
173088	0	0	1
173139	0	0	1
173230	0	0	1
173299	0	0	1
173422	0	1	0
173603	0	0	1
173715	0	0	1
173856	0	1	0
174083	0	0	1
174184	0	0	1
174257	0	0	1
174258	0	0	1
174353	0	0	1
174367	0	0	1
174419	0	0	1
174424	0	0	1
174529	0	0	1
174532	0	0	1
174688	0	0	1
174765	0	0	1
174784	0	0	1
174802	0	0	1
174824	0	0	1
174879	0	0	1
174947	0	0	1
174970	0	0	1
175325	0	0	1
175345	0	0	1
175436	0	0	1
175759	0	0	1
175763	0	0	1
175791	0	0	1
175796	0	0	1
175815	0	0	1
175848	0	0	1
175869	0	0	1
175891	0	0	1
175902	0	0	1
175904	0	0	1
175913	0	0	1
175918	0	0	1
175938	0	0	1
175949	0	0	1
176077	0	0	2
176119	0	0	1
176125	0	0	1
176132	0	0	1
176144	0	0	1
176206	0	0	1
176307	0	0	1
176442	0	0	1
176525	0	0	1
176529	0	0	1
176576	0	0	1
176587	0	0	1
176627	0	0	1
176714	0	0	1
176770	0	0	1
176829	0	0	1
176943	0	1	0
177196	0	0	1
177280	1	0	0
177425	0	0	1
177426	0	0	1
177504	0	0	1
177523	0	0	1
177537	0	0	1
177558	1	0	0
177673	0	0	1
177689	0	0	1
177699	0	0	2
177740	0	0	1
178043	0	1	0
178044	0	1	0
178046	1	0	0
178115	0	0	1
178162	0	0	1
178180	0	0	1
178191	0	0	1
178224	0	0	1
178301	0	0	1
178313	0	0	1
178460	0	0	1
178526	0	0	1
178714	0	0	1
178744	1	0	0
178811	0	0	1
179244	0	0	1
179257	0	0	1
179293	0	0	1
179304	1	0	0
179340	0	0	1
179441	0	0	1
179667	0	0	1
179680	0	0	1
179741	0	0	1
179821	0	0	1
179955	0	0	1
180041	0	0	1
180058	0	0	1
180084	0	0	1
180114	0	0	1
180200	0	0	1
180358	0	0	2
180366	0	0	2
180369	0	0	1
180389	0	0	1
180392	0	0	1
180400	0	0	1
180408	0	0	1
180424	0	0	1
180426	0	0	1
180434	0	0	1
180436	0	0	1
180507	0	0	1
180761	0	0	1
180851	0	0	1
181219	0	0	1
182217	0	1	0
182970	0	0	1
183261	0	1	0
183399	1	0	0
183567	0	0	1
183578	0	0	1
183636	0	0	1
183655	0	0	1
184182	0	0	1
184335	0	0	1
184663	1	0	0
184667	1	0	0
184708	1	0	0
184871	0	0	1
185139	0	0	1
185167	0	0	1
185171	0	0	1
185185	1	0	0
185224	0	0	1
185374	0	0	1
185721	0	0	1
185885	1	0	0
185915	0	0	1
186091	0	1	0
186101	0	0	1
186401	0	1	0
186613	0	1	0
186877	0	1	0
187017	0	0	1
187086	0	0	1
187120	0	0	1
187150	0	0	1
187177	0	0	1
187262	0	0	1
187264	0	0	1
187292	0	0	1
187410	0	0	1
187513	0	0	1
187515	0	0	1
187534	0	0	1
187545	0	0	1
187562	0	0	1
187627	1	0	0
187632	0	0	1
187714	0	1	0
187776	0	0	1
187844	0	0	1
187987	0	0	1
188279	0	0	1
188345	0	0	1
188356	0	0	1
188360	0	0	1
188421	0	1	0
188626	1	0	0
189412	0	0	1
189871	0	0	1
189966	0	0	1
190104	0	1	0
190645	1	0	0
190683	0	0	1
191055	0	0	1
191551	0	1	0
191612	0	1	0
191832	1	0	0
191835	1	0	0
192032	0	1	0
192238	1	0	0
192260	1	0	0
192261	1	0	0
192294	1	0	0
192306	0	0	1
192667	0	1	0
192690	1	0	0
192712	0	1	0
193170	0	0	1
193525	0	0	1
193847	0	1	0
194266	0	0	1
194463	1	0	0
195231	1	0	0
196277	1	0	0
196680	0	0	1
197164	0	0	1
197206	0	1	0
197456	1	0	0
198324	0	0	1
198667	0	0	1
198947	0	1	0
199687	0	1	0
199820	0	0	1
201259	1	0	0
201621	0	0	1
202864	0	1	0
203363	0	0	1
203613	0	1	0
203892	1	0	0
204235	0	0	1
204252	0	0	1
204453	0	1	0
204490	0	0	1
204669	1	0	0
205137	1	0	0
205286	1	0	0
206185	0	1	0
206516	0	0	1
206570	1	0	0
206613	0	0	1
206661	0	0	1
207833	0	1	0
208738	0	0	1
209261	0	0	1
209331	0	1	0
209608	0	1	0
209616	0	0	1
209678	1	0	0
209872	1	0	0
210046	1	0	0
210715	0	1	0
211729	1	0	0
211777	0	1	0
212809	0	0	1
212871	0	0	1
213000	0	0	1
213026	0	0	1
213070	0	1	0
213201	0	0	1
213206	0	0	1
213259	0	0	1
213307	0	0	1
213320	0	0	1
213350	0	0	1
213357	0	0	1
213366	0	0	1
213457	0	0	1
213527	0	0	1
213528	0	0	1
213565	0	0	1
213638	0	0	1
213698	0	0	1
213746	0	0	1
214388	0	0	1
214552	0	0	1
214836	0	0	1
214839	0	0	1
214873	0	0	1
214874	0	0	1
215115	0	0	1
215321	0	0	1
215323	0	0	1
215507	0	0	1
215518	0	0	1
215571	0	0	1
215651	0	0	1
215734	0	0	1
215741	0	0	1
215750	0	0	1
215772	0	0	1
215774	0	0	1
215775	0	0	1
215777	0	0	1
215811	0	0	1
215830	0	0	1
215845	0	0	1
215862	0	0	1
215865	0	0	1
215874	0	0	1
215899	0	0	1
215912	0	0	1
215946	0	1	0
215999	0	0	1
216027	0	0	1
216030	0	1	0
216033	0	0	1
216039	0	0	1
216048	0	0	1
216059	0	0	1
216069	1	0	0
216184	1	0	0
216229	0	0	1
216260	0	0	1
216402	0	0	1
216407	0	0	1
216441	0	0	1
216709	0	0	1
216754	0	0	1
216779	0	1	0
216787	0	0	1
216789	0	0	1
216834	0	0	1
216856	1	0	0
216936	0	0	1
216980	0	0	1
216982	0	0	1
217053	0	0	1
217058	0	0	1
217123	0	0	1
217219	0	0	1
217333	1	0	0
217552	0	0	1
217645	0	0	1
217647	0	0	1
217694	0	0	1
217754	0	1	0
217783	0	0	1
217848	0	0	1
218067	0	0	1
218076	0	0	1
218269	0	0	1
218396	0	1	0
218536	0	0	1
218547	0	0	1
218695	1	0	0
218922	0	0	1
218984	0	0	1
219065	0	0	1
219224	0	0	1
219432	1	0	0
219692	0	0	1
220153	1	0	0
220368	0	0	1
220425	0	0	1
220453	0	0	1
220642	0	0	1
220709	0	0	1
220751	0	0	1
220820	0	0	1
220930	0	0	1
220940	0	0	1
220969	0	0	1
221516	1	0	0
221763	0	0	1
221847	0	0	1
221917	0	0	1
221988	0	0	1
222153	0	1	0
222207	0	0	1
222217	0	0	1
222314	0	0	1
222353	0	0	1
222464	0	0	1
222470	0	0	1
222529	0	0	1
222562	0	0	1
222596	0	0	1
222623	0	0	1
222771	0	0	1
222808	0	0	1
222979	0	0	1
223111	0	1	0
223113	0	0	1
223188	0	0	1
223422	0	0	1
223504	0	0	1
223557	0	0	1
223565	0	0	1
223593	0	1	0
223612	0	0	1
223720	0	0	1
223815	0	0	1
223841	0	0	1
223852	0	0	1
223869	0	0	1
223891	0	0	1
224094	1	0	0
224099	1	0	0
224116	1	0	0
224125	1	0	0
224130	1	0	0
224135	2	0	0
224137	1	0	0
224140	1	0	0
224145	2	0	0
224146	1	0	0
224147	1	0	0
224152	1	0	0
224155	1	0	0
224159	1	0	0
224163	2	0	0
224168	1	0	0
224169	2	0	0
224177	1	0	0
224179	1	0	0
224180	1	0	0
224181	1	0	0
224198	1	0	0
224273	0	0	1
224354	0	0	1
224491	0	0	1
224657	0	1	0
224677	0	0	1
224681	0	1	0
224744	0	1	0
225284	0	1	0
225434	1	0	0
225803	0	0	1
225925	0	0	1
225992	0	1	0
226085	0	0	1
226908	0	1	0
227003	0	0	1
227037	0	1	0
227065	0	0	1
227106	1	0	0
227533	0	1	0
227704	0	1	0
228476	1	0	0
228569	1	0	0
228662	1	0	0
229920	0	0	1
230374	0	0	1
230386	0	0	1
230392	0	0	1
231849	0	0	1
232591	0	1	0
232673	0	0	1
232685	0	0	1
232983	1	0	0
233012	1	0	0
233070	1	0	0
233187	0	1	0
233792	0	1	0
234685	1	0	0
234726	0	1	0
234965	1	0	0
235202	0	0	1
235377	0	0	1
235955	1	0	0
236392	0	1	0
236537	1	0	0
236586	1	0	0
236878	0	1	0
237161	0	1	0
237388	0	0	1
237631	1	0	0
237679	0	1	0
238087	0	1	0
238197	0	0	1
238344	1	0	0
238441	0	0	1
238978	0	0	1
239277	1	0	0
239420	0	0	1
240475	0	0	1
240621	0	1	0
241565	1	0	0
242178	0	0	1
242613	0	0	1
242975	0	1	0
243126	0	0	1
243148	1	0	0
243158	0	0	1
243580	0	0	1
243772	0	1	0
244158	0	0	1
244435	1	0	0
244814	1	0	0
244949	0	0	2
245133	0	0	1
245158	0	0	1
245188	0	0	1
245212	1	0	0
245422	0	0	1
245436	1	0	0
245461	0	0	1
246245	0	0	1
246911	0	0	1
247017	1	0	0
247184	0	0	1
247368	0	0	1
247532	0	0	1
247786	0	0	1
248173	0	0	1
248237	0	1	0
248295	0	1	0
249080	0	0	1
249396	0	1	0
249708	0	0	1
249979	0	0	1
250195	1	0	0
250398	1	0	0
250575	0	0	1
250645	1	0	0
250946	1	0	0
251818	0	0	1
252024	1	0	0
252505	0	1	0
253079	0	0	1
253933	0	0	1
254006	0	1	0
254135	0	1	0
254585	0	1	0
254617	0	1	0
254802	0	1	0
254848	0	0	1
254866	0	1	0
254965	0	0	1
255736	1	0	0
255802	0	0	1
256102	1	0	0
256124	1	0	0
256246	0	1	0
256312	1	0	0
256630	0	1	0
257751	1	0	0
257806	1	0	0
258087	0	1	0
258628	0	1	0
258716	0	1	0
258726	1	0	0
258835	1	0	0
258928	0	0	1
258929	1	0	0
259008	1	0	0
259057	1	0	0
259126	0	0	1
259184	1	0	0
259343	1	0	0
259418	0	1	0
259504	1	0	0
259973	1	0	0
259980	0	1	0
260211	0	1	0
260267	0	1	0
260315	0	1	0
260639	0	0	1
260665	0	1	0
260724	0	0	1
260735	0	0	1
260775	0	0	1
260831	0	0	1
261122	1	0	0
261240	1	0	0
261247	1	0	0
261499	1	0	0
261717	0	0	1
262070	0	1	0
262255	1	0	0
262303	2	0	0
262388	1	0	0
262447	1	0	0
262850	1	0	0
263159	1	0	0
263163	0	0	1
263683	0	0	1
263833	0	0	1
263869	0	0	1
264211	0	0	1
264455	0	0	1
264485	0	0	1
264546	0	0	1
264593	0	0	1
264652	1	0	0
264725	0	0	1
264812	0	0	1
265050	0	0	1
265124	0	0	1
265143	0	0	1
265192	0	1	0
265344	0	0	1
265572	1	0	0
265941	0	1	0
266151	0	0	1
266582	0	0	1
266739	1	0	0
266770	1	0	0
266860	1	0	0
266912	0	0	1
267103	0	1	0
267229	0	0	1
267232	0	0	1
267371	0	0	1
267486	0	0	1
267709	0	0	1
267803	1	0	0
268034	0	0	1
268054	0	1	0
268674	1	0	0
269169	0	0	1
269251	0	0	1
269256	0	0	1
269360	0	0	1
269468	0	0	1
269647	0	0	1
270016	1	0	0
270215	0	1	0
270724	0	0	1
270847	0	1	0
270869	0	0	1
271031	0	1	0
271104	0	0	1
271252	0	0	1
271373	1	0	0
272297	0	0	1
272331	0	0	1
272825	0	0	1
273112	0	0	1
273151	0	1	0
274048	1	0	0
274799	0	0	1
274814	1	0	0
275226	0	0	1
275412	0	0	1
275739	0	1	0
275834	1	0	0
276320	0	0	1
276336	0	1	0
276410	1	0	0
276657	0	0	1
276668	0	0	1
276760	1	0	0
276770	0	0	1
276884	0	0	1
276950	0	0	1
277028	1	0	0
277483	0	0	1
277781	0	0	1
279118	0	1	0
279647	0	0	1
279900	0	0	1
280339	0	1	0
280549	0	0	1
281020	1	0	0
281213	0	0	1
281415	0	0	1
281476	0	0	1
281709	0	0	1
281785	0	0	1
282130	0	0	1
282242	0	0	1
282614	0	0	1
282959	0	0	1
282979	0	0	1
283024	0	0	1
283095	0	0	1
283141	1	0	0
283151	0	0	1
283180	0	0	1
283376	0	0	1
283380	0	0	1
283568	0	0	1
284347	0	0	1
284349	0	0	1
284395	0	0	1
284599	0	0	1
284635	0	1	0
284766	0	0	1
284792	0	0	1
284846	0	0	1
285165	0	0	1
285197	0	0	1
285236	0	0	1
285745	0	0	1
285784	0	1	0
285987	0	0	1
286190	0	0	1
286231	0	0	1
287089	0	0	1
287128	1	0	0
287387	0	0	1
287391	0	0	1
287429	1	0	0
287517	0	1	0
287650	0	0	1
287923	1	0	0
287932	0	0	1
288136	0	0	1
288199	0	0	1
288684	0	1	0
288924	0	0	1
288996	0	0	1
289819	0	1	0
289852	0	1	0
289882	0	1	0
289885	0	1	0
290280	0	1	0
290950	1	0	0
291189	1	0	0
291243	1	0	0
291441	1	0	0
294863	1	0	0
295636	0	1	0
295716	1	0	0
295732	1	0	0
295995	0	1	0
295996	0	1	0
296411	1	0	0
296971	0	1	0
297212	1	0	0
297299	1	2	0
297366	0	1	0
297757	0	0	1
298794	1	0	0
300320	0	0	1
300814	0	0	2
301158	1	0	0
301323	0	0	1
301353	0	0	1
301460	0	1	0
301567	0	1	0
301794	0	0	1
302339	1	0	0
302508	0	1	0
302556	0	0	1
302597	0	0	1
302845	1	0	0
302968	0	0	1
303173	0	1	0
303227	0	0	1
303487	0	0	1
303581	0	0	1
303586	0	0	1
303603	0	0	1
303611	0	0	1
303627	0	0	1
304242	0	0	1
304355	0	0	1
304545	1	0	0
306549	0	1	0
306910	1	0	0
308085	1	0	0
308584	0	0	1
309146	1	0	0
309164	1	0	0
310003	1	0	0
310340	0	1	0
310494	1	0	0
311150	0	1	0
312482	0	0	1
313847	0	0	1
315139	0	1	0
317421	0	1	0
317597	0	0	1
318484	0	1	0
319141	0	0	1
319347	0	1	0
320069	0	1	0
320407	0	1	0
320447	0	0	1
320551	0	1	0
320570	0	0	1
320832	1	0	0
320970	0	0	1
321003	0	0	1
321287	0	1	0
323422	0	0	1
323440	0	0	1
323587	0	0	1
323600	0	0	1
323692	0	0	1
323835	0	0	1
324035	0	0	1
324057	0	0	1
324111	0	0	1
324256	0	0	1
324282	0	0	1
324330	0	0	1
324615	0	0	1
325408	0	0	1
325556	0	0	1
325934	0	0	1
325977	0	0	1
326010	0	0	1
326103	0	0	1
326125	0	0	1
326137	0	0	1
326529	0	0	1
326549	0	0	1
326648	1	0	0
326947	0	0	1
327078	0	0	1
327196	1	0	0
327668	0	0	1
327831	0	0	1
327902	0	0	1
328164	0	0	1
328970	0	1	0
329252	0	1	0
329388	0	0	1
329414	0	0	1
329740	0	0	1
329744	0	0	1
329774	0	0	1
329842	0	0	1
329890	0	0	1
329996	0	0	1
330009	0	1	0
330034	0	0	1
330050	0	0	1
330051	0	0	1
330203	0	0	1
330292	0	0	1
330374	0	0	1
330423	0	0	1
330753	0	1	0
331349	0	0	1
332142	0	1	0
332381	0	0	1
332738	0	0	1
332741	0	0	1
332812	0	0	1
333032	1	0	0
333132	1	0	0
333411	0	0	1
333540	0	0	1
333961	0	1	0
334019	0	1	0
334213	0	1	0
334324	0	1	0
334325	0	1	0
334781	0	1	0
334841	0	1	0
335361	1	0	0
336452	0	0	1
336684	0	1	0
336693	0	0	1
337234	0	0	1
338869	1	0	0
339050	1	0	0
340305	0	1	0
340507	0	0	1
340581	0	1	0
340700	0	1	0
340715	0	1	0
340988	0	1	0
340992	0	1	0
341008	0	1	0
341114	0	0	1
341239	0	1	0
341456	1	0	0
341745	1	0	0
341763	0	0	1
341905	1	0	0
341936	1	0	0
342900	0	0	1
343789	0	0	1
344125	0	0	1
344276	0	0	1
345521	0	0	1
346527	1	0	0
346909	0	0	1
346963	0	0	1
347542	0	0	1
348139	0	1	0
348796	1	0	0
349214	1	0	0
349447	0	1	0
350160	1	0	0
350782	0	0	1
351819	0	1	0
351859	0	0	1
352152	0	0	1
352762	0	0	1
353067	0	0	1
353509	0	1	0
354021	0	1	0
354034	0	1	0
354672	0	0	1
354716	1	0	0
354764	1	0	0
355389	0	0	1
355400	0	0	1
355908	0	0	1
356178	0	1	0
356987	1	0	0
357022	1	0	0
357076	0	1	0
357136	0	1	0
357137	0	1	0
357139	0	1	0
357147	1	0	0
357150	0	1	0
357152	0	1	0
357153	0	2	0
357170	0	1	0
357296	0	1	0
357316	0	1	0
358219	0	1	0
358237	0	1	0
358333	0	1	0
358730	1	0	0
360576	1	0	0
360867	1	0	0
360980	0	1	0
361010	0	1	0
361959	0	0	1
362054	0	1	0
362847	0	0	1
362857	0	0	1
362966	1	0	0
363266	0	0	1
363821	1	0	0
364003	0	0	1
364017	0	1	0
364025	0	1	0
364287	1	0	0
364430	0	1	0
365135	1	0	0
365406	0	1	0
367038	1	0	0
368135	0	0	1
368556	0	0	1
368720	0	0	1
369034	0	0	1
370027	1	0	0
370392	0	0	1
370767	0	0	1
370874	0	0	1
371667	0	1	0
372086	0	0	1
372318	0	1	0
372812	0	1	0
372937	0	0	1
372962	0	0	1
373206	1	0	0
374086	0	0	1
374565	0	0	1
374755	0	1	0
374794	0	0	1
374898	0	0	1
374930	0	0	1
375028	0	0	1
375369	0	1	0
375473	0	0	1
376259	0	0	1
376816	0	0	1
376862	1	0	0
376947	0	0	1
378638	0	0	1
379486	0	0	1
379880	0	0	1
381424	1	0	0
381986	0	0	1
382723	0	1	0
385194	0	0	1
387584	0	0	1
389223	0	1	0
389598	0	0	1
390616	0	0	1
391714	0	0	1
391717	0	0	1
391843	1	0	0
392696	0	0	1
393635	1	0	0
395193	0	0	1
395302	0	1	0
395730	0	1	0
395863	1	0	0
396568	0	0	1
396863	1	0	0
397094	0	0	1
397253	0	0	1
397388	0	0	1
397775	0	1	0
397968	1	0	0
398211	0	0	1
398231	1	0	0
398803	1	0	0
399030	1	0	0
399425	1	0	0
400010	0	0	1
400749	0	1	0
400926	1	0	0
402653	1	0	0
402654	0	0	1
402685	0	0	1
403159	0	0	1
403233	0	1	0
403576	0	1	0
403845	0	0	1
403899	1	0	0
403997	0	0	1
404331	0	1	0
405062	0	0	1
405263	1	0	0
405817	0	0	1
406729	1	0	0
407684	0	0	1
408231	0	1	0
408643	1	0	0
409042	0	0	1
413154	1	0	0
413160	0	1	0
414081	1	0	0
415608	0	0	1
416745	0	0	1
416925	0	0	1
417134	0	0	1
417429	0	0	3
417989	0	0	1
418552	0	0	1
420286	0	0	1
420452	0	1	0
420486	0	0	1
421055	0	0	1
421217	1	0	0
421415	1	0	0
422469	0	0	1
423122	1	0	0
423150	0	0	1
424031	0	0	1
424370	0	0	1
424377	0	1	0
424846	0	0	1
424880	0	0	1
425070	0	0	1
425099	1	0	0
425403	0	1	0
425725	0	0	1
426213	0	0	1
426626	1	0	0
427570	1	0	0
427657	0	0	1
428140	0	1	0
428771	0	0	1
430712	0	0	1
430842	0	0	1
430857	0	0	1
430878	0	0	1
431411	0	1	0
431544	1	0	0
431591	0	1	0
432163	1	0	0
432481	0	1	1
432651	0	0	1
432777	0	0	1
432786	0	0	1
432800	0	0	1
432857	0	0	1
432859	0	0	1
433277	0	1	0
433297	0	0	1
433342	0	0	1
433466	0	0	1
433698	0	0	1
433823	0	0	1
433854	0	0	1
433912	0	0	1
434173	0	0	1
434210	0	0	1
434250	0	0	1
434253	0	0	1
434266	0	0	1
434284	0	0	1
434312	0	0	1
434481	1	0	0
434501	0	0	1
434511	0	0	1
434827	0	0	1
434832	0	0	1
435316	1	0	0
435813	1	0	0
436184	0	0	1
436407	0	0	1
436937	1	0	0
437510	0	0	1
437527	1	0	0
438224	0	0	1
439934	0	0	1
440002	0	0	1
441578	1	0	0
441771	0	0	1
441816	0	1	0
441886	0	1	0
443093	0	1	0
443268	0	0	1
443761	0	1	0
443784	0	1	0
443981	0	1	0
444658	0	0	1
444669	0	1	0
445072	1	0	0
445694	0	0	1
446166	1	0	0
446266	0	0	1
446480	0	0	1
446482	0	0	1
446484	0	0	1
446500	0	0	1
446503	0	0	1
446506	0	0	1
446807	0	0	1
447177	0	0	1
447391	0	0	1
447607	0	1	0
447951	1	0	0
447999	0	0	1
448123	0	0	1
448553	0	0	1
448565	0	0	1
448742	0	0	1
449583	0	0	1
449690	0	0	1
449722	0	0	1
450086	0	0	1
450688	0	0	1
450695	0	0	1
450696	0	0	1
450743	0	0	1
450744	0	0	1
450750	0	0	1
450838	0	0	1
451162	0	0	1
451181	0	0	1
451309	0	0	1
451323	0	0	1
451355	0	0	1
451453	0	0	1
451460	0	0	1
451464	0	0	1
451584	0	0	1
451597	0	0	1
451623	0	0	1
451626	0	0	1
451628	0	0	1
451654	0	0	2
451718	0	0	1
451735	0	0	1
451739	0	0	1
451762	0	0	1
451843	0	0	1
452008	0	0	1
452030	0	0	1
452037	0	0	1
452039	0	0	1
452492	0	0	1
452535	1	0	0
452760	0	0	1
453921	0	1	0
454249	0	0	1
454353	0	0	1
454558	0	0	1
454590	0	0	1
454594	0	0	1
454605	0	0	1
454620	0	0	1
454621	0	0	1
454630	0	0	1
454645	0	0	1
454654	0	0	2
454673	0	0	1
454683	0	0	1
454694	0	0	1
454725	0	0	1
455097	0	1	0
455731	0	1	0
457152	1	0	0
459472	0	0	1
459688	0	0	1
461591	0	0	1
462043	0	1	0
463624	1	0	0
464095	0	0	1
464467	1	0	0
464853	0	1	0
464907	0	1	0
465000	0	1	0
465641	0	0	1
465804	0	0	1
467074	0	0	1
467194	1	0	0
467489	0	0	1
467538	0	0	1
467810	1	0	0
467941	0	0	1
468162	0	1	0
468703	1	0	0
469256	1	0	0
469396	1	0	0
469721	0	0	1
470223	0	0	1
470850	1	0	0
471134	0	0	1
471135	0	0	1
471255	0	0	1
471934	0	0	1
472078	0	0	1
472869	0	1	0
472891	0	1	0
473008	1	0	0
473592	1	0	0
473632	1	0	0
473670	1	0	0
473751	1	0	0
474264	1	0	0
475177	0	1	0
475179	1	0	0
475650	0	0	1
475711	1	0	0
475837	1	0	0
476246	0	1	0
476282	1	0	0
476283	0	1	0
476319	0	1	0
476511	0	1	0
476542	0	1	0
476544	0	1	0
476578	0	1	0
476858	0	1	0
476881	0	0	1
476905	0	1	0
476928	0	1	0
476938	0	0	1
476942	0	1	0
476944	0	1	0
477001	0	0	1
477093	0	1	0
477256	0	0	1
477258	0	0	1
477312	1	0	0
477318	1	0	0
477332	1	0	0
477343	1	0	0
477348	1	0	0
477472	0	0	1
477644	1	0	0
477654	1	0	0
477675	1	0	0
477681	1	0	0
478018	0	0	1
478082	0	1	0
478847	0	1	0
479087	0	1	0
479246	0	1	0
479777	0	1	0
479936	1	0	0
480926	0	0	1
480992	1	0	0
481005	0	0	1
482096	0	0	1
483903	0	0	1
484101	0	0	1
484543	1	0	0
484850	0	1	0
485687	0	1	0
490987	1	0	0
495110	1	0	0
495257	0	0	1
495710	0	0	1
495910	1	0	0
496141	0	0	1
497289	0	0	1
500885	0	1	0
503114	0	0	1
503458	0	0	1
503680	0	0	1
507641	0	0	1
508822	0	0	1
509447	0	0	1
509771	0	0	1
512106	0	0	1
512628	0	1	0
512904	0	0	1
513992	0	0	1
514679	1	0	0
515127	1	0	0
517872	0	1	0
521388	0	0	1
521800	1	0	0
524783	0	0	1
525355	0	0	1
526123	0	0	1
527095	0	0	1
528147	0	0	1
528838	1	0	0
528840	0	1	0
530142	0	0	1
531062	0	1	0
531154	1	0	0
531507	1	0	0
532273	1	0	0
532533	0	0	1
533430	0	0	1
533512	1	0	0
534043	1	0	0
534811	1	0	0
535265	0	0	1
536160	0	1	0
536929	0	0	1
537561	1	0	0
537669	0	0	1
537921	1	0	0
539059	0	0	1
539537	0	0	1
540511	0	1	0
541988	0	0	1
542621	0	0	1
542968	0	1	0
543879	0	1	0
544795	0	0	1
546737	0	1	0
547739	0	0	1
549682	0	1	0
551896	0	0	1
553166	0	0	1
555003	0	0	1
556297	0	0	1
556444	0	0	1
556462	0	0	1
556466	0	0	1
556470	0	0	1
556492	0	0	1
556506	0	0	2
556509	0	0	1
556514	0	0	1
556558	0	0	1
556573	0	0	1
556605	0	0	1
556698	0	0	1
556713	0	0	1
556714	0	0	1
556733	0	0	1
557484	0	0	1
557587	0	0	1
557870	0	0	1
558493	0	0	1
559421	0	1	0
559436	0	1	0
559555	0	0	1
559785	0	0	1
559968	0	0	1
560042	0	0	1
560788	0	0	1
561006	0	0	1
561590	0	0	1
561650	0	0	1
562151	0	0	1
562206	0	0	1
562229	0	0	1
562393	0	0	1
562570	1	0	0
562697	0	0	1
562725	0	0	1
562909	0	0	1
563007	0	1	0
563190	0	0	1
563199	1	0	0
563428	0	0	1
563521	0	0	1
563735	0	1	0
563775	0	0	1
564767	0	0	1
564890	0	0	1
564906	0	0	1
564930	0	0	1
564931	0	0	1
564943	0	0	1
565148	0	0	1
565501	0	0	1
565580	0	0	1
565889	0	0	1
566163	0	0	1
566283	0	0	1
566752	1	0	0
566846	1	0	0
569907	0	0	1
570634	0	0	1
570771	0	0	1
571035	0	1	0
572041	0	0	1
573842	0	0	1
573857	0	0	1
575300	0	0	1
575904	0	0	1
577737	0	0	1
579986	0	0	1
581775	0	0	1
582288	0	0	1
582973	0	0	1
583115	0	0	1
583404	0	1	0
584253	0	1	0
585251	0	0	1
586034	1	0	0
586223	0	0	1
586370	0	0	1
586387	0	0	1
586433	0	0	1
586439	0	0	1
586442	0	0	1
586474	0	0	1
586503	0	0	1
586529	0	0	1
588338	0	0	1
589309	0	1	0
592233	0	1	0
593043	0	0	1
593157	1	0	0
593865	0	0	1
594262	1	0	0
595503	0	0	1
596946	0	0	1
597319	0	0	1
597397	0	0	1
598223	0	0	1
599959	1	0	0
602293	0	1	0
603506	0	0	1
603694	0	0	1
605337	0	0	1
607180	1	0	0
608302	0	0	1
608802	1	0	0
609084	0	0	1
610664	0	0	1
611211	0	0	1
613619	1	0	0
615301	0	0	1
615323	0	1	0
615732	1	0	0
615931	0	0	1
616106	0	1	0
616574	1	0	0
618733	0	0	1
619781	0	1	0
623934	0	0	1
625882	0	1	0
627814	1	0	0
629508	0	1	0
630410	0	0	1
630939	1	0	0
632720	1	0	0
633010	0	0	1
633701	0	1	0
638075	0	0	1
639977	1	0	0
649176	0	1	0
656892	0	0	1
657271	0	0	1
659247	0	0	1
659615	0	0	1
660944	0	0	1
664048	0	1	0
665032	0	0	1
665356	0	0	1
667750	0	1	0
670751	0	0	2
671780	1	0	0
673842	1	0	0
675193	0	1	0
675785	0	0	1
680314	0	0	1
688064	0	1	0
690365	0	0	1
690624	1	0	0
693197	0	1	0
696881	0	0	1
697229	0	1	0
697426	0	0	1
697977	0	0	1
698003	0	0	1
698004	0	0	1
698011	0	0	1
708857	1	0	0
710567	1	0	0
712343	0	0	1
714945	0	0	1
715651	0	1	0
717315	0	1	0
718002	0	0	1
719963	0	1	0
723207	1	0	0
732507	0	1	0
732971	0	1	0
735211	1	0	0
735370	1	0	0
735592	1	0	0
738643	0	0	1
739672	0	0	1
740375	0	0	1
740856	1	0	0
741926	0	0	1
742726	0	0	1
742735	1	0	0
742781	0	0	1
742832	0	0	1
743079	0	1	0
743265	0	0	1
744218	0	0	1
744654	0	0	1
745363	0	0	1
745740	0	0	1
746397	0	0	1
746964	0	0	1
747274	0	1	0
747346	1	0	0
747419	0	0	1
747546	0	0	1
747658	0	0	1
747668	0	0	1
748713	0	0	1
749599	0	0	1
749617	0	0	1
749655	0	0	1
749661	0	0	1
749673	0	0	1
749696	0	0	1
749749	1	0	0
750249	0	0	1
750274	0	0	1
750429	0	0	1
750437	0	0	1
750574	0	0	1
751033	0	0	1
751043	0	0	1
751164	0	0	1
751548	0	0	1
751593	0	0	1
751618	0	0	1
751631	0	0	1
751663	0	0	1
751682	0	0	1
751770	0	0	1
751949	1	0	0
752011	0	0	1
752247	0	0	1
752283	0	0	1
752315	0	0	1
752599	0	0	1
753220	0	0	1
753258	0	0	1
753265	0	0	1
754430	0	0	1
754748	0	0	1
760451	0	0	1
760888	1	0	0
760906	1	0	0
760908	1	0	0
760910	1	0	0
760926	1	0	0
760927	1	0	0
760936	1	0	0
760942	1	0	0
760947	1	0	0
760967	1	0	0
760974	1	0	0
760979	1	0	0
760994	1	0	0
761005	1	0	0
761026	1	0	0
761176	1	0	0
764419	0	1	0
764828	0	0	1
768654	0	0	1
771451	0	0	1
772713	0	0	1
775823	0	0	1
775865	0	1	0
776001	0	0	1
778303	0	0	1
779637	1	0	0
786047	1	0	0
786878	0	1	0
787031	0	1	0
787261	0	2	0
787424	0	2	0
787441	0	1	0
787622	0	1	0
787653	0	0	1
787726	0	1	0
787754	0	1	0
787765	0	1	0
787766	0	1	0
787774	0	1	0
787781	0	1	0
787797	0	1	0
787830	0	1	0
787867	0	2	0
788058	1	0	0
788117	1	0	0
788132	1	0	0
788142	1	0	0
788147	1	0	0
788148	1	0	0
788165	1	0	0
788198	1	0	0
788199	1	0	0
788216	0	0	1
788245	1	0	0
788253	1	0	0
788465	1	0	0
788471	1	0	0
788498	1	0	0
788500	1	0	0
788539	1	0	0
788648	1	0	0
788915	0	0	1
788936	1	0	0
789208	0	0	1
790427	0	0	1
790508	0	0	1
790576	0	0	1
790919	0	0	1
791315	0	0	1
792228	0	1	0
792330	0	1	0
792388	0	0	1
792518	0	0	1
792925	0	0	1
793084	0	0	1
793166	0	0	1
793442	0	0	1
793446	0	0	1
793505	0	1	0
794001	0	0	1
795200	0	1	0
795353	0	0	1
795812	0	0	1
795932	1	0	0
796002	0	0	1
796036	0	0	1
796042	0	0	1
797072	0	0	1
797079	0	1	0
797160	0	0	1
797175	0	0	1
797223	1	0	0
797333	0	0	1
797345	0	0	1
797413	0	0	1
797759	0	0	1
797855	0	0	1
797920	0	0	1
798036	0	0	1
798122	0	0	1
798276	0	0	1
798284	0	0	1
798322	0	0	1
798336	0	0	1
798344	0	0	1
798420	0	0	1
798434	0	0	1
798445	0	0	1
798470	0	0	1
798707	0	0	1
798852	0	0	1
798863	0	0	1
799192	0	0	1
799294	0	0	1
801073	0	1	0
801453	1	0	0
803027	0	0	1
804428	0	0	1
811375	0	1	0
811523	0	1	0
812342	0	0	1
818128	1	0	0
818919	0	0	1
825628	0	0	1
826131	0	0	1
829231	0	1	0
831197	1	0	0
831569	0	0	1
832102	1	0	0
833807	0	1	0
834094	0	1	0
834981	1	0	0
837960	0	0	1
840090	0	0	1
842107	1	0	0
844793	1	0	0
846735	0	0	1
847496	0	0	1
853120	1	0	0
853637	1	0	0
856563	0	0	1
859063	0	0	1
860354	0	1	0
861236	0	0	1
861263	0	0	1
867980	0	1	0
868962	0	0	1
870322	1	0	0
883000	0	1	0
892571	0	1	0
901991	0	1	0
903683	0	0	1
908818	0	0	1
910169	0	1	0
922259	0	0	1
928365	0	0	1
932442	0	0	1
936658	0	0	1
938617	1	0	0
940293	0	0	1
942990	1	0	0
944394	0	0	1
945182	0	0	1
945451	0	0	1
946476	0	0	1
946877	1	0	0
955472	1	0	0
957925	0	0	1
966075	1	0	0
968895	0	0	1
975865	0	0	1
987643	0	1	0
999417	0	0	1
1002101	0	0	1
1019366	0	1	0
1037033	0	0	1
1046617	0	0	1
1048402	0	0	1
1053649	0	0	1
1059684	0	0	1
1061509	0	0	1
1061766	0	0	1
1061814	0	0	1
1062526	0	0	1
1062715	0	0	1
1062963	0	0	1
1063565	1	0	0
1064217	0	0	1
1067498	0	0	1
1067780	0	0	1
1069103	1	0	0
1104818	0	1	0
1118183	0	0	1
1146882	1	0	0
1166892	0	0	1
1180086	1	0	0
1185539	0	1	0
1189603	0	0	1
1227231	1	0	0
1239129	0	0	1
1258152	0	0	1
1319488	1	0	0
1324256	0	0	1
1363952	0	1	0

