## htsjdk.samtools.metrics.StringHeader
# CollectInsertSizeMetrics --Histogram_FILE /u/home/s/samdemar/project-guillom/upf1_rrp6/7_INSERT_HISTOGRAMS/WT_2_YPD_1.fq.gz_hist.pdf --DEVIATIONS 1.0E7 --MINIMUM_PCT 0.0 --INPUT /u/home/s/samdemar/project-guillom/upf1_rrp6/4_REMOVE_PCR/WT_2_YPD_1.fq.gz.bam --OUTPUT /u/home/s/samdemar/project-guillom/upf1_rrp6/7_INSERT_HISTOGRAMS/WT_2_YPD_1.fq.gz_output.txt --METRIC_ACCUMULATION_LEVEL ALL_READS --INCLUDE_DUPLICATES false --ASSUME_SORTED true --STOP_AFTER 0 --VERBOSITY INFO --QUIET false --VALIDATION_STRINGENCY STRICT --COMPRESSION_LEVEL 5 --MAX_RECORDS_IN_RAM 500000 --CREATE_INDEX false --CREATE_MD5_FILE false --GA4GH_CLIENT_SECRETS client_secrets.json --help false --version false --showHidden false --USE_JDK_DEFLATER false --USE_JDK_INFLATER false
## htsjdk.samtools.metrics.StringHeader
# Started on: Mon Nov 15 17:07:07 PST 2021

## METRICS CLASS	picard.analysis.InsertSizeMetrics
MEDIAN_INSERT_SIZE	MODE_INSERT_SIZE	MEDIAN_ABSOLUTE_DEVIATION	MIN_INSERT_SIZE	MAX_INSERT_SIZE	MEAN_INSERT_SIZE	STANDARD_DEVIATION	READ_PAIRS	PAIR_ORIENTATION	WIDTH_OF_10_PERCENT	WIDTH_OF_20_PERCENT	WIDTH_OF_30_PERCENT	WIDTH_OF_40_PERCENT	WIDTH_OF_50_PERCENT	WIDTH_OF_60_PERCENT	WIDTH_OF_70_PERCENT	WIDTH_OF_80_PERCENT	WIDTH_OF_90_PERCENT	WIDTH_OF_95_PERCENT	WIDTH_OF_99_PERCENT	SAMPLE	LIBRARY	READ_GROUP
252	247	39	2	1180004	270.290256	2244.700662	17143323	FR	15	31	45	61	79	99	123	155	207	259	485			
231	55662	210	2	1163777	47150.309747	124116.308037	3519	RF	133	245	327	385	421	457	3931	110863	220763	598109	1370059			
175	116	67	3	1405202	61782.222906	163192.229343	7963	TANDEM	27	51	77	105	135	171	225	15935	445811	867657	1588949			

## HISTOGRAM	java.lang.Integer
insert_size	All_Reads.fr_count	All_Reads.rf_count	All_Reads.tandem_count
2	20	17	0
3	18	21	2
4	15	18	2
5	26	26	1
6	23	19	1
7	24	15	2
8	17	15	1
9	28	10	1
10	19	11	0
11	20	12	0
12	22	17	1
13	22	12	1
14	18	18	0
15	29	27	0
16	25	19	2
17	26	20	2
18	32	20	1
19	248	27	1
20	80	21	1
21	80	13	4
22	970	24	1
23	74	27	4
24	80	23	4
25	105	12	4
26	169	20	9
27	84	19	8
28	353	24	3
29	76	16	8
30	650	17	7
31	58	21	8
32	608	21	4
33	158	18	7
34	81	11	9
35	577	18	12
36	115	13	6
37	74	15	7
38	70	17	5
39	125	14	11
40	94	12	5
41	108	13	7
42	560	17	8
43	182	16	8
44	129	14	14
45	180	17	10
46	186	15	9
47	192	10	11
48	200	14	10
49	226	15	14
50	197	10	13
51	2908	13	9
52	295	11	16
53	183	7	12
54	989	8	10
55	290	10	10
56	264	9	10
57	233	8	8
58	813	4	16
59	263	10	10
60	269	8	12
61	318	7	10
62	334	10	15
63	443	10	17
64	403	9	13
65	450	7	17
66	484	7	11
67	464	8	13
68	442	9	16
69	388	6	22
70	522	7	21
71	538	12	12
72	606	8	16
73	707	5	14
74	734	8	23
75	956	3	18
76	795	8	19
77	856	15	19
78	885	10	25
79	973	6	28
80	1103	6	17
81	1215	8	24
82	1252	4	19
83	1191	7	33
84	1180	10	28
85	1577	5	44
86	1629	2	33
87	1645	3	21
88	1809	3	27
89	1846	7	27
90	1948	7	27
91	2097	7	28
92	2146	6	23
93	2233	8	34
94	2378	4	33
95	3241	9	25
96	2715	8	32
97	2786	5	32
98	3009	6	34
99	3107	7	23
100	3297	6	24
101	3420	10	42
102	3660	4	41
103	3791	4	28
104	3908	12	36
105	4089	6	35
106	4422	12	34
107	4990	7	24
108	4927	5	35
109	5029	5	37
110	5325	8	36
111	5562	5	36
112	5747	6	28
113	6040	7	27
114	6303	5	42
115	6674	6	45
116	6635	6	51
117	6958	4	35
118	7500	12	25
119	7860	5	39
120	8048	6	45
121	8531	7	49
122	8605	7	32
123	8974	4	45
124	9112	8	36
125	9257	6	32
126	9881	5	34
127	10400	9	33
128	10765	2	29
129	11255	3	34
130	11770	5	36
131	11800	1	26
132	12598	4	34
133	12790	3	43
134	13216	2	39
135	13716	4	41
136	14374	2	38
137	14395	3	42
138	15017	2	43
139	15884	4	44
140	16276	1	35
141	16877	6	36
142	17830	5	36
143	18054	2	34
144	18499	0	29
145	19129	4	37
146	19958	4	35
147	20546	3	36
148	21232	5	33
149	21782	4	41
150	22570	4	47
151	23314	3	40
152	23918	3	41
153	24533	4	35
154	25354	2	29
155	26306	4	37
156	26747	8	44
157	27599	8	36
158	28763	14	35
159	29612	1	30
160	30292	5	45
161	31548	6	33
162	32005	1	39
163	33383	4	34
164	33914	3	46
165	34987	3	35
166	35970	3	38
167	37100	3	36
168	37665	3	28
169	38693	2	31
170	40232	2	36
171	41054	2	24
172	42087	3	33
173	43554	3	31
174	44813	3	32
175	46178	7	33
176	47149	7	23
177	48251	3	22
178	49453	1	35
179	50651	2	25
180	51724	5	40
181	53057	5	26
182	54222	1	26
183	55279	5	39
184	57270	3	29
185	57903	0	30
186	58869	3	37
187	60825	3	27
188	61862	3	35
189	63358	2	24
190	64868	3	22
191	66404	4	26
192	67821	1	31
193	69580	7	34
194	70537	4	37
195	71205	1	32
196	73320	4	27
197	75013	4	24
198	75939	6	28
199	77729	5	25
200	78539	2	26
201	80287	6	20
202	82245	1	34
203	83324	6	25
204	85193	3	35
205	86009	4	23
206	87318	6	23
207	88362	6	22
208	90082	6	23
209	92571	3	22
210	92155	6	21
211	94504	8	16
212	95840	4	21
213	96820	0	26
214	98211	4	33
215	99006	1	13
216	100682	6	22
217	102333	3	23
218	103675	5	26
219	104172	4	15
220	105186	4	13
221	107294	4	25
222	106995	3	20
223	109105	1	15
224	110201	0	22
225	109976	2	16
226	110935	0	19
227	112368	3	18
228	113421	1	14
229	114514	3	21
230	114872	1	14
231	114868	6	14
232	115968	5	21
233	116817	0	18
234	117015	2	11
235	118182	5	21
236	118785	1	8
237	117880	2	17
238	119160	3	16
239	118977	2	16
240	119448	2	13
241	119965	3	9
242	119906	1	11
243	119809	0	12
244	120762	1	6
245	121104	1	15
246	120672	5	12
247	121643	1	16
248	121122	3	11
249	120729	2	13
250	120846	1	11
251	120091	3	12
252	119420	2	19
253	119623	1	6
254	119317	3	17
255	117945	1	12
256	117625	3	16
257	117918	3	10
258	116445	2	10
259	117411	1	5
260	115900	6	13
261	114929	0	9
262	114436	4	7
263	114307	0	11
264	112892	1	11
265	112590	4	8
266	112118	1	15
267	111043	0	8
268	110799	2	10
269	109490	5	9
270	108290	1	8
271	107924	2	11
272	107312	3	9
273	105684	2	8
274	104657	0	2
275	104563	4	10
276	102575	2	5
277	102126	1	6
278	101364	4	3
279	99748	0	10
280	99385	2	6
281	98920	1	8
282	97444	1	5
283	96010	4	5
284	94963	0	5
285	93499	3	11
286	93092	2	8
287	91781	1	6
288	89843	1	5
289	89337	1	5
290	87987	0	4
291	86365	1	5
292	85330	2	7
293	84033	0	8
294	82220	2	7
295	81768	2	6
296	80986	2	5
297	79710	1	3
298	78278	0	5
299	77311	1	5
300	75865	3	8
301	74561	1	1
302	73137	1	9
303	71448	0	6
304	71083	2	2
305	69417	0	2
306	68262	0	2
307	67280	2	5
308	66496	1	3
309	65142	4	4
310	64269	2	3
311	62825	2	3
312	61484	2	4
313	60714	1	3
314	59347	3	1
315	57860	2	6
316	57326	0	0
317	56588	1	1
318	55272	2	1
319	54080	3	4
320	53468	2	3
321	52200	2	1
322	51198	4	5
323	49980	1	5
324	48599	1	1
325	47996	1	2
326	47217	2	3
327	46262	1	1
328	45196	3	2
329	44168	1	3
330	43279	2	4
331	42622	4	5
332	41278	1	2
333	40176	0	3
334	39807	2	2
335	38847	1	5
336	37691	2	4
337	37755	1	2
338	36609	2	0
339	35265	4	2
340	34902	5	2
341	33998	0	2
342	32851	2	4
343	32464	3	5
344	31625	1	1
345	30800	2	5
346	30416	1	1
347	29547	0	2
348	28795	0	1
349	28266	1	1
350	27554	4	1
351	27037	0	1
352	26228	1	1
353	25715	2	1
354	24987	2	3
355	24647	1	3
356	24204	4	0
357	23285	1	0
358	22874	0	3
359	22360	4	3
360	21601	0	2
361	21163	3	4
362	20378	1	0
363	20115	2	0
364	19558	1	1
365	19059	2	3
366	18525	1	0
367	18140	9	3
368	17786	1	0
369	17104	3	0
370	16726	2	1
371	16478	0	1
372	15806	2	2
373	15766	3	0
374	15186	6	2
375	14829	1	1
376	14803	2	0
377	14018	1	1
378	13710	0	2
379	13573	2	1
380	13300	0	3
381	12766	3	0
382	12531	2	0
383	12357	0	1
384	11821	0	0
385	11589	2	0
386	11167	0	1
387	11115	1	0
388	10633	3	1
389	10253	2	0
390	10167	0	1
391	9983	1	0
392	9695	3	1
393	8975	1	0
394	9244	0	0
395	8832	0	1
396	8630	3	0
397	8668	1	0
398	8248	1	1
399	8181	2	0
400	7905	1	0
401	7699	2	1
402	7609	1	1
403	7317	1	0
404	7250	0	0
405	6927	1	2
406	6930	0	0
407	6754	0	0
408	6662	1	0
409	6330	0	0
410	6119	1	1
411	6064	1	0
412	5779	1	0
413	5810	1	1
414	5491	2	0
415	5370	0	1
416	5287	0	0
417	5278	1	0
418	5056	4	0
419	4994	0	0
420	4755	1	0
421	4707	1	0
422	4682	1	0
423	4239	5	1
424	4425	1	0
425	4278	2	0
426	4203	1	1
427	4129	2	1
428	3963	0	0
429	3852	0	0
430	3793	1	0
431	3664	5	0
432	3582	1	0
433	3402	3	1
434	3358	1	1
435	3425	0	0
436	3280	0	0
437	3238	7	0
438	3146	1	0
439	3097	0	0
440	2963	3	1
441	2793	2	0
442	2785	0	1
443	2912	1	1
444	2731	3	0
445	2698	1	1
446	2563	1	0
447	2457	0	0
448	2445	2	0
449	2532	1	1
450	2348	1	0
451	2318	0	0
452	2258	4	0
453	2223	0	1
454	2267	2	0
455	2175	0	0
456	2122	2	1
457	2136	0	1
458	2097	2	0
459	1916	0	1
460	1954	0	0
461	1928	0	0
462	1754	0	1
463	1802	2	0
464	1839	1	0
465	1790	0	0
466	1707	0	0
467	1673	0	0
468	1678	0	0
469	1602	1	0
470	1622	1	1
471	1540	0	0
472	1450	1	1
473	1499	2	0
474	1439	2	2
475	1445	1	1
476	1421	1	0
477	1401	1	0
478	1395	1	0
479	1340	3	0
480	1386	0	1
481	1338	3	0
482	1260	0	0
483	1243	1	0
484	1171	1	1
485	1192	1	0
486	1145	0	0
487	1151	1	0
488	1122	2	1
489	1125	1	1
490	1208	3	1
491	1083	0	0
492	1068	0	1
493	1021	2	0
494	1060	0	0
495	1022	2	0
496	1013	1	1
497	1104	0	0
498	1031	0	0
499	999	1	1
500	922	2	0
501	1059	2	0
502	889	1	0
503	849	1	0
504	828	1	0
505	812	2	0
506	798	1	0
507	823	0	0
508	753	2	0
509	811	0	1
510	749	2	0
511	806	2	0
512	759	0	0
513	721	0	0
514	807	1	0
515	764	1	1
516	754	0	0
517	771	3	0
518	746	1	0
519	719	0	0
520	686	0	0
521	714	0	0
522	696	2	0
523	745	1	0
524	735	0	0
525	710	1	0
526	680	2	0
527	699	1	1
528	664	3	0
529	669	1	0
530	639	0	0
531	605	1	0
532	621	0	0
533	656	0	0
534	617	0	0
535	673	0	1
536	650	2	0
537	601	1	1
538	599	1	0
539	615	1	0
540	647	2	0
541	627	1	0
542	684	0	1
543	640	2	1
544	674	1	0
545	608	0	1
546	595	2	0
547	595	0	1
548	584	0	0
549	590	1	0
550	597	0	2
551	596	2	1
552	561	0	0
553	572	0	1
554	548	2	0
555	609	0	0
556	551	2	0
557	581	0	0
558	568	0	1
559	621	0	1
560	560	0	0
561	591	0	0
562	572	1	0
563	545	0	2
564	582	1	0
565	564	1	0
566	558	0	1
567	521	2	0
568	585	0	0
569	555	0	0
570	560	1	0
571	572	1	0
572	574	1	0
573	555	0	0
574	560	0	0
575	574	0	0
576	543	0	0
577	568	1	0
578	602	0	0
579	568	1	0
580	569	0	0
581	571	0	0
582	576	1	1
583	603	1	0
584	574	0	1
585	574	0	0
586	556	0	1
587	542	0	0
588	518	0	0
589	562	1	0
590	593	0	0
591	531	1	0
592	572	0	0
593	574	1	0
594	576	1	0
595	577	1	0
596	598	0	0
597	552	0	0
598	549	1	1
599	563	0	0
600	534	0	2
601	565	0	1
602	539	0	0
603	563	1	0
604	514	0	0
605	605	0	0
606	591	0	0
607	569	0	0
608	615	0	2
609	604	0	0
610	591	1	0
611	569	1	0
612	607	1	0
613	571	0	0
614	542	1	0
615	564	1	0
616	544	0	0
617	586	2	1
618	566	1	1
619	584	0	1
620	568	1	2
621	586	1	0
622	569	0	1
623	566	1	0
624	537	1	1
625	577	0	1
626	527	0	1
627	541	0	0
628	587	1	1
629	533	0	0
630	569	0	0
631	599	0	0
632	614	1	0
633	517	1	1
634	570	0	0
635	533	1	0
636	509	2	1
637	563	1	0
638	542	0	0
639	490	0	1
640	541	2	1
641	529	0	0
642	497	0	0
643	492	0	0
644	473	0	0
645	482	0	0
646	506	3	0
647	504	0	0
648	507	1	0
649	502	0	0
650	475	0	1
651	527	0	1
652	519	1	0
653	494	1	2
654	478	2	1
655	488	0	1
656	519	1	0
657	512	0	0
658	473	0	0
659	485	0	0
660	497	0	1
661	468	1	2
662	497	0	1
663	459	0	0
664	447	2	0
665	430	1	0
666	482	0	1
667	512	2	0
668	462	1	0
669	479	3	0
670	461	0	0
671	432	0	0
672	456	0	0
673	457	1	0
674	442	2	0
675	437	1	0
676	442	1	0
677	432	0	0
678	417	0	0
679	443	0	0
680	437	1	0
681	382	0	0
682	439	0	0
683	459	0	0
684	410	0	0
685	432	2	0
686	404	0	0
687	396	0	0
688	398	2	0
689	414	1	0
690	456	0	0
691	417	1	0
692	437	0	0
693	429	1	0
694	412	0	0
695	405	0	0
696	398	0	0
697	370	1	0
698	401	2	0
699	390	0	0
700	385	1	0
701	370	0	1
702	391	0	0
703	351	0	0
704	360	0	0
705	367	1	0
706	366	0	0
707	381	0	1
708	346	0	0
709	354	0	0
710	365	1	0
711	330	1	0
712	356	0	0
713	352	1	0
714	356	0	0
715	354	0	0
716	333	0	0
717	359	1	0
718	343	0	0
719	358	0	0
720	370	0	0
721	361	1	0
722	374	0	0
723	360	0	0
724	323	0	0
725	344	0	0
726	329	1	0
727	348	0	0
728	379	1	0
729	330	0	0
730	319	1	0
731	312	0	0
732	324	0	0
733	315	0	0
734	294	0	0
735	312	0	0
736	320	0	0
737	344	1	0
738	315	0	0
739	356	0	0
740	318	0	0
741	345	0	0
742	342	1	0
743	376	1	0
744	342	0	0
745	333	0	0
746	324	1	0
747	323	0	0
748	314	1	0
749	312	0	0
750	319	1	0
751	321	1	0
752	307	0	0
753	279	2	0
754	318	1	0
755	302	0	0
756	312	0	0
757	303	1	0
758	239	0	0
759	267	0	0
760	272	1	0
761	267	0	0
762	270	1	0
763	255	0	0
764	277	0	0
765	269	0	0
766	233	0	0
767	243	2	0
768	244	0	0
769	250	0	0
770	230	2	0
771	217	0	0
772	215	1	0
773	241	0	0
774	249	1	0
775	214	0	0
776	255	1	0
777	266	1	0
778	243	1	0
779	240	1	0
780	254	1	1
781	209	0	0
782	198	0	0
783	235	1	0
784	214	1	0
785	217	1	0
786	225	0	0
787	209	0	1
788	185	2	0
789	193	0	0
790	182	0	0
791	199	0	0
792	181	0	0
793	172	0	0
794	162	1	0
795	168	0	0
796	147	0	0
797	208	0	0
798	187	1	0
799	170	0	0
800	166	1	0
801	170	0	0
802	154	0	0
803	137	1	0
804	136	0	0
805	149	0	0
806	148	0	0
807	134	0	0
808	149	0	0
809	127	1	0
810	132	2	0
811	119	0	0
812	145	0	0
813	117	1	0
814	119	1	0
815	110	0	0
816	146	1	0
817	140	0	0
818	136	0	0
819	108	0	0
820	131	0	1
821	130	0	0
822	145	1	0
823	131	0	0
824	110	1	0
825	114	0	0
826	105	0	0
827	107	0	0
828	90	0	0
829	90	0	0
830	115	2	0
831	112	1	0
832	98	0	0
833	99	0	0
834	93	0	0
835	112	0	0
836	93	0	0
837	104	1	0
838	114	0	0
839	111	1	0
840	94	1	0
841	84	1	0
842	88	3	1
843	104	0	0
844	92	0	0
845	84	0	0
846	88	0	0
847	91	0	0
848	92	0	0
849	82	0	0
850	90	2	0
851	88	0	0
852	116	1	0
853	84	1	0
854	80	0	0
855	102	1	0
856	61	0	0
857	98	0	0
858	85	0	0
859	90	0	0
860	79	1	0
861	66	0	0
862	76	1	0
863	73	0	0
864	66	0	0
865	83	1	0
866	71	0	0
867	73	1	0
868	83	0	0
869	60	1	0
870	65	0	0
871	69	0	0
872	69	1	0
873	75	0	0
874	75	0	0
875	72	0	0
876	64	0	0
877	68	0	0
878	65	0	0
879	58	0	0
880	65	0	0
881	65	2	0
882	58	0	0
883	53	1	0
884	45	0	0
885	47	0	0
886	44	0	1
887	54	0	0
888	55	0	0
889	43	0	0
890	57	0	0
891	54	0	0
892	47	1	0
893	50	0	0
894	50	0	0
895	54	0	0
896	60	0	0
897	55	0	0
898	45	0	0
899	53	0	0
900	46	2	0
901	43	0	0
902	58	0	0
903	56	0	0
904	46	0	0
905	46	0	0
906	37	0	0
907	45	0	0
908	37	1	0
909	43	0	0
910	41	0	0
911	32	0	0
912	37	1	0
913	48	0	0
914	35	0	0
915	49	0	0
916	48	0	0
917	41	1	0
918	35	1	0
919	41	1	0
920	49	0	0
921	39	2	0
922	47	0	0
923	43	0	0
924	39	0	0
925	43	1	0
926	45	0	0
927	32	0	0
928	38	0	0
929	39	1	0
930	43	0	0
931	41	0	0
932	47	0	0
933	41	0	0
934	40	0	0
935	36	0	1
936	36	0	0
937	32	0	0
938	37	0	0
939	31	0	0
940	36	1	0
941	20	0	0
942	23	0	0
943	28	1	0
944	25	0	0
945	34	0	0
946	29	0	0
947	23	0	0
948	26	0	0
949	28	0	0
950	31	1	0
951	25	0	0
952	27	0	0
953	25	1	0
954	25	1	0
955	31	0	0
956	17	1	0
957	25	0	0
958	36	1	0
959	31	0	0
960	27	0	0
961	16	0	0
962	21	0	0
963	27	0	0
964	22	0	0
965	27	0	0
966	20	1	0
967	25	0	0
968	28	0	0
969	29	0	0
970	20	0	0
971	20	0	0
972	25	0	0
973	21	0	0
974	21	0	0
975	19	0	0
976	14	0	0
977	19	0	0
978	22	0	0
979	18	1	0
980	21	0	0
981	22	0	1
982	25	0	0
983	20	0	0
984	20	0	0
985	14	0	0
986	19	1	0
987	13	0	0
988	20	0	0
989	18	0	0
990	15	0	0
991	8	0	0
992	19	0	0
993	24	0	0
994	12	0	0
995	12	0	0
996	18	0	0
997	11	0	0
998	21	0	0
999	21	0	0
1000	20	0	0
1001	25	0	0
1002	19	0	0
1003	22	0	0
1004	16	1	0
1005	12	0	0
1006	14	0	0
1007	23	0	0
1008	17	1	0
1009	19	0	0
1010	18	0	0
1011	23	0	0
1012	13	0	0
1013	17	3	0
1014	14	0	0
1015	12	0	0
1016	12	0	0
1017	10	0	0
1018	18	0	0
1019	11	0	0
1020	9	0	0
1021	16	0	0
1022	15	0	0
1023	19	0	0
1024	20	0	0
1025	11	0	0
1026	19	0	0
1027	20	0	0
1028	13	0	0
1029	10	0	0
1030	20	0	0
1031	10	0	0
1032	6	0	0
1033	14	0	0
1034	9	0	0
1035	15	0	0
1036	7	1	0
1037	11	0	0
1038	13	1	0
1039	17	0	0
1040	20	0	0
1041	15	0	0
1042	9	0	0
1043	18	0	0
1044	19	0	0
1045	11	0	0
1046	13	1	0
1047	14	0	0
1048	16	1	0
1049	17	0	0
1050	21	0	0
1051	16	0	0
1052	15	1	1
1053	10	0	0
1054	14	1	0
1055	8	0	0
1056	11	0	0
1057	11	0	0
1058	14	1	0
1059	7	0	0
1060	16	0	0
1061	22	0	0
1062	17	0	0
1063	14	0	0
1064	13	0	0
1065	15	0	0
1066	11	0	0
1067	12	1	0
1068	18	0	0
1069	17	0	0
1070	9	0	0
1071	8	0	0
1072	9	0	0
1073	16	0	0
1074	9	2	0
1075	9	0	0
1076	15	0	0
1077	15	0	0
1078	13	0	0
1079	13	0	0
1080	11	0	0
1081	8	0	0
1082	13	0	0
1083	10	0	0
1084	16	0	0
1085	10	0	0
1086	8	0	0
1087	7	0	0
1088	13	0	0
1089	8	0	0
1090	10	0	0
1091	6	0	0
1092	13	1	0
1093	6	1	0
1094	9	0	0
1095	9	0	0
1096	9	0	0
1097	9	0	0
1098	7	0	0
1099	8	0	0
1100	8	0	0
1101	12	0	0
1102	7	0	0
1103	5	0	0
1104	4	1	0
1105	6	1	0
1106	10	0	0
1107	5	0	0
1108	9	0	0
1109	2	0	0
1110	7	0	0
1111	6	0	0
1112	6	2	0
1113	9	0	0
1114	6	0	0
1115	7	0	0
1116	7	0	0
1117	3	0	0
1118	6	0	0
1119	6	0	0
1120	5	0	0
1121	7	0	0
1122	5	0	0
1123	5	0	0
1124	9	0	0
1125	4	0	0
1126	7	0	0
1127	2	0	0
1128	3	0	0
1129	8	0	0
1130	6	0	0
1131	11	0	0
1132	3	0	0
1133	5	0	0
1134	4	0	0
1135	2	0	0
1136	3	0	0
1137	3	0	0
1139	8	0	0
1140	5	0	0
1141	1	0	0
1142	0	1	0
1143	7	1	0
1144	5	0	0
1145	3	0	0
1146	4	0	0
1147	7	0	0
1148	2	0	0
1149	6	0	0
1150	4	1	1
1151	4	1	0
1152	4	0	0
1153	4	0	0
1154	4	0	0
1155	5	0	0
1156	4	0	0
1157	4	1	0
1158	1	0	0
1159	1	0	0
1160	2	0	0
1161	1	0	0
1162	3	0	0
1163	3	0	0
1164	4	0	0
1165	3	0	0
1166	4	0	0
1167	2	0	0
1168	4	0	0
1169	6	0	1
1170	1	0	0
1171	4	0	0
1172	1	1	0
1173	3	0	0
1174	11	0	0
1175	5	0	0
1176	3	0	0
1177	5	0	0
1178	2	1	0
1179	4	0	0
1180	5	0	0
1181	2	0	0
1182	2	0	0
1183	3	0	0
1185	1	0	0
1186	3	0	0
1187	1	0	0
1188	1	0	0
1189	1	0	0
1190	5	0	0
1191	3	0	0
1192	3	1	0
1193	4	0	0
1194	5	0	0
1195	5	0	0
1196	6	0	0
1198	5	0	0
1199	2	0	0
1200	1	0	0
1201	4	0	0
1202	4	0	0
1203	2	0	0
1204	7	1	0
1205	1	0	0
1206	6	0	0
1207	3	0	0
1208	2	0	0
1209	3	1	0
1210	3	0	0
1211	4	0	0
1212	7	0	0
1213	2	0	0
1214	2	0	0
1215	4	0	0
1216	5	0	0
1217	4	0	0
1218	1	0	0
1219	3	0	0
1220	4	1	0
1221	8	0	0
1222	3	0	0
1223	5	0	0
1224	4	0	0
1225	7	0	0
1226	6	0	0
1227	2	0	0
1228	6	1	1
1229	3	0	0
1230	7	0	0
1231	3	0	0
1232	7	0	0
1233	7	0	0
1234	2	0	0
1235	4	0	0
1236	2	0	0
1237	4	0	0
1238	6	0	0
1239	11	0	0
1240	1	0	0
1241	3	0	0
1242	6	0	0
1243	4	0	0
1244	5	0	0
1245	6	0	0
1246	6	0	0
1247	7	0	0
1248	3	0	0
1249	6	0	0
1250	10	0	0
1251	6	0	0
1252	4	0	0
1253	4	0	0
1254	5	0	0
1255	5	0	0
1256	3	0	1
1257	3	0	0
1258	3	0	0
1259	5	2	0
1260	4	0	0
1261	4	0	0
1262	6	0	0
1263	7	0	0
1264	5	0	0
1265	3	0	0
1266	7	0	0
1267	7	0	0
1268	13	0	0
1269	8	0	0
1270	8	0	0
1271	10	0	0
1272	6	0	0
1273	10	0	0
1274	7	0	0
1275	13	0	0
1276	4	0	0
1277	6	0	0
1278	8	0	0
1279	6	0	0
1280	6	0	1
1281	8	0	0
1282	5	1	0
1283	14	1	0
1284	5	1	0
1285	6	0	0
1286	3	0	0
1287	7	0	0
1288	6	0	0
1289	6	0	0
1290	7	0	0
1291	10	0	0
1292	5	0	0
1293	6	0	0
1294	13	0	0
1295	9	0	0
1296	7	0	0
1297	5	0	0
1298	8	0	0
1299	7	0	0
1300	9	0	0
1301	3	0	0
1302	8	0	0
1303	6	0	0
1304	6	0	0
1305	10	0	0
1306	7	0	0
1307	6	0	0
1308	7	0	0
1309	5	0	0
1310	6	0	0
1311	3	0	0
1312	9	0	0
1313	8	0	0
1314	7	0	0
1315	4	0	0
1316	6	0	0
1317	7	0	0
1318	7	0	0
1319	7	0	0
1320	7	0	0
1321	8	0	0
1322	4	0	0
1323	6	0	0
1324	3	0	0
1325	6	0	0
1326	5	0	0
1327	6	0	0
1328	3	0	0
1329	5	0	1
1330	6	0	0
1331	4	0	0
1332	1	0	0
1333	5	0	0
1334	5	0	0
1335	6	0	0
1336	4	0	0
1337	6	0	0
1338	6	0	0
1339	5	0	0
1340	3	0	0
1341	3	0	0
1342	6	0	0
1343	4	0	0
1344	5	0	0
1345	5	0	0
1346	10	0	0
1347	5	0	0
1348	8	0	0
1349	7	0	0
1350	10	0	0
1351	6	0	0
1352	7	0	0
1353	6	0	0
1354	8	0	0
1355	11	0	0
1356	10	0	0
1357	11	0	0
1358	9	0	0
1359	10	0	0
1360	13	0	0
1361	10	0	0
1362	9	0	0
1363	10	0	0
1364	8	0	0
1365	12	0	0
1366	10	1	0
1367	11	0	0
1368	12	0	0
1369	13	0	0
1370	12	0	0
1371	13	0	0
1372	14	0	0
1373	15	0	0
1374	18	0	0
1375	14	0	0
1376	14	0	0
1377	17	0	0
1378	20	1	0
1379	16	0	0
1380	11	0	0
1381	15	0	0
1382	13	0	0
1383	16	0	0
1384	14	0	0
1385	14	0	0
1386	11	0	0
1387	10	0	0
1388	12	0	0
1389	12	0	0
1390	13	0	0
1391	19	0	0
1392	11	0	0
1393	20	0	0
1394	16	0	0
1395	16	0	0
1396	23	0	0
1397	24	0	0
1398	14	0	0
1399	18	0	0
1400	18	0	0
1401	10	0	0
1402	18	0	0
1403	14	0	0
1404	18	0	0
1405	20	0	0
1406	17	0	0
1407	16	0	0
1408	14	0	0
1409	16	0	0
1410	14	0	0
1411	15	0	0
1412	10	0	0
1413	11	0	0
1414	16	0	0
1415	15	0	0
1416	16	0	0
1417	16	0	0
1418	20	0	0
1419	23	0	0
1420	17	0	0
1421	15	0	0
1422	20	0	0
1423	22	1	0
1424	19	0	0
1425	22	0	0
1426	20	0	0
1427	18	0	0
1428	14	0	0
1429	21	1	0
1430	20	0	0
1431	19	0	0
1432	19	0	0
1433	16	0	0
1434	19	0	0
1435	23	0	0
1436	19	0	0
1437	20	0	0
1438	21	0	0
1439	22	0	0
1440	26	0	0
1441	21	0	0
1442	19	0	0
1443	26	0	0
1444	22	1	0
1445	24	0	0
1446	19	0	0
1447	23	0	0
1448	16	0	0
1449	22	0	0
1450	21	0	0
1451	17	0	0
1452	21	0	0
1453	23	0	1
1454	24	0	0
1455	24	0	0
1456	26	0	0
1457	26	0	0
1458	23	0	0
1459	24	0	0
1460	24	0	0
1461	22	0	0
1462	24	0	0
1463	22	0	0
1464	27	1	0
1465	25	0	0
1466	21	0	0
1467	19	0	0
1468	20	0	0
1469	24	0	0
1470	17	0	0
1471	19	0	0
1472	17	0	0
1473	15	0	0
1474	11	0	0
1475	14	0	0
1476	19	0	0
1477	20	0	0
1478	16	0	0
1479	17	0	0
1480	16	0	0
1481	16	0	0
1482	19	0	0
1483	21	0	0
1484	17	0	0
1485	9	0	0
1486	14	0	0
1487	14	0	0
1488	14	0	0
1489	12	1	0
1490	8	0	0
1491	11	0	0
1492	8	0	0
1493	14	0	0
1494	13	0	0
1495	13	0	0
1496	12	0	0
1497	13	0	0
1498	11	0	0
1499	12	0	0
1500	15	1	0
1501	8	0	0
1502	12	0	1
1503	11	0	0
1504	6	0	0
1505	9	0	0
1506	5	0	0
1507	7	0	0
1508	8	1	0
1509	10	0	0
1510	7	0	0
1511	12	0	0
1512	9	0	0
1513	7	0	0
1514	9	0	0
1515	14	1	0
1516	10	0	0
1517	12	0	0
1518	10	0	0
1519	11	0	0
1520	9	0	0
1521	10	0	0
1522	12	0	0
1523	6	0	0
1524	7	0	0
1525	8	0	0
1526	5	0	0
1527	10	0	0
1528	5	0	0
1529	5	0	0
1530	6	0	0
1531	6	0	0
1532	8	0	0
1533	9	0	1
1534	3	0	0
1535	8	0	0
1536	12	0	0
1537	8	0	0
1538	8	0	0
1539	4	0	0
1540	6	0	0
1541	6	0	0
1542	7	0	0
1543	6	0	0
1544	8	0	0
1545	6	0	0
1546	5	0	0
1547	5	0	0
1548	4	0	0
1549	3	0	0
1550	5	1	0
1551	6	0	0
1552	6	0	0
1553	9	0	0
1554	4	0	0
1555	6	0	0
1556	8	0	0
1557	9	0	0
1558	7	0	0
1559	7	0	0
1560	4	0	0
1561	4	0	0
1562	4	0	0
1563	7	0	1
1564	3	0	0
1565	2	0	0
1566	6	0	0
1567	5	0	0
1568	3	0	0
1569	6	0	0
1570	4	0	0
1571	6	0	0
1572	7	0	0
1573	6	0	0
1574	8	0	0
1575	6	0	0
1576	8	0	0
1577	8	1	0
1578	7	0	0
1579	8	0	0
1580	14	0	0
1581	4	0	0
1582	7	0	0
1584	7	0	0
1585	5	0	0
1586	7	0	0
1587	8	0	0
1588	5	0	0
1589	7	0	0
1590	8	0	0
1591	10	0	0
1592	3	0	0
1593	8	0	0
1594	6	0	0
1595	3	0	0
1596	6	0	0
1597	7	0	0
1598	7	0	0
1599	5	0	0
1600	3	0	0
1601	9	0	0
1602	6	0	0
1603	7	0	0
1604	6	0	0
1605	6	0	0
1606	6	0	0
1607	8	0	0
1608	7	1	0
1609	4	0	0
1610	3	0	0
1611	9	0	0
1612	5	0	0
1613	5	0	0
1614	2	0	0
1615	6	0	0
1616	8	0	0
1617	6	0	0
1618	3	0	0
1619	5	0	0
1620	3	1	0
1621	3	0	0
1622	6	0	0
1623	7	0	0
1624	3	0	0
1625	3	0	0
1626	9	0	0
1627	5	0	0
1628	4	0	0
1629	5	0	0
1630	9	0	0
1631	2	0	0
1632	7	0	0
1633	8	0	0
1634	5	0	0
1635	5	0	0
1636	6	0	0
1637	7	0	0
1638	10	0	0
1639	7	0	0
1640	3	0	0
1641	8	0	0
1642	3	0	0
1643	3	0	0
1644	4	0	0
1645	1	0	0
1646	4	0	0
1647	2	0	0
1648	4	0	0
1650	1	0	0
1651	4	0	0
1652	4	1	0
1653	7	0	0
1654	4	0	0
1655	6	0	0
1656	5	0	0
1657	7	0	0
1658	6	0	0
1659	6	0	0
1660	2	0	0
1661	5	0	0
1662	4	0	0
1663	4	0	0
1664	6	0	0
1665	3	0	0
1666	4	0	0
1667	3	0	0
1668	3	0	0
1669	1	0	0
1670	2	0	0
1671	2	0	0
1673	3	0	0
1674	3	0	0
1675	3	0	0
1677	1	0	0
1678	3	0	0
1679	1	0	0
1680	4	0	0
1681	5	0	0
1682	5	0	0
1683	3	0	0
1684	7	0	0
1685	3	0	0
1686	2	0	0
1687	1	0	0
1688	5	0	0
1689	3	0	0
1690	2	0	0
1691	4	0	0
1692	3	0	0
1693	1	0	0
1694	3	0	0
1695	4	0	0
1696	4	0	0
1697	4	0	0
1698	5	0	0
1699	11	0	0
1700	3	0	0
1701	4	0	0
1702	2	0	0
1703	2	0	0
1704	2	0	0
1705	1	0	0
1706	2	0	0
1707	2	1	0
1708	2	0	0
1710	1	0	0
1711	2	0	0
1712	5	0	0
1713	2	0	0
1714	4	0	0
1715	2	0	0
1716	2	0	0
1717	2	0	0
1718	3	0	0
1719	2	0	0
1720	1	0	0
1721	3	0	0
1723	1	0	0
1724	3	0	0
1725	3	0	0
1726	4	0	0
1727	3	0	0
1728	3	0	0
1729	4	0	0
1730	3	0	0
1731	3	0	0
1732	3	0	0
1733	4	0	0
1734	2	0	0
1735	3	0	0
1736	3	0	0
1737	6	0	0
1738	2	0	0
1739	2	0	0
1740	4	0	0
1741	3	0	0
1742	7	0	0
1743	3	0	0
1744	4	0	0
1745	4	0	0
1746	3	0	0
1747	3	0	0
1748	3	0	0
1749	3	0	0
1750	5	0	0
1751	1	0	0
1752	7	0	0
1753	5	1	0
1754	5	0	0
1755	5	0	0
1756	3	0	0
1757	5	0	0
1758	6	0	0
1759	6	0	0
1760	3	0	0
1761	6	0	0
1762	5	0	0
1763	3	0	0
1764	2	1	0
1765	3	0	0
1766	3	0	0
1767	7	0	0
1768	8	0	0
1769	6	0	0
1770	7	0	0
1771	8	0	0
1772	9	0	0
1773	8	0	0
1774	6	0	0
1775	7	0	0
1776	4	0	0
1777	5	0	0
1778	11	0	0
1779	10	0	0
1780	11	0	0
1781	7	0	0
1782	9	0	0
1783	4	0	0
1784	5	0	0
1785	7	0	0
1786	7	0	0
1787	9	0	0
1788	7	0	0
1789	7	0	0
1790	9	0	0
1791	9	0	0
1792	2	0	0
1793	12	0	0
1794	9	0	0
1795	9	1	0
1796	8	0	0
1797	13	0	0
1798	6	0	0
1799	11	0	0
1800	5	0	0
1801	4	0	0
1802	6	0	0
1803	4	0	0
1804	6	0	0
1805	7	0	0
1806	11	0	0
1807	7	1	0
1808	12	0	0
1809	10	0	0
1810	4	0	0
1811	9	0	0
1812	5	0	0
1813	9	0	0
1814	8	0	0
1815	4	0	0
1816	8	0	0
1817	4	0	0
1818	5	0	0
1819	3	0	0
1820	10	0	0
1821	2	0	0
1822	5	0	0
1823	5	0	0
1824	6	1	0
1825	7	0	0
1826	7	0	0
1827	6	0	0
1828	6	0	0
1829	5	0	0
1830	5	0	0
1831	3	0	0
1832	13	0	0
1833	6	0	0
1834	24	0	0
1835	10	0	0
1836	18	0	0
1837	20	0	0
1838	1	0	0
1839	2	0	0
1840	3	0	0
1841	2	0	0
1842	2	0	0
1843	4	0	0
1844	1	0	0
1845	4	0	0
1846	4	0	0
1847	7	0	0
1848	5	0	0
1849	3	0	0
1850	4	0	0
1852	2	0	0
1853	2	0	0
1854	13	0	0
1855	19	0	0
1856	23	0	0
1857	11	0	0
1858	21	0	0
1859	9	0	0
1860	2	0	0
1861	1	0	0
1863	2	0	0
1864	1	1	0
1865	3	0	0
1867	5	0	0
1868	3	0	0
1869	3	0	0
1870	1	0	0
1871	1	0	0
1872	4	0	0
1874	2	0	0
1875	3	0	0
1876	1	0	0
1877	1	0	0
1878	3	0	0
1879	1	0	0
1880	2	0	0
1881	1	0	0
1882	3	0	0
1883	2	0	0
1884	2	0	0
1885	2	0	0
1886	3	1	0
1887	2	0	0
1888	1	0	0
1889	2	0	0
1890	6	0	0
1891	2	0	0
1892	2	0	0
1893	3	0	0
1895	3	1	0
1897	2	0	0
1898	1	0	0
1899	1	0	0
1900	3	0	0
1901	1	0	0
1902	4	0	0
1903	1	0	0
1904	1	0	0
1905	1	0	0
1906	2	0	1
1907	3	0	0
1908	2	0	0
1909	2	0	0
1910	2	0	0
1911	2	0	0
1912	1	0	0
1913	2	0	0
1914	3	0	0
1915	3	0	0
1918	1	0	0
1919	2	0	0
1920	1	0	0
1922	1	1	0
1923	2	0	0
1924	2	0	0
1925	1	0	0
1926	1	0	0
1929	3	0	0
1933	0	1	0
1934	1	0	0
1935	1	0	0
1936	1	0	0
1938	2	0	0
1939	1	0	0
1940	2	0	0
1941	1	0	0
1942	2	0	0
1943	1	0	0
1944	1	0	0
1945	2	0	0
1946	1	0	0
1947	2	0	0
1948	2	0	0
1949	4	0	0
1950	3	0	0
1951	1	0	0
1952	28	0	0
1953	3	0	0
1955	1	0	0
1956	1	0	0
1957	1	0	0
1958	1	0	0
1959	2	0	0
1960	1	0	0
1965	1	0	0
1966	1	0	0
1969	1	0	0
1970	2	0	0
1972	1	0	0
1973	1	0	0
1974	1	0	0
1975	1	0	0
1976	2	1	0
1978	1	0	0
1980	1	0	0
1984	1	0	0
1985	1	0	0
1986	0	0	1
1988	1	0	0
1989	1	0	0
1990	1	0	0
1994	1	0	0
2000	2	0	0
2001	1	0	0
2003	1	0	0
2004	1	0	0
2010	1	0	0
2016	1	0	0
2021	1	0	0
2036	2	0	0
2038	0	1	0
2054	1	0	0
2073	1	0	0
2074	1	0	0
2077	1	0	0
2079	1	0	0
2082	1	0	0
2092	0	0	1
2098	1	0	0
2118	0	0	1
2119	1	0	0
2125	0	0	1
2132	1	0	0
2150	1	0	0
2156	1	0	0
2185	0	1	0
2196	0	1	0
2209	1	0	0
2215	1	0	0
2222	2	0	0
2250	1	0	0
2252	1	0	0
2253	1	0	0
2282	1	0	0
2328	1	0	0
2331	1	0	0
2333	1	0	0
2335	1	0	0
2337	1	0	0
2338	1	0	0
2340	8	0	0
2341	2	0	0
2343	1	0	0
2344	2	0	0
2345	3	0	0
2346	1	0	0
2347	2	0	0
2350	2	0	0
2351	3	0	0
2353	2	0	0
2354	2	0	0
2355	4	0	0
2356	2	0	0
2357	3	0	0
2358	2	0	0
2359	2	0	0
2360	6	0	0
2361	1	0	0
2362	2	0	0
2363	2	0	0
2364	5	0	0
2365	1	0	0
2366	2	0	0
2367	2	0	0
2368	1	0	0
2369	6	0	0
2370	1	0	0
2371	1	0	0
2372	2	0	0
2373	3	0	0
2374	4	0	0
2375	2	0	1
2376	1	0	0
2377	3	0	0
2378	2	0	0
2379	1	0	0
2380	3	0	0
2381	5	0	0
2382	2	0	0
2383	1	0	0
2384	3	0	0
2386	2	0	0
2389	1	0	0
2390	1	0	0
2391	1	0	0
2393	2	0	1
2394	4	0	0
2396	1	0	0
2397	5	0	0
2398	4	0	0
2399	5	0	0
2400	5	0	0
2401	1	0	0
2402	1	0	0
2403	2	0	0
2404	2	0	0
2405	2	0	0
2406	3	0	0
2407	1	0	0
2408	4	0	0
2409	2	0	0
2410	4	0	0
2411	2	0	0
2412	3	0	0
2413	3	0	0
2414	3	0	0
2415	1	0	0
2416	1	0	0
2417	2	0	0
2418	4	0	0
2419	1	0	0
2421	2	0	0
2422	3	0	0
2423	2	0	0
2424	1	0	0
2426	1	0	0
2427	1	0	0
2428	3	0	0
2429	2	0	0
2431	2	0	0
2432	1	0	0
2436	1	0	0
2437	1	0	0
2438	3	0	0
2439	4	0	0
2440	1	0	0
2441	1	0	0
2442	3	0	0
2443	2	0	0
2445	1	0	0
2446	3	0	0
2447	2	0	0
2448	3	0	0
2449	2	0	0
2450	2	0	0
2453	1	0	0
2454	1	0	0
2455	2	0	0
2456	1	0	0
2457	1	0	0
2458	1	0	0
2459	1	0	0
2460	4	0	0
2461	1	0	0
2462	5	0	0
2463	3	0	0
2464	4	0	0
2465	2	0	0
2466	2	0	0
2467	1	0	0
2468	1	1	0
2469	4	0	0
2470	4	0	0
2471	5	0	0
2472	2	0	0
2473	3	0	0
2474	3	0	0
2475	2	0	0
2476	3	0	0
2477	1	0	0
2480	1	0	0
2481	3	0	0
2482	3	0	0
2483	2	0	0
2484	1	0	0
2485	2	0	0
2486	2	0	0
2487	5	0	0
2488	1	0	0
2489	1	0	0
2490	4	0	0
2491	3	0	0
2492	5	0	0
2495	5	0	0
2496	3	0	0
2497	5	0	0
2498	2	0	0
2499	2	0	0
2500	2	0	0
2501	2	0	0
2502	1	0	0
2503	1	0	0
2504	1	0	0
2505	3	0	0
2506	1	0	0
2507	3	0	0
2508	1	0	0
2509	1	0	0
2510	1	0	0
2511	2	0	0
2513	2	0	0
2514	1	0	0
2516	3	1	0
2517	1	0	0
2518	2	0	0
2521	2	0	0
2523	1	0	0
2524	3	0	0
2526	2	0	0
2527	1	0	0
2528	1	0	0
2529	1	0	0
2530	1	0	0
2532	1	0	0
2533	1	0	0
2537	2	0	0
2540	1	0	0
2541	2	0	0
2542	2	0	0
2544	1	0	0
2548	1	0	0
2551	1	0	0
2554	1	0	0
2560	1	0	0
2561	1	0	0
2564	1	0	0
2579	1	0	0
2591	1	0	1
2593	1	0	0
2594	1	0	0
2601	1	0	0
2603	1	0	0
2604	2	0	0
2605	1	0	0
2606	1	0	0
2610	0	0	1
2614	2	0	0
2618	1	0	0
2621	0	0	1
2623	1	0	0
2640	1	0	0
2646	1	0	0
2649	1	0	0
2657	1	1	0
2658	1	0	0
2661	1	0	0
2662	2	0	0
2664	2	0	0
2667	2	0	0
2669	3	0	0
2671	2	0	0
2672	1	0	0
2673	0	1	0
2674	2	0	0
2675	1	0	0
2677	1	0	0
2679	1	0	0
2680	1	0	0
2681	6	0	0
2682	1	0	0
2684	3	0	0
2685	3	0	0
2686	2	0	0
2687	1	0	0
2688	1	0	0
2689	3	0	0
2691	3	0	0
2692	1	0	0
2693	2	0	0
2694	1	0	0
2695	3	0	0
2696	2	0	0
2697	1	0	0
2698	3	0	0
2699	1	0	0
2700	2	0	0
2701	4	0	0
2702	8	0	0
2703	7	0	0
2704	1	0	0
2705	2	0	0
2707	1	0	0
2708	1	0	0
2709	2	0	0
2711	2	0	0
2712	1	0	0
2713	4	0	0
2714	8	0	0
2715	10	0	0
2716	8	0	0
2717	6	0	0
2718	7	0	0
2719	6	0	0
2720	3	0	0
2721	6	0	0
2722	2	0	0
2723	3	0	0
2724	3	0	0
2725	4	0	0
2726	7	0	0
2727	3	0	0
2728	2	0	0
2729	2	0	0
2730	1	0	0
2731	5	0	0
2732	2	0	0
2733	1	0	0
2734	1	0	0
2735	3	0	0
2736	2	0	0
2737	1	0	0
2738	3	0	0
2739	3	0	0
2740	3	0	0
2741	4	0	0
2742	2	0	0
2743	3	0	0
2744	2	0	0
2745	3	0	0
2746	2	0	0
2747	10	0	0
2748	4	0	0
2749	3	0	0
2750	6	0	0
2751	4	0	0
2752	4	0	0
2753	5	0	0
2754	3	0	0
2755	5	0	0
2756	1	0	0
2757	2	0	0
2758	2	0	0
2760	2	0	0
2761	1	0	0
2762	6	0	0
2763	4	0	0
2764	3	0	0
2765	3	0	0
2766	2	0	0
2767	4	0	0
2768	5	0	0
2769	12	0	0
2770	2	0	0
2771	3	0	0
2772	2	0	0
2773	1	0	0
2774	3	0	0
2775	4	0	0
2776	3	0	0
2777	4	0	0
2778	2	0	0
2779	1	0	0
2780	1	0	0
2782	2	0	0
2786	1	0	0
2787	1	0	0
2790	1	0	0
2791	2	0	0
2792	1	0	0
2793	1	0	0
2794	2	0	0
2796	2	0	0
2797	1	0	0
2802	2	0	0
2803	6	0	0
2804	1	0	0
2805	1	0	0
2808	3	0	0
2809	2	0	0
2810	1	0	0
2812	1	0	0
2813	1	0	0
2817	1	0	0
2823	1	0	0
2824	1	0	0
2825	1	0	0
2830	1	0	0
2835	1	0	0
2837	1	0	0
2839	1	0	0
2842	1	0	0
2845	2	0	0
2852	1	0	0
2855	1	0	0
2859	1	0	0
2860	1	0	0
2867	1	0	0
2871	1	0	0
2872	1	0	0
2884	2	0	0
2907	1	0	0
2909	1	0	0
2913	1	0	0
2945	1	0	0
2951	1	0	0
2955	1	0	0
2971	1	0	0
2974	1	0	0
2983	1	0	0
2990	1	0	0
2995	0	1	0
3002	1	0	0
3010	1	0	0
3028	1	0	0
3048	1	0	0
3066	1	0	0
3076	1	0	0
3080	0	1	0
3099	1	0	0
3117	0	1	0
3122	1	0	0
3134	1	0	0
3153	1	0	0
3184	0	1	0
3200	1	0	0
3204	1	0	0
3210	1	0	0
3227	1	0	0
3233	1	0	0
3237	1	0	0
3252	0	1	0
3264	0	0	1
3294	1	1	0
3295	0	1	0
3300	0	1	0
3315	1	0	0
3338	0	1	0
3346	0	1	0
3348	0	1	0
3360	0	1	0
3364	0	2	0
3365	0	1	0
3366	0	1	0
3375	1	0	0
3379	0	3	0
3462	0	0	1
3549	1	0	0
3558	1	0	0
3610	1	0	0
3646	0	1	0
3666	0	1	0
3668	0	1	0
3669	0	1	0
3670	1	0	0
3713	0	1	0
3719	0	1	0
3720	0	1	0
3737	0	1	0
3783	0	0	1
3799	1	0	0
3815	2	0	0
3839	1	0	0
3843	1	0	0
3909	1	0	0
3929	1	0	0
3943	0	0	1
3979	0	1	0
3981	1	0	0
4008	1	0	0
4010	0	1	0
4011	1	0	0
4032	1	0	0
4038	1	0	0
4046	1	0	0
4051	2	0	0
4056	1	0	0
4057	1	0	0
4063	1	0	0
4067	1	0	0
4069	3	0	0
4074	2	0	0
4076	1	0	0
4077	2	0	0
4078	1	0	0
4079	1	0	0
4082	2	0	0
4085	1	0	0
4086	1	0	0
4088	1	0	0
4089	2	0	0
4090	3	0	0
4093	1	0	0
4094	1	0	0
4095	1	0	0
4096	1	0	0
4097	1	0	0
4099	1	0	0
4100	4	0	0
4102	3	0	0
4104	1	0	0
4106	1	0	0
4107	1	0	0
4108	3	0	0
4109	1	0	0
4110	1	0	0
4111	5	0	0
4112	1	0	0
4113	1	0	0
4114	3	0	0
4116	6	0	0
4117	1	0	0
4118	2	0	0
4119	2	0	0
4120	4	0	0
4121	2	0	0
4122	1	0	0
4123	1	0	0
4124	3	0	0
4125	4	0	0
4126	2	0	0
4127	1	0	0
4128	1	0	0
4129	1	0	0
4131	2	0	0
4132	2	0	0
4133	1	0	0
4135	2	0	0
4136	1	0	0
4137	1	0	0
4138	1	0	0
4139	1	0	0
4141	2	0	0
4143	2	0	0
4144	1	0	0
4147	1	0	0
4148	2	0	0
4150	1	0	0
4151	1	0	0
4152	1	0	0
4153	1	0	0
4155	1	0	0
4158	3	0	0
4159	2	0	0
4160	1	0	0
4163	1	0	0
4167	2	0	0
4168	1	0	0
4170	1	0	0
4173	2	0	0
4174	1	0	0
4175	2	0	0
4176	1	0	0
4177	1	0	0
4184	1	0	0
4185	2	0	0
4192	0	1	0
4194	1	0	0
4196	1	0	0
4198	2	0	0
4200	2	0	0
4201	1	0	0
4211	3	0	0
4212	1	0	0
4213	3	0	0
4214	1	0	0
4216	3	0	0
4218	2	0	0
4219	1	0	0
4220	4	0	0
4223	1	0	0
4224	2	0	0
4226	1	0	0
4228	1	0	0
4232	1	0	0
4234	1	0	0
4235	1	0	0
4236	4	0	0
4237	3	0	0
4238	1	0	0
4239	1	0	0
4240	3	0	0
4241	1	0	0
4242	2	0	0
4243	3	0	0
4244	2	0	0
4245	3	0	0
4247	1	0	0
4248	1	0	0
4249	2	0	0
4250	1	0	0
4251	2	0	0
4252	1	0	0
4254	3	0	0
4257	1	0	0
4258	1	0	0
4259	1	0	0
4260	1	0	0
4261	1	0	0
4265	1	0	0
4266	2	0	0
4268	3	0	0
4269	1	0	0
4270	2	0	0
4271	1	0	0
4273	2	0	0
4274	2	0	0
4275	2	0	0
4276	2	0	0
4277	1	0	0
4278	2	0	0
4279	1	0	0
4280	4	0	0
4281	1	0	0
4283	1	0	0
4284	2	0	0
4285	1	0	0
4286	1	0	0
4287	1	0	0
4288	1	0	0
4290	4	0	0
4291	1	0	0
4292	2	0	0
4293	2	0	0
4294	2	0	0
4295	1	0	0
4297	2	0	0
4298	2	0	0
4299	2	0	0
4300	2	0	0
4302	1	0	0
4303	2	0	0
4304	1	0	0
4305	3	0	0
4306	2	0	0
4308	3	0	0
4312	3	0	0
4313	1	0	0
4314	2	0	0
4315	2	0	0
4316	2	0	0
4317	3	0	0
4318	2	0	0
4319	1	0	0
4320	1	0	0
4322	1	0	0
4323	1	0	0
4324	1	0	0
4326	2	0	0
4327	2	0	0
4328	1	0	0
4331	1	0	0
4334	1	0	0
4335	1	0	0
4336	1	0	0
4337	1	0	0
4340	1	0	0
4341	1	0	0
4342	1	0	0
4343	1	0	0
4344	2	0	0
4346	2	0	0
4347	1	0	0
4348	2	0	0
4349	1	0	0
4350	1	0	0
4351	1	0	0
4352	2	1	0
4353	1	0	0
4357	1	0	0
4358	3	0	0
4360	1	0	0
4362	1	0	0
4363	3	0	0
4364	1	0	0
4367	1	0	0
4372	2	0	0
4373	2	0	0
4386	1	0	0
4388	1	0	0
4393	2	0	0
4395	1	0	0
4396	2	0	0
4399	1	0	0
4403	1	0	0
4405	1	0	0
4406	1	0	0
4408	1	0	0
4427	2	0	0
4434	1	0	0
4436	1	0	0
4443	1	0	0
4446	1	0	0
4447	1	0	0
4449	2	0	0
4466	1	0	0
4468	1	0	0
4469	1	0	0
4477	1	0	0
4484	1	0	0
4491	1	0	0
4500	0	0	1
4501	1	0	0
4504	1	0	0
4505	1	0	0
4527	1	0	0
4602	1	0	0
4606	1	0	0
4618	1	0	0
4652	1	0	0
4655	1	0	0
4660	0	1	0
4676	0	1	0
4677	0	1	0
4680	1	0	0
4700	0	1	0
4734	0	1	0
4842	0	1	0
4867	0	1	0
4879	0	1	0
4920	0	1	0
4993	0	1	0
5034	0	1	0
5045	1	0	0
5124	0	1	0
5161	1	0	0
5165	1	0	0
5168	1	0	0
5169	1	0	0
5170	1	0	0
5171	1	0	0
5172	2	0	0
5176	1	0	0
5177	3	0	0
5178	2	0	0
5179	3	0	0
5180	2	0	0
5181	2	0	0
5182	1	0	0
5185	1	0	0
5195	1	0	0
5196	1	0	0
5199	1	0	0
5201	1	0	0
5202	1	0	0
5208	1	0	0
5210	1	0	0
5212	1	0	0
5219	1	0	0
5220	1	0	0
5221	0	1	0
5222	1	0	0
5226	1	0	0
5228	1	0	0
5240	3	0	0
5243	2	0	0
5247	1	0	0
5251	1	0	0
5253	1	0	0
5257	2	0	0
5258	1	0	0
5259	1	0	0
5264	1	0	0
5267	1	0	0
5275	1	0	0
5278	1	0	0
5285	1	0	0
5293	1	0	0
5296	0	1	0
5314	1	0	0
5331	1	0	0
5337	1	0	0
5344	1	0	0
5367	0	0	1
5369	0	1	0
5387	0	0	1
5390	0	1	0
5392	0	0	1
5399	0	1	0
5436	0	1	0
5439	0	0	1
5451	0	1	0
5461	1	0	0
5470	0	0	1
5489	0	0	1
5537	0	0	1
5541	0	0	1
5586	0	1	0
5652	1	0	0
5709	0	1	0
5719	2	0	1
5721	1	0	0
5766	0	0	1
5773	1	0	0
5774	1	0	0
5818	1	0	0
5862	0	1	0
5892	1	0	0
5983	1	0	0
5984	1	0	0
6108	0	1	0
6118	0	1	0
6130	0	1	0
6148	0	1	0
6155	1	0	0
6209	1	0	0
6230	1	0	0
6296	0	1	0
6326	0	1	0
6365	1	0	0
6474	0	1	0
6515	0	1	0
6570	1	0	0
6644	1	0	0
6648	1	0	0
6657	2	0	0
6662	1	0	0
6669	1	0	0
6676	1	0	0
6681	1	0	0
6685	1	0	0
6686	1	0	0
6690	1	0	0
6691	1	0	0
6692	1	0	0
6693	2	0	0
6694	2	0	0
6696	4	0	0
6697	2	0	0
6698	2	0	0
6699	3	0	0
6700	2	0	0
6701	1	0	0
6703	1	0	0
6705	1	0	0
6706	3	0	0
6707	3	0	0
6709	2	0	0
6710	5	0	0
6711	4	0	0
6712	3	0	0
6713	2	0	0
6714	3	0	0
6715	6	0	0
6716	3	0	0
6717	1	0	0
6718	3	0	0
6719	3	0	0
6720	2	0	0
6721	5	0	0
6722	2	0	0
6723	2	0	0
6724	3	0	0
6725	1	0	0
6726	2	0	0
6727	3	0	0
6728	3	0	0
6729	6	0	0
6730	3	0	0
6731	7	0	0
6732	3	0	0
6733	3	0	0
6734	2	0	0
6735	4	0	0
6736	5	0	0
6737	8	0	0
6738	2	0	0
6739	4	0	0
6740	4	0	0
6741	3	0	0
6742	6	0	0
6743	6	0	0
6744	6	0	0
6745	5	0	0
6746	6	0	0
6747	5	0	0
6748	6	0	0
6749	7	0	0
6750	8	0	0
6751	2	0	0
6752	5	0	0
6753	2	0	1
6754	3	0	0
6755	2	0	0
6756	5	0	0
6757	3	0	1
6758	3	0	0
6759	4	0	1
6760	3	0	0
6761	2	0	1
6762	2	0	0
6763	1	0	0
6764	2	0	0
6765	2	0	0
6766	3	0	0
6767	2	0	0
6768	2	0	0
6769	4	0	0
6770	3	0	0
6771	1	0	0
6772	3	0	0
6773	2	0	0
6774	2	0	0
6775	5	0	0
6776	4	0	0
6777	2	0	0
6778	6	0	0
6779	7	0	0
6780	3	0	0
6781	5	0	0
6782	2	0	0
6783	2	0	0
6784	2	0	0
6785	1	0	0
6786	4	0	0
6787	3	0	0
6788	7	0	0
6789	3	0	0
6791	3	0	0
6792	3	0	0
6793	2	0	0
6794	2	0	0
6795	1	0	0
6796	1	0	0
6797	1	0	0
6798	1	0	0
6799	1	0	0
6800	3	0	0
6801	1	0	0
6802	2	0	0
6803	2	0	0
6805	3	0	0
6806	2	0	0
6807	2	0	0
6808	1	0	0
6809	2	0	0
6810	1	0	0
6811	4	0	0
6812	1	0	0
6813	3	0	0
6814	1	0	0
6815	3	0	0
6816	1	0	0
6817	1	0	0
6818	1	0	0
6819	4	0	0
6820	2	0	0
6821	4	0	0
6822	5	0	0
6823	2	0	0
6827	2	0	0
6829	1	0	0
6830	2	0	0
6832	1	0	0
6834	4	0	0
6837	1	0	0
6840	1	0	0
6841	2	0	0
6844	1	0	0
6845	1	0	0
6846	1	0	0
6847	1	0	0
6849	1	0	0
6850	2	0	0
6851	1	0	0
6852	2	0	0
6855	1	0	0
6858	1	0	0
6861	1	0	0
6865	1	0	0
6869	2	0	0
6870	1	0	0
6873	1	0	0
6874	2	0	0
6876	2	0	0
6877	2	0	0
6882	1	0	0
6886	2	0	0
6900	1	0	0
6929	1	0	0
6946	1	0	0
6949	1	0	0
6963	1	0	0
6974	1	0	0
6979	1	0	0
6996	1	0	0
6999	1	0	0
7001	1	0	0
7008	1	0	0
7030	1	0	0
7056	1	0	0
7086	1	0	0
7122	0	1	0
7123	1	0	0
7132	0	1	0
7147	0	1	0
7150	1	0	0
7156	1	0	0
7180	0	1	0
7199	1	0	0
7200	1	0	0
7210	1	0	0
7249	0	1	0
7253	1	0	0
7257	1	0	0
7269	0	1	0
7271	0	1	0
7288	0	1	0
7294	1	0	0
7338	1	0	0
7457	0	0	1
7484	0	0	1
7588	0	1	0
7629	1	0	0
7642	0	0	1
7661	0	0	1
7682	0	0	1
7722	0	0	1
7761	1	0	0
7877	1	0	0
7918	1	0	0
7929	1	0	0
7931	1	0	0
7945	1	0	0
8013	1	0	0
8044	1	0	0
8113	0	0	1
8142	0	0	1
8196	0	0	1
8216	0	0	1
8281	1	0	0
8284	1	0	0
8355	1	0	0
8357	1	0	0
8420	1	0	0
8492	1	0	0
8515	0	0	1
8525	0	1	0
8529	0	1	0
8543	0	1	0
8544	0	1	0
8548	0	1	0
8558	0	1	0
8569	0	0	1
8582	0	2	0
8586	0	1	0
8588	0	1	0
8594	0	1	0
8595	0	1	0
8602	0	1	0
8615	0	1	0
8618	0	1	0
8627	0	1	0
8634	0	1	0
8636	0	1	0
8659	0	1	0
8830	0	0	1
8834	0	1	0
8864	0	1	0
8873	1	0	0
8890	0	1	0
8896	0	2	0
8904	0	1	0
8906	0	1	0
8925	0	1	0
8929	0	2	0
8941	0	1	0
8948	0	1	0
8949	0	1	0
8977	0	1	0
8979	0	1	0
8982	0	0	1
8990	0	1	0
9010	0	1	0
9026	0	1	0
9029	0	1	0
9036	0	1	0
9082	0	0	1
9094	0	0	1
9148	0	0	1
9194	2	0	0
9197	0	0	1
9216	1	0	0
9217	1	0	1
9219	0	0	1
9230	0	0	2
9232	0	0	1
9236	1	0	0
9242	0	0	1
9247	1	0	0
9261	1	0	0
9265	0	0	1
9273	1	0	0
9282	1	0	0
9285	1	0	0
9291	0	0	1
9294	2	0	1
9295	1	0	0
9298	0	0	1
9301	1	0	0
9302	1	0	0
9305	1	0	0
9311	1	0	0
9319	1	0	0
9335	1	0	0
9338	1	0	0
9342	0	0	1
9347	1	0	0
9350	1	0	0
9358	1	0	0
9361	0	0	1
9363	1	0	0
9375	1	0	0
9378	1	0	0
9386	1	0	0
9399	2	0	0
9400	1	0	0
9405	1	0	0
9469	1	0	0
9504	1	0	0
9636	1	0	0
9643	1	0	0
9651	1	0	0
9664	1	0	0
9667	1	0	0
9674	2	0	0
9677	1	0	0
9679	1	0	0
9733	1	0	0
9735	1	0	0
9745	1	0	0
9746	1	0	0
9748	1	0	0
9751	1	0	0
9901	0	0	1
9955	1	0	0
10089	0	0	1
10096	0	0	1
10456	0	1	0
10538	0	1	0
10752	0	0	1
10778	0	0	1
10935	0	0	1
10986	0	1	0
11009	0	0	1
11027	0	1	0
11484	0	1	0
11491	0	1	0
11538	0	1	0
11632	0	1	0
11725	0	0	1
11809	0	1	0
11954	0	1	0
11967	0	1	0
12138	0	0	1
12328	1	0	0
12386	0	1	0
12387	0	1	0
12403	1	0	0
12443	1	0	0
12472	0	1	0
12491	0	0	1
12523	0	1	0
12570	0	1	0
12628	0	1	0
12686	0	1	0
12688	0	1	0
12693	0	1	0
12721	0	1	0
12906	0	1	0
12915	0	0	1
13046	0	2	0
13061	0	1	0
13063	0	0	1
13073	0	1	0
13095	0	1	0
13099	0	1	0
13192	0	1	0
13418	1	0	0
13496	1	0	0
13759	1	0	0
13764	1	0	0
13769	0	1	0
13791	1	0	0
13847	1	0	0
13889	1	0	0
14973	0	1	0
15023	0	1	0
15053	0	0	1
15084	0	0	1
15093	0	1	0
15250	0	0	1
15287	1	0	0
15390	0	0	1
15458	0	1	0
15497	0	1	0
15632	0	0	1
15656	0	0	1
15824	0	0	1
15995	0	0	1
16141	0	0	1
16333	1	0	0
16359	1	0	0
16373	0	1	0
16484	1	0	0
16567	0	1	0
16684	0	1	0
16694	0	0	1
16939	1	0	0
17139	0	1	0
17449	1	0	0
17694	1	0	0
17813	0	1	0
17960	0	0	1
18653	0	0	1
19161	0	0	1
19238	0	1	0
19548	0	0	1
20461	1	0	0
20801	0	0	1
21048	1	0	0
21274	0	0	1
22125	0	1	0
22224	0	1	0
22419	1	0	0
23262	0	0	1
23296	1	0	0
23525	0	0	1
23695	0	0	1
23784	0	0	1
23806	0	1	0
23810	0	0	1
24076	0	0	1
24188	0	0	1
24206	0	0	1
24597	1	0	0
24793	0	0	1
24890	0	0	1
25304	0	0	1
25685	0	0	1
25715	0	0	1
25824	0	0	1
25893	0	0	1
26111	0	0	1
26280	0	0	1
26407	0	0	1
26458	0	0	1
26459	0	0	1
26859	0	0	1
26866	0	0	1
26874	0	0	1
26934	0	0	1
27040	0	0	1
27247	0	0	1
27252	0	0	1
27254	0	0	1
27255	0	0	3
27260	0	0	2
27261	0	0	1
27273	0	0	1
27294	0	0	1
27315	0	0	1
27479	1	0	0
27511	0	0	1
27635	0	0	1
27695	0	0	1
27858	0	0	1
27884	0	0	1
27920	0	0	1
27927	0	0	1
28033	1	0	0
28099	0	0	1
28178	1	0	0
28965	1	0	0
28995	1	0	0
29091	0	0	1
29221	0	0	1
29369	0	0	1
29393	0	0	1
29426	0	0	1
29498	0	0	1
29675	0	0	1
29970	0	0	1
30091	0	0	1
30112	1	0	0
30182	0	0	1
30280	0	0	1
30523	0	0	1
30659	1	0	0
30829	0	1	0
30876	0	1	0
31049	0	0	1
31958	0	1	0
31994	0	0	1
32022	0	0	1
32146	0	0	1
32240	1	0	0
32286	0	1	0
32604	0	0	1
32626	1	0	0
32959	1	0	0
33026	0	0	1
33722	0	1	0
34165	0	0	1
34671	0	0	1
35016	0	0	1
35022	0	0	1
35053	0	0	1
35064	0	0	1
35187	0	0	1
35377	0	0	1
35985	0	0	1
36124	0	0	1
36300	0	0	1
36363	0	0	1
36541	0	1	0
36738	0	0	1
36822	0	0	1
36873	0	0	1
36923	0	0	1
37049	0	0	1
37283	0	0	1
37335	0	1	0
37382	0	0	1
37479	0	1	0
37590	0	1	0
37735	0	0	1
37817	1	0	0
37851	0	1	0
37882	0	0	1
37885	0	1	0
37902	0	0	1
37957	0	1	0
37963	0	1	0
37989	0	1	0
38036	0	1	0
38046	0	1	0
38048	0	0	1
38229	1	0	1
38304	0	0	1
38419	0	0	1
38558	0	0	1
38711	1	0	1
38734	1	0	0
38771	1	0	0
38796	1	0	0
38798	1	0	0
38802	1	0	0
38818	1	0	0
38819	1	0	0
39060	1	0	0
39089	0	1	0
39103	1	0	0
39124	1	0	0
39126	1	0	0
39127	1	0	0
39131	1	0	0
39151	1	0	0
39191	1	0	0
39241	1	0	0
39429	0	0	1
39701	0	0	1
39799	0	0	1
39904	0	1	0
40172	0	0	1
40203	0	0	1
40305	1	0	0
40322	0	0	1
40334	0	0	1
40407	0	0	1
40854	0	0	1
40860	0	1	0
40983	1	0	0
41008	0	0	1
41040	1	0	0
41100	0	0	1
41269	1	0	0
41290	0	1	0
41336	1	0	0
41420	0	0	1
41651	0	1	0
41964	0	1	0
41988	0	0	1
42244	1	0	0
42672	0	0	1
42702	0	0	1
42875	0	0	1
43555	1	0	0
43599	1	0	0
43763	0	0	1
43899	0	0	1
44592	0	1	0
44881	0	0	1
44886	0	0	1
45067	0	0	1
45315	1	0	0
45360	0	1	0
45408	0	1	0
45761	0	1	0
45850	0	0	1
45885	0	0	1
45892	0	1	0
46175	0	0	1
46191	0	0	1
46205	1	0	0
46239	0	0	1
46305	1	0	0
46502	1	0	0
46519	1	0	0
46590	1	0	0
46634	1	0	0
46646	1	0	0
46650	1	0	0
46652	1	0	0
46672	1	0	0
46856	1	0	0
47106	0	1	0
47717	0	1	0
48390	0	1	0
48393	1	0	0
48452	0	1	0
48569	0	1	0
48595	0	1	0
48650	0	0	1
48658	1	0	0
48816	0	0	1
48865	0	1	0
48909	0	1	0
49238	1	0	0
49329	0	0	1
49620	1	0	0
49637	0	0	1
49684	1	0	0
49755	1	0	0
51220	0	0	1
51398	0	0	1
52040	0	0	1
53061	0	0	1
54157	1	0	0
54435	0	0	1
54615	0	1	0
54986	0	0	1
55300	0	0	1
55357	0	0	1
55659	0	1	0
55660	0	24	0
55661	0	14	0
55662	0	162	0
55664	0	1	0
55666	0	1	0
55669	0	3	0
55671	0	1	0
55672	0	1	0
55759	1	0	0
55761	2	0	0
55762	3	0	0
55763	1	0	0
55765	4	0	0
55768	2	0	0
55770	1	0	0
55771	2	0	0
55772	2	0	0
55773	1	0	0
55776	1	0	0
55925	0	0	1
55931	0	0	1
55943	0	0	1
55997	0	0	1
56022	0	0	1
56026	0	0	2
56047	0	0	1
56083	0	0	1
56089	0	0	1
56136	0	0	1
56279	0	0	2
56309	0	0	1
56364	1	0	0
56465	0	0	1
56712	1	0	0
56787	0	0	1
56924	0	1	0
56978	0	1	0
57094	0	1	0
57104	0	1	0
57117	0	1	0
57118	0	1	0
57123	0	1	0
57134	0	1	0
57152	0	1	0
57156	0	1	0
57180	0	1	0
57387	0	1	0
57443	1	0	0
57492	0	0	1
57571	0	0	1
57639	1	0	0
57927	1	0	0
57973	1	0	0
58008	1	0	0
58045	1	0	0
58056	1	0	0
58082	1	0	0
58096	1	0	0
58220	1	0	0
58256	1	0	0
58265	1	0	0
58343	1	0	0
58454	1	0	0
58504	0	1	0
58594	0	0	1
58600	0	0	1
58929	0	0	1
59707	1	0	0
59999	0	0	1
60214	0	1	0
60520	0	0	1
60836	0	1	0
61170	0	1	0
61176	0	1	0
61328	0	1	0
62002	1	0	0
62179	0	0	1
62333	0	0	1
62960	1	0	0
63154	0	1	0
63422	0	1	0
63526	1	0	0
63727	0	1	0
64576	0	1	0
65596	0	0	1
65846	0	0	1
66938	0	0	1
67231	0	1	0
67415	0	0	1
67480	1	0	0
68123	1	0	0
68553	1	0	0
68704	0	0	1
69335	0	1	0
70244	0	0	1
70272	0	0	1
71022	0	0	1
71024	0	0	1
71250	0	0	3
71307	0	1	0
71559	0	0	1
72034	1	0	0
72508	0	0	2
72887	0	0	1
73110	0	0	1
73388	0	1	0
73805	0	1	0
73907	0	0	1
74267	0	0	1
75202	1	0	0
76045	0	0	1
76747	0	0	1
76795	1	0	0
76813	0	0	1
76969	0	1	0
77241	0	1	0
77275	0	0	1
77329	0	0	1
77336	0	0	1
78793	0	1	0
78947	1	0	0
79053	1	0	0
79059	0	1	0
79092	1	0	0
79122	0	1	0
80019	1	0	0
80207	0	1	0
80318	0	1	0
81209	1	0	0
81357	1	0	0
82025	0	0	1
82076	1	0	0
82127	0	0	1
82174	1	0	0
82417	1	0	0
82496	0	0	1
82728	0	0	1
82921	0	1	0
82964	0	0	1
83407	0	0	1
83891	0	1	0
83893	0	1	0
83966	0	0	1
84249	0	1	0
84323	0	1	0
84326	0	2	0
84329	0	1	0
84851	0	0	1
84971	1	0	0
85079	1	0	0
85178	0	0	1
85497	0	1	0
85617	0	0	1
85697	0	0	1
85888	0	0	1
86068	0	1	0
86798	0	1	0
87036	0	1	0
87965	0	0	1
88138	1	0	0
88182	0	1	0
88565	0	1	0
88866	0	0	1
88882	0	0	1
89306	1	0	0
89583	1	0	0
89719	0	1	0
90258	0	0	1
90694	0	1	0
90847	0	0	1
91793	0	0	1
92003	0	1	0
92035	0	1	0
92061	0	1	0
92270	0	0	1
92940	0	0	1
93124	0	1	0
93141	0	1	0
93201	0	0	1
93293	1	0	0
93369	0	1	0
93395	0	1	0
93416	0	1	0
93553	0	1	0
93715	0	0	1
93734	0	1	0
93802	0	2	0
94425	1	0	0
94464	0	0	1
94521	1	0	0
94549	1	0	0
94772	0	1	0
95069	0	0	1
95259	0	0	1
95264	0	1	0
95723	0	0	1
96144	0	0	1
96285	0	1	0
96468	0	0	1
97183	0	0	1
97212	0	0	1
97225	0	1	0
97526	1	0	0
98258	0	0	1
98432	0	0	1
98496	0	1	0
99280	0	1	0
99519	0	1	0
99532	0	4	0
99533	0	1	0
99539	0	1	0
99540	0	1	0
99542	0	1	0
99543	0	1	0
99544	0	5	0
99545	0	1	0
99546	0	1	0
99548	0	1	0
99566	0	1	0
99582	0	1	0
99593	0	1	0
99594	0	4	0
99595	0	1	0
99597	0	2	0
99600	0	3	0
99602	0	4	0
99605	0	5	0
99607	0	3	0
99608	0	1	0
99609	0	3	0
99610	0	6	0
99617	0	6	0
99618	0	1	0
99619	0	3	0
99620	0	3	0
99622	0	1	0
99623	0	3	0
99624	0	9	0
99625	0	18	0
99626	0	2	0
99627	0	14	0
99628	0	10	0
99629	0	3	0
99630	0	1	0
99631	0	2	0
99632	0	4	0
99633	0	1	0
99635	0	3	0
99637	0	6	0
99638	0	9	0
99639	0	22	0
99640	0	8	0
99641	0	15	0
99644	0	4	0
99646	0	1	0
99647	0	1	0
99649	0	1	0
99650	0	1	0
99651	0	1	0
99660	0	1	0
99664	0	3	0
99665	0	1	0
99674	0	1	0
99676	0	1	0
99678	0	1	0
99682	0	1	0
99685	0	1	0
99688	0	1	0
99737	0	0	1
99862	0	1	0
99965	0	0	2
100022	1	0	0
100029	1	0	0
100037	1	0	0
100050	2	0	0
100051	1	0	0
100052	1	0	0
100053	1	0	0
100056	2	0	0
100058	3	0	0
100059	1	0	0
100060	4	0	0
100061	18	0	0
100062	9	0	0
100063	24	0	0
100064	10	0	0
100065	2	0	0
100067	4	0	0
100069	1	0	0
100070	2	0	0
100071	4	0	0
100072	1	0	0
100073	11	0	0
100074	16	0	0
100075	16	0	0
100076	3	0	0
100077	20	0	0
100078	12	0	0
100079	7	0	0
100080	2	0	0
100081	2	0	0
100082	6	0	0
100083	11	0	0
100084	5	0	0
100085	5	0	0
100086	2	0	0
100090	1	0	0
100091	3	0	0
100092	6	0	0
100093	8	0	0
100094	4	0	0
100095	2	0	0
100096	2	0	0
100097	7	0	0
100099	2	0	0
100100	4	0	0
100103	1	0	0
100104	1	0	0
100105	6	0	0
100106	1	0	0
100107	7	0	0
100108	2	0	0
100115	1	0	0
100119	1	0	0
100136	1	0	0
100138	1	0	0
100147	1	0	0
100148	1	0	0
100154	1	0	0
100157	6	0	0
100158	4	0	0
100159	4	0	0
100162	7	0	0
100163	1	0	0
100166	3	0	0
100167	1	0	0
100168	2	0	0
100169	5	0	0
100170	12	0	0
100171	3	0	0
100173	1	0	0
100183	2	0	0
100184	1	0	0
100185	1	0	0
100186	3	0	0
100189	1	0	0
100190	1	0	0
100193	1	0	0
102338	0	1	0
103468	0	0	1
104039	0	0	1
104400	1	0	0
104432	0	0	1
105019	0	0	1
105025	0	1	0
105112	0	0	1
105347	0	0	1
105388	0	0	1
105422	0	1	0
105430	0	0	1
105514	0	0	1
105515	0	0	1
105538	0	0	1
105618	0	0	1
105670	0	0	1
105721	0	0	1
105725	0	0	1
105759	0	0	1
105783	0	0	1
105856	0	0	1
105906	0	0	1
105984	0	0	1
106052	0	0	1
106062	0	0	1
106117	0	0	1
106142	0	0	1
106157	0	0	1
106241	0	0	1
106472	0	0	1
106644	0	1	0
106682	0	0	1
106767	0	0	1
106800	1	0	0
106829	0	0	1
106839	0	0	1
106933	0	0	1
107077	0	0	1
107127	0	0	1
107158	0	0	1
107225	0	0	1
107235	0	0	1
107583	0	0	1
107902	0	1	0
108111	0	0	1
108120	0	0	1
108203	0	0	1
108239	0	0	1
108319	0	0	1
108478	0	0	1
108571	0	0	1
108623	0	0	1
108691	0	0	1
108785	0	1	0
108851	0	0	1
108983	0	0	1
109391	0	0	1
109430	0	0	1
109601	0	0	1
109694	0	0	1
109794	0	1	0
109864	1	0	0
110024	1	0	0
110132	1	0	0
110178	0	1	0
110251	0	0	1
110281	0	1	0
110305	0	0	1
110394	0	0	1
110399	0	0	1
110421	0	0	1
110471	0	0	1
110516	0	0	1
110523	1	0	0
110565	0	1	0
110573	0	1	0
110578	0	0	1
110581	0	1	0
110585	0	1	0
110588	0	1	0
110589	0	1	0
110590	0	0	1
110598	0	0	1
110602	0	1	0
110612	0	1	0
110614	0	1	0
110618	0	1	0
110623	0	1	0
110627	0	0	1
110629	0	1	0
110630	0	1	0
110631	0	1	0
110637	0	1	0
110645	0	1	0
110653	0	1	0
110664	0	2	0
110665	0	2	0
110671	0	1	0
110702	0	1	0
110703	0	1	0
110704	0	1	0
110710	0	1	0
110726	0	1	0
110733	0	0	1
110737	0	1	0
110741	0	1	1
110742	0	1	0
110966	0	0	1
110985	0	0	1
111034	0	1	0
111056	0	0	1
111090	0	0	1
111116	1	0	0
111140	1	0	0
111156	0	0	1
111238	1	0	0
111543	0	0	1
112189	0	0	1
112602	0	0	1
112603	0	0	1
112975	0	0	1
112985	1	0	0
113856	0	0	1
114056	0	0	1
114273	0	0	1
114307	0	1	0
114371	0	1	0
114540	0	0	1
114679	0	0	1
114706	0	0	1
114714	0	0	1
114724	0	0	1
114730	1	0	0
114802	0	1	0
114812	0	0	1
114847	0	0	1
114979	0	0	1
115073	1	0	0
115080	1	0	0
115206	0	0	1
115772	1	0	0
115806	0	0	1
115819	0	0	1
116077	0	1	0
116402	0	0	1
116425	0	0	1
117345	0	1	0
117595	1	0	0
117811	0	0	1
118010	0	0	1
118014	0	0	1
118025	0	0	1
118109	0	0	1
118512	0	0	1
118613	1	0	0
118903	0	0	1
118952	0	0	1
119145	0	1	0
119271	1	0	0
119530	0	1	0
120297	1	0	0
120459	0	0	1
120701	1	0	0
120790	0	0	1
121402	0	0	1
121448	0	0	1
121475	0	0	1
121809	0	0	1
121884	0	0	1
122036	0	0	1
122113	0	1	0
122455	0	0	1
122594	0	0	1
122735	0	0	1
123044	0	1	0
123232	0	1	0
123251	0	1	0
123280	0	1	0
123310	0	1	0
123316	0	1	0
123391	1	0	0
126251	1	0	0
126390	0	1	0
126569	0	1	0
127002	1	0	0
127630	0	1	0
127758	1	0	0
127919	1	0	0
127942	1	0	0
128460	1	0	0
128669	0	1	0
128734	0	0	1
128735	0	0	1
128737	0	0	1
128738	0	0	1
128962	4	0	0
128963	2	0	0
128964	2	0	0
128965	3	0	0
128966	1	0	0
128968	2	0	0
128969	1	0	0
128970	1	0	0
128988	3	0	0
128989	1	0	0
129024	2	0	0
129025	2	0	0
129026	1	0	0
129104	1	0	0
129253	1	0	0
129587	1	0	0
129898	0	0	1
131203	0	0	1
131207	0	0	1
131372	0	0	1
131508	0	1	0
131848	0	1	0
131860	1	0	0
131949	0	1	0
132237	0	0	1
132267	0	0	1
132715	0	0	1
132989	0	0	1
133196	0	0	1
134108	0	0	1
134225	0	0	1
134235	0	0	1
134421	0	0	1
134425	0	1	0
134451	0	0	1
134468	0	1	0
134511	0	1	0
134553	1	0	0
134652	0	1	0
134674	0	1	0
134684	1	0	0
134731	0	0	1
134821	1	0	0
134831	0	1	0
134872	0	0	1
134881	0	1	0
134892	0	1	0
134922	0	1	0
134964	0	1	0
135138	0	0	1
135760	0	1	0
135969	0	1	0
136430	0	0	1
136865	0	1	0
137025	0	0	1
137318	1	0	0
137518	1	0	0
137764	0	0	1
137927	1	0	0
138081	0	1	0
138894	0	1	0
138895	0	1	0
139945	0	0	1
140464	0	1	0
140864	0	0	1
141472	0	0	1
141551	0	0	1
142462	0	0	1
142469	0	0	1
142750	0	1	0
143312	0	0	1
143604	0	0	1
143825	0	1	0
143975	0	1	0
144039	0	0	1
144600	1	0	0
144662	0	0	1
144800	0	0	1
145060	0	0	1
146634	1	0	0
146776	0	0	1
146902	0	1	0
147378	0	0	1
147622	0	1	0
148879	1	0	0
149100	0	0	1
149196	0	1	0
150062	0	0	1
150159	1	0	0
150241	0	0	1
150752	1	0	0
151030	1	0	0
151592	0	0	1
151790	1	0	0
152148	0	0	1
152743	0	0	1
153006	0	1	0
153148	0	0	1
154480	1	0	0
154563	0	1	0
154566	0	0	1
154569	0	0	1
155166	0	1	0
155294	1	0	0
155904	0	0	1
156622	0	0	1
156860	0	0	1
156882	0	1	0
156888	0	0	1
157056	0	0	1
157687	0	0	1
157727	0	0	1
157791	0	0	1
158145	0	1	0
158514	0	0	1
158545	0	0	1
158770	0	0	1
158895	0	0	1
158902	0	0	1
158904	0	0	1
160279	0	0	1
160354	0	0	1
160506	0	0	1
160533	0	1	0
160653	0	0	1
160780	0	0	1
161120	0	0	1
161327	1	0	0
161367	0	0	1
161514	0	0	1
161521	0	0	1
161801	0	0	1
161824	0	0	1
161901	0	1	0
161921	0	0	1
162352	0	0	1
162401	0	0	1
162407	1	0	0
162557	0	0	1
162575	0	0	1
162583	0	0	1
162589	0	0	1
162702	0	0	1
162921	0	0	1
163557	0	1	0
163741	0	0	1
164275	0	0	1
164494	0	0	1
164631	0	0	1
164632	0	0	1
165555	1	0	0
165707	0	0	1
165861	0	1	0
165884	0	0	1
167315	0	0	1
167334	0	1	0
167664	0	0	1
167814	0	1	0
167841	0	1	0
168232	0	0	1
168843	0	0	1
169006	0	0	1
169367	0	0	1
169391	1	0	0
169437	0	1	0
169696	0	0	1
169702	0	0	1
169828	0	1	0
170296	0	0	1
170428	0	0	1
170521	0	0	1
170769	0	0	1
171000	0	0	1
171561	0	0	1
171761	0	0	1
171848	0	0	1
172001	0	0	1
172135	1	0	0
172139	4	0	0
172141	1	0	0
172267	0	0	1
172363	0	0	1
172366	1	0	0
172441	0	0	1
172609	0	1	0
172782	0	0	1
172948	0	0	1
173262	1	0	0
173303	0	1	0
173328	1	0	0
173332	1	0	0
173381	0	0	1
173429	1	0	0
173473	0	1	0
173594	0	0	1
174003	0	0	1
174033	0	0	1
174363	0	0	1
174368	0	0	1
174419	0	0	1
174466	0	0	1
174546	0	0	1
174575	0	0	1
174591	0	0	1
174634	0	0	1
174671	0	0	1
174676	0	0	1
174832	0	0	1
174834	0	0	1
174890	0	0	1
174927	0	0	1
174985	0	0	1
175081	0	0	1
175143	0	0	1
175146	0	0	1
175180	0	0	1
175405	0	0	1
175428	0	0	1
175543	0	0	1
175712	0	0	1
175777	0	0	1
175793	0	0	1
175828	0	0	1
175835	0	1	0
175837	0	0	1
175999	0	0	1
176001	0	0	1
176003	0	0	1
176026	0	0	1
176028	0	0	1
176077	0	0	1
176128	0	0	1
176156	0	0	1
176171	0	0	1
176189	0	0	1
176195	0	0	1
176221	0	1	1
176226	0	0	1
176524	0	0	1
176571	0	0	1
176831	0	0	1
176853	0	0	1
176867	0	0	1
176880	0	0	1
176925	0	0	1
177078	0	0	1
177139	1	0	0
177152	0	0	1
177168	0	0	1
177169	0	0	1
177269	0	0	1
177303	0	0	1
177309	0	0	1
177361	1	0	0
177363	0	0	2
177377	0	0	1
177386	0	0	1
177433	0	1	0
177484	0	0	1
177634	0	0	1
177650	0	0	1
177653	0	0	1
177666	0	0	1
177723	0	0	1
177734	0	0	1
177788	0	0	1
177880	0	0	1
177949	0	0	1
177974	1	0	0
177977	0	1	0
178069	0	1	0
178142	0	0	1
178177	0	0	1
178178	0	0	1
178193	0	0	1
178201	0	0	1
178241	0	0	1
178258	0	1	0
178324	0	0	1
178337	0	0	1
178341	0	0	1
178356	0	0	1
178380	0	1	0
178614	0	0	1
178636	0	0	1
178732	0	0	1
178738	0	0	1
178771	0	0	1
178815	0	0	1
178840	0	0	1
179059	0	0	1
179135	0	0	1
179199	0	0	1
179203	0	0	1
179243	0	0	1
179251	1	0	0
179285	0	0	1
179314	0	0	1
179324	0	1	0
179476	0	0	1
179597	0	0	1
179725	0	0	1
179752	0	0	1
179771	0	1	0
179789	0	0	1
179821	0	0	1
179924	1	0	0
180136	0	0	1
180339	0	0	1
180347	0	0	1
180358	0	0	1
180380	0	0	1
180407	0	0	1
180426	0	0	1
180429	0	0	1
180484	0	0	1
180494	0	0	1
180514	0	0	1
181234	0	0	1
181274	1	0	0
181461	0	0	1
182397	1	0	0
182680	0	0	1
183424	0	0	1
183541	0	0	1
183589	0	0	1
183592	0	0	1
183647	0	0	1
183650	0	0	1
183836	1	0	0
183887	0	0	1
184005	0	1	0
184344	0	0	1
184382	0	0	1
184460	0	0	1
184497	0	0	1
184530	0	0	1
184685	2	0	0
184705	0	0	1
184748	1	0	0
184809	0	0	1
185068	0	0	1
185147	0	0	1
185206	0	0	1
185430	0	0	1
185600	0	0	1
185986	0	1	0
186128	0	0	1
186131	0	0	1
186936	0	0	1
186943	0	0	1
187019	0	1	0
187021	0	1	0
187150	0	0	1
187204	0	0	1
187209	0	0	1
187210	0	0	1
187213	0	0	1
187482	0	0	1
187587	0	0	1
187665	0	0	1
187727	0	0	1
187729	1	0	0
187851	0	0	1
187940	0	1	0
188334	0	0	1
188398	0	0	1
188406	0	0	1
188481	1	0	0
188728	0	1	0
188752	0	0	1
189181	1	0	0
189822	0	0	1
189922	0	0	1
190005	0	0	1
190025	0	0	1
190030	0	0	1
190053	0	0	1
190078	0	0	1
190844	0	1	0
190897	0	0	1
190959	0	0	1
190961	0	0	1
191201	0	0	1
191664	0	0	1
191727	0	1	0
191734	0	0	1
191858	1	0	0
192123	1	0	0
192272	1	0	0
192295	1	0	0
192301	1	0	0
192341	1	0	0
192871	0	0	1
192877	0	0	1
193330	0	0	1
193768	0	1	0
193807	0	0	1
193996	0	1	0
194336	0	0	1
195602	0	1	0
195706	0	1	0
196001	0	0	1
196536	0	1	0
196786	1	0	0
197701	1	0	0
198223	0	1	0
198616	0	0	1
199093	0	1	0
200678	0	0	1
201126	0	1	0
201500	0	0	1
201713	1	0	0
201714	1	0	0
201862	0	0	1
201875	0	1	0
202038	0	1	0
202284	0	0	1
202578	0	0	1
202822	0	1	0
203150	1	0	0
203240	0	0	1
204064	0	0	1
204081	0	0	1
204573	1	0	0
205076	0	0	1
206180	0	0	1
206253	0	1	0
207116	1	0	0
207200	0	0	1
208739	0	1	0
208806	1	0	0
209244	1	0	0
209369	0	0	1
210156	0	0	1
210214	0	0	1
210734	0	1	0
210780	1	0	0
211348	0	1	0
211412	0	0	1
211778	0	1	0
212093	1	0	0
212468	0	0	1
212619	0	0	1
212791	0	1	0
212989	0	0	1
213057	0	1	0
213066	0	0	1
213180	0	0	1
213191	0	0	1
213210	0	0	1
213228	0	0	1
213231	0	0	1
213272	0	0	1
213318	0	0	1
213367	0	0	1
213400	0	0	1
213410	0	0	1
213421	0	0	1
213425	0	0	1
213542	0	0	1
213732	0	0	1
213735	0	0	1
213809	0	0	1
213831	0	0	1
213846	0	0	1
214015	0	0	1
214073	0	0	1
214224	0	0	1
214249	0	0	1
214646	0	0	1
214834	0	0	1
214849	0	0	1
214867	0	0	1
214876	0	0	1
214955	0	0	1
215298	0	0	1
215321	0	0	1
215323	0	0	1
215337	0	0	1
215395	0	0	1
215554	0	1	0
215558	0	0	1
215565	0	0	1
215568	0	0	1
215600	0	0	1
215673	0	0	1
215697	0	0	1
215716	0	0	1
215722	0	0	1
215736	0	0	1
215763	0	0	1
215785	0	0	1
215807	0	0	1
215832	0	0	1
215857	0	0	1
215909	0	0	1
215944	0	0	1
215948	0	0	2
215967	0	0	1
215974	0	0	1
216000	0	1	0
216028	0	0	1
216041	0	0	1
216055	0	0	1
216071	1	0	0
216083	0	0	1
216127	0	0	1
216155	0	0	1
216178	1	0	0
216241	0	0	1
216242	0	1	0
216246	0	1	0
216333	0	1	0
216517	0	0	1
216582	0	1	0
216680	0	0	1
216693	0	0	1
216701	1	0	0
216997	1	0	0
217617	0	0	1
217660	0	0	1
217662	0	0	1
217669	0	0	1
217709	0	0	1
217765	0	0	1
217989	0	0	1
218107	0	0	1
218156	0	0	1
218332	0	0	1
218399	0	1	0
218449	0	0	1
218530	0	0	1
218542	0	0	1
219133	0	0	1
219157	0	0	1
219197	0	0	1
219311	0	0	1
219484	0	1	0
219554	0	0	1
219587	0	0	1
219773	0	0	1
219887	0	0	1
219929	0	0	1
220386	0	0	1
220402	0	0	1
220424	0	0	1
220725	0	0	1
220765	0	0	2
220881	0	0	1
220952	0	0	1
220962	0	0	1
221014	0	0	1
221330	0	0	1
221708	1	0	0
221756	0	0	1
221906	0	0	1
221957	0	0	1
222033	0	0	1
222112	0	0	1
222134	1	0	0
222136	0	0	1
222183	0	0	1
222292	0	0	1
222297	0	0	1
222304	0	0	1
222368	0	0	1
222369	0	0	1
222370	0	0	1
222421	0	0	1
222569	0	0	1
222644	0	0	1
222766	0	0	1
222798	0	0	1
222812	0	0	1
222841	0	0	1
222929	1	1	0
223023	0	0	1
223058	0	0	1
223080	0	0	1
223154	0	0	1
223232	0	0	1
223323	1	0	0
223329	0	0	1
223376	0	0	1
223497	1	0	0
223512	1	0	0
223583	0	0	1
223699	0	0	1
223711	0	0	1
223733	0	0	1
223801	0	0	3
223900	0	0	1
224078	0	0	1
224115	1	0	0
224116	1	0	0
224121	1	0	0
224125	1	0	0
224128	1	0	0
224131	1	0	0
224136	1	0	0
224141	1	0	0
224142	3	0	0
224143	1	0	0
224145	1	0	0
224147	1	0	0
224149	1	0	0
224154	2	0	0
224160	1	0	0
224164	1	0	0
224165	1	0	0
224166	1	0	0
224174	1	0	0
224176	1	0	0
224197	1	0	0
224493	0	0	1
224506	0	0	1
224792	0	1	0
224931	0	1	0
226026	0	0	1
226211	0	1	0
226323	1	0	0
226510	0	0	1
227036	0	0	1
227135	0	0	1
227138	1	0	0
227643	0	0	1
228104	1	0	0
228302	0	1	0
228448	0	0	1
228622	0	0	1
228787	0	0	1
228970	1	0	0
229050	0	0	1
229996	0	0	1
230527	0	1	0
232058	0	1	0
232135	0	1	0
232560	0	0	1
232603	0	1	0
232607	0	0	1
232629	0	0	1
232659	0	0	1
232820	0	0	1
232857	0	0	1
232926	1	0	0
232982	1	0	0
233015	0	1	0
233317	1	0	0
233339	1	0	0
233343	1	0	0
233349	1	0	0
233381	1	0	0
233437	0	0	1
233491	0	0	1
233532	1	0	0
233981	1	0	0
234811	1	0	0
235224	1	0	0
236067	1	0	0
236284	0	0	1
236385	1	0	0
236599	0	0	1
236698	0	1	0
237373	1	0	0
237443	1	0	0
238818	0	0	1
240057	0	0	1
241799	1	0	0
242203	1	0	0
242579	0	1	0
242890	0	0	1
243179	0	0	1
243217	0	0	1
243258	0	0	1
243716	0	0	1
243889	0	0	1
243945	0	0	1
244232	0	0	1
244438	0	1	0
244762	0	1	0
244784	1	0	0
244858	0	0	1
244909	0	0	1
244974	0	0	1
245065	0	1	0
245282	0	0	1
245358	0	0	1
245778	0	0	1
246007	1	0	0
246064	0	0	1
246991	0	0	1
247546	0	0	1
247642	1	0	0
247789	0	1	0
247927	0	0	1
248036	1	0	0
248177	0	0	1
248374	0	0	1
248755	1	0	0
248853	1	0	0
249991	0	1	0
250359	1	0	0
251519	0	0	1
251673	1	0	0
252046	0	1	0
252228	0	0	1
252891	0	0	1
253067	0	0	1
253933	0	0	1
254139	1	0	0
254432	0	0	1
255018	0	0	1
255030	0	0	1
255362	0	0	1
255668	0	0	1
255728	1	0	0
255797	0	1	0
255866	1	0	0
256378	0	1	0
256779	1	0	0
257330	0	1	0
258748	0	0	1
259315	1	0	0
259403	0	0	1
260047	1	0	0
260397	1	0	0
260748	0	1	0
260810	1	0	0
261005	0	0	1
261076	1	0	0
261199	1	0	0
261508	0	0	1
261561	0	0	1
261565	1	0	0
261581	1	0	0
261582	1	0	0
261708	1	0	0
262176	0	0	1
262583	0	0	1
262711	1	0	0
263660	0	0	1
263868	0	0	1
264040	0	0	1
264475	1	0	0
264891	0	0	1
265923	0	1	0
266246	0	1	0
266455	0	0	1
266479	0	0	1
266547	0	0	1
266570	0	0	1
266586	0	1	0
266682	0	0	1
266713	0	1	0
266745	0	0	1
267014	0	0	1
267070	0	0	1
267171	0	0	1
267172	0	0	1
267373	0	0	1
267660	0	0	1
267821	0	0	1
268351	0	1	0
268528	0	0	1
268647	0	0	1
269007	0	0	1
269194	0	0	1
269230	0	0	1
269649	0	0	1
270211	0	1	0
270550	0	0	1
270827	0	0	1
270913	0	0	1
271021	1	0	0
271050	1	0	1
271161	0	0	1
271560	0	1	0
273595	1	0	0
273799	0	0	1
274078	0	0	1
274576	0	1	0
274902	0	1	0
275145	0	0	1
275519	0	0	1
275578	0	1	0
276077	0	0	1
276241	0	0	1
276360	0	0	1
276382	0	0	1
276450	0	1	0
276648	0	0	1
276722	0	0	1
276724	0	0	1
276731	1	0	0
276735	0	0	1
276787	0	0	1
276904	0	0	1
277420	0	0	1
277866	0	1	0
278159	0	0	1
278688	0	0	1
278838	0	0	1
280194	0	0	1
280332	0	0	1
281504	0	0	1
281766	0	0	1
281775	1	0	0
281806	0	0	1
281816	0	0	1
282062	0	0	1
282591	0	0	1
282615	0	0	1
282654	0	1	0
282815	0	0	1
283015	0	1	0
283069	0	0	1
283090	0	0	1
283123	0	1	0
283133	0	0	1
283134	0	0	1
283144	0	0	1
283148	0	0	1
283185	0	0	1
283551	0	0	1
283858	1	0	0
284003	0	0	1
284761	0	0	1
284767	0	0	1
285015	1	0	0
285233	0	0	1
285396	1	0	0
286031	0	0	1
287357	0	0	1
287367	0	0	1
287385	0	0	1
287390	0	0	1
287404	0	0	1
287580	1	0	0
287653	1	0	0
287966	0	0	1
288803	0	1	0
289505	0	1	0
289742	0	0	1
290182	0	1	0
290410	0	0	1
290712	0	0	1
291155	0	0	1
291163	1	0	0
292342	0	1	0
292852	0	1	0
292923	0	0	1
292980	1	0	0
293018	0	0	1
293324	0	1	0
293447	0	0	1
293488	0	1	0
294329	0	0	1
294674	0	0	1
295601	0	1	0
296800	0	0	1
296822	1	0	0
297415	1	0	0
297434	0	1	0
297661	0	0	1
297685	0	1	0
299285	0	2	0
299985	0	0	1
300148	0	1	0
300333	1	0	0
300439	1	0	0
301791	0	0	1
301929	0	0	1
301981	1	0	0
302106	0	1	0
302236	0	1	0
302547	0	0	1
302887	0	0	1
303023	1	0	0
303538	0	0	1
303564	0	0	1
303583	0	0	1
303602	0	0	2
303727	1	0	0
304170	0	1	0
304172	0	1	0
304614	0	0	1
305076	1	0	0
305490	0	0	1
306238	0	0	1
308259	0	0	1
308327	0	1	0
308600	0	0	1
308938	1	0	0
309601	0	0	1
309890	1	0	0
310149	0	1	0
311940	0	0	1
312632	0	1	0
313530	1	0	0
313810	1	0	0
314205	0	1	0
314709	0	0	1
314908	0	0	1
315790	0	0	1
316211	1	0	0
316590	0	0	1
316640	0	0	1
317092	0	0	1
317468	1	0	0
317519	0	0	1
317864	0	1	0
317899	0	1	0
319391	0	0	1
320068	1	0	0
321264	0	0	1
321521	0	1	0
322172	0	0	1
323633	0	0	1
323639	0	0	1
323656	0	0	1
323682	1	0	0
323970	0	0	1
323999	0	1	0
324245	0	0	1
324248	0	0	1
324463	0	0	1
324652	0	0	1
324654	0	0	1
324660	0	0	1
324663	0	0	1
325017	0	0	1
325155	0	0	1
325256	0	1	0
325501	0	0	1
325561	0	0	1
325773	0	0	1
325976	2	0	0
326035	0	0	1
326043	0	0	1
326063	0	0	1
326079	0	1	0
326099	0	0	1
326117	0	0	1
326168	0	0	1
326277	0	0	1
326652	0	0	1
326955	0	0	1
327118	0	0	1
328039	0	0	1
328977	0	0	1
329026	0	0	1
329141	0	0	1
329296	0	0	1
329299	0	0	1
329334	0	0	1
329441	0	0	1
329447	0	0	1
329545	0	0	1
329595	0	0	1
329630	0	0	1
329632	0	0	1
329676	0	0	1
329692	0	0	1
329724	0	0	1
329750	0	0	1
329773	0	0	1
329815	0	0	1
329820	0	0	1
329968	0	0	1
330049	0	0	1
330101	0	0	1
330155	0	0	1
330169	0	0	2
330178	0	0	1
330381	0	0	1
330443	0	0	1
331363	0	0	1
331400	1	0	0
331554	0	0	1
332418	0	0	1
332423	1	0	0
332608	0	0	1
332660	0	0	1
332687	0	0	1
332767	0	0	1
332806	0	0	1
332839	0	0	1
332863	0	1	0
332948	0	0	1
333756	1	0	0
333975	0	1	0
334112	0	1	0
334235	0	1	0
334309	0	1	0
334911	0	1	0
335327	1	0	0
335884	1	0	0
335950	0	0	1
336677	0	0	1
337354	0	0	1
337662	0	1	0
338050	0	0	1
338208	1	0	0
338975	0	0	1
339657	0	1	0
339662	0	1	0
340308	0	0	1
340347	0	0	1
340552	0	0	1
340573	0	0	1
340667	0	1	0
340708	0	0	1
340899	0	0	1
340988	0	1	0
341015	0	0	1
341094	0	0	1
341119	0	0	1
341321	0	0	1
341762	0	1	0
341765	1	0	0
341928	1	0	0
341969	1	0	0
342154	0	0	1
342727	0	0	1
343300	0	0	1
343706	0	0	1
344146	0	0	1
344372	0	0	1
344780	0	1	0
345011	1	0	0
345359	0	0	1
345498	0	0	1
345794	0	0	1
345896	0	0	1
346667	0	0	1
347460	0	0	1
348773	0	0	1
349148	0	0	1
349594	1	0	0
349994	0	1	0
350060	0	0	1
350139	0	0	1
350899	0	1	0
351291	0	0	1
352698	0	0	1
354011	0	1	0
354569	0	1	0
354726	0	1	0
354740	0	0	1
354750	1	0	0
354794	1	0	0
355073	0	0	1
355675	0	1	0
356205	0	1	0
356222	0	1	0
356881	0	0	1
356946	0	0	1
357091	1	0	0
357137	0	2	0
357150	0	1	0
357153	0	1	0
357265	0	0	1
357288	0	1	0
357313	0	1	0
357434	0	1	0
357698	0	1	0
358118	0	1	0
358279	0	0	1
358442	0	0	1
359201	1	0	0
359239	0	1	0
360289	0	1	0
361388	1	0	0
361457	0	0	1
361556	0	1	0
361639	0	0	1
361660	0	0	1
361675	0	0	1
362428	0	0	1
362454	0	0	1
362810	0	0	1
362864	0	0	1
362868	0	0	1
363181	0	0	1
363355	0	0	1
363935	0	1	0
363994	0	0	1
364050	0	1	0
364114	0	1	0
365644	1	0	0
368101	0	1	0
369259	1	0	0
369420	1	0	0
370908	0	1	0
371990	1	0	0
372035	1	0	0
373492	0	0	1
373997	0	0	1
374025	0	0	1
374446	0	0	1
374698	0	1	0
374844	0	1	0
375026	1	0	0
375060	0	0	1
375070	0	0	1
375512	0	0	1
375737	0	1	0
376112	0	0	1
376162	0	0	1
376443	0	1	0
377298	0	0	1
377638	0	0	1
377938	0	0	1
378000	0	0	1
378799	0	0	1
378801	0	0	1
380937	0	0	1
381566	0	1	0
382036	1	0	0
384790	0	1	0
385178	0	0	1
387051	1	0	0
388628	0	0	1
388720	1	0	0
388997	0	1	0
389305	0	1	0
390162	0	1	0
390451	0	0	1
393123	0	0	1
393796	0	0	1
393830	0	0	1
393857	0	0	1
394803	0	0	1
394856	1	0	0
394900	0	0	1
396466	0	1	0
396995	0	0	1
397260	0	0	1
398008	0	0	1
398647	0	1	0
398764	1	0	0
398999	0	0	1
399236	0	1	0
399889	0	1	0
400014	0	1	0
400383	1	0	0
400545	1	0	0
401127	0	0	1
401657	0	0	1
402008	1	0	0
402943	0	0	1
403094	1	0	0
403102	0	1	0
403594	0	1	0
403845	1	0	0
403862	1	0	0
403986	0	0	1
404026	0	0	1
404517	1	0	0
405117	0	0	1
405408	0	0	1
406172	0	0	1
406430	0	0	1
407205	0	0	1
407275	0	0	1
408038	0	0	1
408156	1	0	0
408402	1	0	0
409216	0	0	1
409519	1	0	0
409635	0	0	1
410321	0	0	1
410903	0	0	1
410933	0	0	1
412920	0	1	0
412982	1	0	0
414198	0	1	0
414324	0	0	1
414467	0	0	1
415228	0	0	1
416563	0	0	1
416844	0	1	0
416898	0	0	1
417053	0	0	1
417431	0	0	1
418274	0	1	0
420086	0	0	1
420551	0	0	1
420601	0	0	1
420897	0	0	1
421022	0	1	0
421043	0	0	1
422287	0	1	0
422833	0	0	1
422897	0	0	1
424179	0	0	1
424562	0	0	1
424648	0	1	0
424857	0	0	1
424933	0	0	1
425024	0	1	0
425090	0	0	1
425213	0	0	1
425352	0	0	1
425813	0	0	1
425859	0	1	0
426138	0	0	1
426467	0	0	1
426800	0	0	1
426997	1	0	0
427202	0	0	1
427434	1	0	0
427642	0	1	0
428524	0	0	1
429821	0	0	1
430032	0	0	1
430228	0	0	1
430424	0	0	1
431421	0	1	0
431993	0	0	1
432002	0	0	1
432041	0	0	1
432257	0	0	1
432373	0	0	1
432387	0	0	1
432400	0	0	1
432477	0	0	1
432541	0	0	1
432741	0	0	1
432744	1	0	0
432824	0	0	1
433405	0	0	1
433415	1	0	0
433438	0	0	1
433484	0	0	1
433646	0	0	1
433676	0	0	1
434003	0	0	1
434281	0	0	1
434369	0	0	1
434613	0	0	1
434768	0	0	1
435800	0	0	1
436617	0	0	1
436868	0	0	1
436917	0	0	1
437510	0	0	1
437953	1	0	0
438465	0	1	0
439219	0	0	1
440007	0	0	1
440019	1	0	0
440600	1	0	0
440642	1	0	0
440781	0	0	1
441735	0	0	1
442368	1	0	0
444263	0	1	0
444629	0	0	1
445172	0	0	1
445280	0	1	0
445387	1	0	0
445731	0	1	0
445948	0	0	1
446135	0	0	1
446250	0	0	1
446428	0	0	1
446519	0	0	1
446521	0	0	1
446786	0	0	1
446831	0	0	1
446870	0	0	1
447340	0	0	1
447469	0	0	1
447827	0	0	1
447870	0	1	0
447973	0	1	0
448532	0	0	1
448551	0	0	1
448967	0	0	1
449118	0	0	1
449349	0	0	1
450470	0	0	1
450530	0	0	1
450590	0	0	1
450786	0	0	1
450923	0	0	1
450969	0	0	1
451065	0	0	1
451129	0	0	1
451164	0	0	1
451181	0	0	1
451196	0	0	1
451197	0	0	1
451287	0	0	1
451408	0	0	1
451419	0	1	0
451620	0	0	1
451722	0	1	0
451762	0	0	1
451828	0	0	1
451832	0	0	1
451952	0	0	1
451956	0	0	1
452199	1	0	0
452670	0	0	1
452731	1	0	0
453445	0	0	1
454158	0	0	1
454243	1	0	0
454544	0	0	1
454572	0	0	1
454575	0	0	1
454576	0	0	1
454593	0	0	1
454595	0	0	1
454606	0	0	1
454623	0	0	1
454635	0	0	1
454645	0	0	1
454650	0	0	1
454705	0	0	1
454709	0	0	1
454928	0	0	1
454977	0	0	1
455020	0	0	1
456479	1	0	0
460800	0	0	1
461158	1	0	0
461741	0	0	1
461939	0	0	1
462086	0	1	0
462785	1	0	0
464301	0	0	1
464829	0	1	0
465047	0	0	1
465222	0	0	1
465592	0	1	0
466044	1	0	0
466093	0	1	0
466100	0	0	1
467005	0	1	0
467506	1	0	0
468035	0	1	0
468643	0	0	1
469734	0	0	1
469996	0	1	0
471393	1	0	0
471740	0	0	1
472356	0	0	1
472546	0	1	0
472685	0	0	1
473560	1	0	0
473735	1	0	0
473874	1	0	0
475381	0	0	1
475811	1	0	0
475996	1	0	0
476538	0	1	0
476556	0	1	0
476579	0	1	0
476878	0	0	1
476911	0	1	0
476965	0	0	1
477690	1	0	0
477799	1	0	0
477801	1	0	0
477808	1	0	0
477862	1	0	0
477999	1	0	0
478873	1	0	0
479856	1	0	0
479865	1	0	0
480228	1	0	0
481537	1	0	0
481735	1	0	0
485666	0	0	1
487083	0	1	0
489142	0	0	1
495701	0	0	1
496553	0	0	1
499951	0	0	1
500126	1	0	0
501163	0	0	1
502500	0	1	0
504925	0	1	0
506088	1	0	0
507682	0	0	1
509189	0	0	1
509592	0	0	1
509945	0	0	1
510530	1	0	0
512418	0	0	1
513645	0	1	0
515029	0	0	1
519136	0	0	1
519835	0	1	0
519895	0	1	0
520245	0	0	1
520795	0	0	1
522544	1	0	0
523686	0	0	1
523966	0	1	0
525788	0	0	1
525896	1	0	0
526100	0	1	0
527619	0	0	1
529863	0	1	0
530152	0	1	0
530241	1	0	0
530495	1	0	0
530906	0	0	1
531589	0	1	0
532674	0	0	1
533795	1	0	0
534121	1	0	0
534714	1	0	0
534847	0	1	0
534946	0	0	1
535159	0	1	0
536941	0	0	1
537488	0	1	0
537580	0	1	0
537679	0	0	1
537695	0	0	1
537745	1	0	0
538439	0	0	1
540655	0	0	1
541727	0	0	1
542806	0	0	1
543860	1	0	0
545928	1	0	0
546226	0	1	0
548277	0	1	0
550376	1	0	0
550496	1	0	0
550547	0	0	1
552884	0	0	1
552925	0	0	1
553335	0	0	1
556170	0	0	1
556337	0	0	1
556356	0	0	1
556447	0	0	1
556482	0	0	1
556557	0	0	1
556619	0	0	1
556684	0	0	1
556744	0	0	1
556891	0	0	1
557156	0	0	1
557254	0	0	1
557256	0	0	1
557561	0	0	1
557628	0	0	1
558118	0	0	1
558674	0	0	1
558804	0	0	1
558892	0	0	1
559048	0	1	0
559150	0	0	1
559678	0	0	1
559730	0	0	1
559908	0	0	1
560339	0	1	0
560823	0	0	1
560996	0	0	1
561649	0	0	1
561806	0	1	0
562208	0	0	1
562696	0	0	1
562872	0	0	1
563669	0	0	1
564015	1	0	0
564214	0	0	1
564223	0	0	1
564341	0	0	1
564773	0	0	1
564964	0	0	1
564975	0	0	1
565098	0	0	1
565127	0	0	1
565165	0	0	1
565176	0	0	1
565532	0	0	1
565640	0	0	1
565734	0	1	0
566611	0	1	0
566695	0	0	1
566856	0	0	1
567277	0	1	0
569484	1	0	0
570948	1	0	0
572743	0	1	0
573554	0	0	1
574734	0	1	0
575638	0	0	1
576968	0	0	1
577000	0	1	0
578146	1	0	0
578952	1	0	0
579719	0	1	0
580813	0	0	1
581659	0	0	1
583574	0	0	1
584106	0	1	0
586109	0	0	1
586356	0	0	1
586359	0	0	1
586372	0	0	1
586389	0	0	1
586400	0	0	1
586414	0	0	1
586415	0	0	1
586417	0	0	1
586420	0	0	1
586421	0	0	1
586431	0	0	1
586438	0	0	1
586440	0	0	1
586455	0	0	1
586485	0	0	1
586493	0	0	1
586510	0	0	1
586517	0	0	1
586549	0	0	1
586581	0	0	1
588994	0	0	1
591972	1	0	0
593064	0	0	1
593471	0	0	1
593546	0	0	1
596719	0	1	0
596724	0	1	0
597441	0	0	1
598343	0	0	1
598697	0	0	1
600900	1	0	0
602221	0	0	1
602866	0	0	1
603515	1	0	0
604403	0	0	1
604816	0	0	1
605469	1	0	0
607463	0	0	1
609330	1	0	0
611179	0	1	0
611392	0	1	0
615978	0	0	1
616811	0	0	1
616813	0	0	1
620353	0	0	1
622091	0	0	1
622733	0	0	1
623599	0	0	1
623917	0	0	1
627726	0	0	1
627952	1	0	0
628036	0	0	1
632663	0	0	1
633132	0	0	1
633162	0	0	1
633237	0	0	1
633981	1	0	0
639851	0	0	1
642069	0	0	1
642431	0	1	0
642826	0	1	0
645609	1	0	0
646942	0	1	0
649362	0	1	0
650336	0	0	1
651174	0	0	1
651988	0	0	1
652225	0	0	1
654784	0	0	1
656593	0	1	0
656969	0	0	1
659206	0	0	1
672855	0	0	1
676817	0	1	0
677624	0	1	0
678035	0	0	1
680471	0	0	1
683671	1	0	0
685260	0	1	0
685470	1	0	0
687114	1	0	0
689257	0	0	1
693854	1	0	0
694862	0	0	1
696730	0	0	1
696772	0	0	1
696775	0	0	1
696831	0	0	1
697053	0	0	1
697263	0	0	1
697268	0	0	1
697622	0	0	1
697972	1	0	0
697990	0	1	0
698014	0	0	1
700247	1	0	0
701206	1	0	0
701224	0	1	0
702948	0	0	1
703487	0	0	1
704566	0	0	1
705305	1	0	0
715364	0	0	1
715682	1	0	0
716026	0	0	1
716070	1	0	0
716555	0	0	1
716993	0	1	0
721313	0	1	0
725636	0	0	1
727733	0	1	0
728481	1	0	0
732623	0	0	1
733386	0	0	1
735583	1	0	0
736022	0	1	0
736134	0	0	1
738274	1	0	0
740161	0	0	1
740605	0	1	0
740866	0	1	0
741394	0	1	0
742659	0	0	1
742763	0	0	1
742821	0	0	1
742939	0	0	1
743064	0	0	1
743309	0	0	1
743696	0	0	1
743866	0	0	1
743969	0	0	1
744000	0	0	1
744308	0	0	1
744586	0	0	1
745160	0	0	1
745216	0	0	1
746484	0	0	1
746890	0	0	1
747930	0	0	1
748069	0	0	1
748693	0	1	0
749008	0	1	0
749297	0	1	0
749627	0	0	1
749628	0	0	1
749632	0	0	1
749680	0	0	1
749695	0	0	1
750333	0	0	1
750382	0	0	1
750390	0	0	1
751038	0	0	1
751121	0	0	1
751125	0	0	1
751163	0	0	1
751188	0	1	0
751644	0	0	1
751658	0	0	1
751739	0	0	1
751989	0	0	1
752281	0	0	1
752322	0	0	1
752827	0	0	1
752901	0	0	1
752977	0	0	1
753228	0	0	1
753437	0	0	1
753479	1	0	0
756177	0	1	0
757195	0	0	1
759552	1	0	0
760887	1	0	0
760896	1	0	0
760897	1	0	0
760914	1	0	0
760928	1	0	0
760930	1	0	0
760936	1	0	0
760938	1	0	0
760939	1	0	0
760943	1	0	0
760945	1	0	0
760968	1	0	0
761010	1	0	0
761023	1	0	0
761027	1	0	0
766412	0	1	0
767471	0	0	1
773416	0	0	1
775694	0	0	1
776828	1	0	0
778421	1	0	0
780030	0	0	1
780388	1	0	0
780495	0	0	1
785176	1	0	0
785486	0	0	1
786095	0	0	1
787104	0	1	0
787246	0	1	0
787369	0	1	0
787403	0	1	0
787405	0	1	0
787582	0	0	1
787742	0	1	0
787781	0	1	0
787878	0	1	0
787884	0	0	1
788046	1	0	0
788094	1	0	0
788109	0	0	1
788139	1	0	0
788150	1	0	0
788164	1	0	0
788168	1	0	0
788169	1	0	0
788184	2	0	0
788198	1	0	0
788210	1	0	0
788223	1	0	0
788236	1	0	0
788490	1	0	0
788591	1	0	0
788640	1	0	0
788671	1	0	0
788703	1	0	0
788923	1	0	0
789419	0	0	1
789776	0	1	0
789877	0	0	1
789999	0	0	1
790044	0	0	2
790096	0	0	1
790447	0	0	1
790473	0	0	1
790523	0	0	1
790540	0	0	1
790609	0	0	1
791266	0	0	1
791982	0	0	1
792494	0	0	1
793066	0	0	1
793311	0	0	1
793730	0	0	1
794649	0	0	1
794726	1	0	0
795747	0	0	1
795864	0	0	1
796035	0	0	1
796047	0	0	1
796049	0	0	1
796060	0	0	1
796062	0	0	1
796075	0	0	1
796092	0	0	1
796260	0	0	1
796350	0	0	1
797229	0	0	1
797308	0	0	1
797391	0	0	1
797556	0	0	1
797560	0	0	1
797758	0	0	1
797810	0	0	1
797999	0	0	1
798002	0	0	1
798047	0	0	1
798083	0	0	1
798210	0	0	1
798330	0	0	1
798335	0	0	1
798382	0	0	1
798409	0	0	1
798437	0	0	1
799859	1	0	0
800456	0	0	1
801166	1	0	0
806725	0	0	1
807286	1	0	0
809450	1	0	0
809469	1	0	0
809734	0	0	1
811405	0	1	0
815889	0	0	1
833070	0	0	1
835517	0	0	1
838333	0	0	1
840645	0	1	0
843732	1	0	0
843865	0	0	1
844016	1	0	0
845925	0	0	1
847033	0	0	1
847565	0	0	1
851785	0	0	1
852799	1	0	0
853577	1	0	0
853627	1	0	0
855224	0	1	0
858020	0	0	1
859089	1	0	0
860045	0	0	1
861051	0	0	1
865321	0	0	1
875426	0	1	0
876279	0	1	0
877233	0	0	1
885061	0	0	1
896360	1	0	0
897136	0	0	1
929607	0	0	1
931511	0	1	0
935482	0	0	1
937785	0	0	1
937786	0	0	1
943185	1	0	0
945003	0	0	1
945688	0	0	1
958076	0	0	1
959203	0	0	1
960605	0	1	0
962119	0	0	1
968668	1	0	0
971425	1	0	0
974970	0	0	1
981985	0	0	1
986014	0	0	1
1015041	1	0	0
1023649	0	0	1
1024515	0	0	1
1026286	0	0	1
1027153	0	1	0
1034562	0	0	1
1034613	0	0	1
1047650	1	0	0
1052926	1	0	0
1055590	0	0	1
1061767	0	0	1
1061790	0	0	1
1064424	0	0	1
1064845	0	0	1
1067759	0	0	1
1067780	0	0	1
1069544	0	0	1
1069836	0	0	1
1071879	0	1	0
1081231	0	1	0
1113258	0	0	1
1119117	1	0	0
1123976	0	0	1
1127613	0	0	1
1138806	1	0	0
1147857	1	0	0
1163777	0	1	0
1168169	0	0	1
1180004	1	0	0
1279621	0	0	1
1405202	0	0	1

