## htsjdk.samtools.metrics.StringHeader
# CollectInsertSizeMetrics --Histogram_FILE /u/home/s/samdemar/project-guillom/upf1_rrp6/7_INSERT_HISTOGRAMS/WT_3_YPD_1.fq.gz_hist.pdf --DEVIATIONS 1.0E7 --MINIMUM_PCT 0.0 --INPUT /u/home/s/samdemar/project-guillom/upf1_rrp6/4_REMOVE_PCR/WT_3_YPD_1.fq.gz.bam --OUTPUT /u/home/s/samdemar/project-guillom/upf1_rrp6/7_INSERT_HISTOGRAMS/WT_3_YPD_1.fq.gz_output.txt --METRIC_ACCUMULATION_LEVEL ALL_READS --INCLUDE_DUPLICATES false --ASSUME_SORTED true --STOP_AFTER 0 --VERBOSITY INFO --QUIET false --VALIDATION_STRINGENCY STRICT --COMPRESSION_LEVEL 5 --MAX_RECORDS_IN_RAM 500000 --CREATE_INDEX false --CREATE_MD5_FILE false --GA4GH_CLIENT_SECRETS client_secrets.json --help false --version false --showHidden false --USE_JDK_DEFLATER false --USE_JDK_INFLATER false
## htsjdk.samtools.metrics.StringHeader
# Started on: Mon Nov 15 17:10:42 PST 2021

## METRICS CLASS	picard.analysis.InsertSizeMetrics
MEDIAN_INSERT_SIZE	MODE_INSERT_SIZE	MEDIAN_ABSOLUTE_DEVIATION	MIN_INSERT_SIZE	MAX_INSERT_SIZE	MEAN_INSERT_SIZE	STANDARD_DEVIATION	READ_PAIRS	PAIR_ORIENTATION	WIDTH_OF_10_PERCENT	WIDTH_OF_20_PERCENT	WIDTH_OF_30_PERCENT	WIDTH_OF_40_PERCENT	WIDTH_OF_50_PERCENT	WIDTH_OF_60_PERCENT	WIDTH_OF_70_PERCENT	WIDTH_OF_80_PERCENT	WIDTH_OF_90_PERCENT	WIDTH_OF_95_PERCENT	WIDTH_OF_99_PERCENT	SAMPLE	LIBRARY	READ_GROUP
253	245	39	2	1365532	271.104257	2134.254222	16132806	FR	15	29	45	61	79	99	123	155	205	259	525			
222	55662	202	2	1203071	43622.940825	124046.474823	3515	RF	127	225	311	367	405	441	1769	110881	198839	548467	1433329			
174	134	68	2	1382336	58929.779373	159976.487518	7524	TANDEM	27	53	79	105	137	171	227	1729	435809	867831	1589773			

## HISTOGRAM	java.lang.Integer
insert_size	All_Reads.fr_count	All_Reads.rf_count	All_Reads.tandem_count
2	13	17	4
3	19	22	1
4	16	16	0
5	13	20	1
6	15	16	2
7	20	15	2
8	17	18	0
9	23	11	0
10	10	14	1
11	20	20	1
12	25	19	2
13	16	28	1
14	22	23	2
15	24	12	2
16	17	20	1
17	30	15	4
18	29	19	3
19	201	26	2
20	81	17	0
21	73	18	0
22	863	20	2
23	64	16	3
24	70	12	9
25	81	18	3
26	109	20	4
27	68	20	7
28	275	14	3
29	46	23	8
30	499	18	5
31	49	24	10
32	360	22	12
33	135	9	6
34	66	14	6
35	451	7	7
36	91	19	8
37	76	17	4
38	69	16	5
39	100	13	9
40	93	21	9
41	100	13	8
42	556	11	9
43	185	10	10
44	111	14	10
45	181	9	14
46	162	14	15
47	135	11	8
48	159	9	12
49	162	14	14
50	154	11	11
51	2080	9	16
52	231	8	15
53	149	8	9
54	799	5	12
55	257	6	11
56	186	7	17
57	177	16	12
58	603	9	10
59	204	20	15
60	210	12	18
61	240	4	12
62	228	11	19
63	360	12	11
64	296	11	10
65	297	8	14
66	362	9	13
67	341	8	16
68	306	9	22
69	312	6	23
70	362	7	19
71	384	6	26
72	474	8	18
73	528	4	20
74	491	8	12
75	677	11	30
76	546	10	25
77	630	10	21
78	671	9	15
79	642	7	13
80	776	5	19
81	861	5	21
82	905	8	24
83	872	9	22
84	916	10	21
85	1073	3	29
86	1104	7	24
87	1183	5	21
88	1260	8	19
89	1332	5	21
90	1407	7	26
91	1536	7	30
92	1589	5	19
93	1582	7	30
94	1691	5	42
95	2615	7	28
96	1940	5	26
97	2062	5	28
98	2274	12	41
99	2348	5	21
100	2411	7	32
101	2602	6	29
102	2985	4	23
103	2924	8	43
104	3095	8	46
105	3245	7	20
106	3437	7	34
107	3887	4	27
108	3860	4	39
109	4000	3	34
110	4238	10	34
111	4391	5	33
112	4571	7	35
113	4943	6	38
114	4983	5	26
115	5579	6	35
116	5591	7	35
117	5851	5	36
118	6002	6	38
119	6615	2	28
120	6558	7	35
121	7014	5	38
122	7211	10	26
123	7514	4	34
124	7753	5	39
125	8086	2	29
126	8277	8	37
127	8666	8	39
128	9204	4	37
129	9622	4	28
130	10043	10	35
131	10335	6	34
132	10690	3	36
133	10865	4	38
134	11293	6	48
135	11780	10	32
136	12090	7	35
137	12809	9	46
138	13038	5	33
139	13802	5	32
140	14530	6	34
141	14696	4	37
142	15714	2	48
143	15440	3	34
144	16350	3	42
145	17124	6	29
146	17575	6	31
147	18186	2	30
148	18890	7	45
149	19207	6	31
150	20172	4	40
151	20965	9	34
152	21779	7	41
153	22098	8	23
154	22948	5	34
155	23233	6	28
156	24087	4	37
157	25299	3	33
158	26116	8	38
159	26781	7	37
160	27705	6	27
161	28724	3	33
162	28933	7	35
163	30083	2	32
164	31181	2	27
165	31802	4	34
166	33085	3	33
167	33698	6	24
168	34488	6	24
169	35222	3	24
170	36682	2	25
171	37403	4	33
172	38842	4	35
173	40143	2	25
174	40964	6	32
175	42435	5	32
176	43227	4	20
177	44548	4	20
178	45766	2	28
179	46978	0	29
180	48123	3	25
181	49345	5	17
182	50411	2	32
183	51321	3	30
184	52942	4	31
185	54328	2	23
186	55443	3	25
187	56656	0	28
188	57773	2	34
189	59322	3	17
190	60649	4	29
191	62137	5	34
192	63111	5	23
193	64815	3	28
194	66048	4	21
195	66592	5	32
196	68630	3	28
197	70366	0	14
198	71489	4	29
199	72819	2	23
200	74197	6	22
201	74694	3	24
202	76757	5	27
203	78196	6	19
204	80390	4	25
205	80713	6	23
206	82295	4	20
207	82778	3	25
208	85026	4	23
209	86096	6	27
210	87247	4	22
211	89048	4	24
212	90477	2	28
213	91312	2	20
214	92387	3	15
215	94503	0	17
216	94288	5	20
217	96593	5	25
218	97978	3	19
219	98593	1	24
220	99421	0	20
221	100730	3	16
222	101616	5	29
223	103058	2	12
224	104166	4	16
225	104566	6	17
226	105663	0	15
227	106779	2	23
228	106404	1	22
229	108209	1	17
230	108260	3	18
231	109125	2	13
232	109635	1	14
233	110796	3	11
234	110543	1	10
235	111477	4	18
236	111914	1	22
237	112016	2	15
238	113077	2	15
239	113079	2	13
240	112782	4	16
241	114333	4	7
242	114072	1	14
243	113251	2	15
244	114668	1	15
245	115381	3	9
246	114520	3	17
247	115311	1	12
248	114925	2	13
249	113949	4	12
250	114354	2	13
251	113724	4	12
252	113056	1	19
253	113289	2	19
254	112734	5	9
255	112179	3	18
256	111856	0	9
257	112147	2	12
258	110974	0	7
259	110529	4	11
260	109631	2	15
261	108536	1	8
262	108783	1	9
263	108051	0	10
264	107041	0	8
265	106602	3	5
266	106061	2	11
267	104632	3	6
268	105208	3	4
269	104495	1	7
270	102505	1	5
271	102864	2	10
272	101909	4	8
273	100492	1	10
274	99794	3	8
275	98719	0	12
276	97553	2	6
277	96594	4	5
278	96419	0	3
279	94489	1	6
280	93679	2	6
281	93207	1	10
282	91551	0	6
283	90633	2	7
284	89841	2	4
285	88638	3	7
286	88095	0	9
287	86447	2	4
288	85134	1	3
289	84503	1	7
290	82637	3	6
291	81628	0	3
292	80575	2	6
293	79370	1	7
294	78042	1	6
295	77598	3	12
296	76854	1	2
297	75159	1	6
298	73822	0	5
299	73292	0	3
300	71789	0	4
301	70974	3	5
302	69242	2	2
303	67397	2	3
304	67216	1	4
305	65858	1	0
306	64612	2	2
307	63625	2	4
308	62498	3	4
309	60945	0	6
310	60253	3	2
311	59594	2	3
312	58109	1	4
313	56907	1	3
314	55871	2	4
315	54762	1	6
316	53910	3	5
317	53391	2	4
318	51660	1	5
319	51077	1	5
320	50783	1	4
321	49054	2	2
322	48053	5	2
323	46819	0	4
324	45885	0	3
325	44865	0	3
326	44690	1	4
327	43216	1	4
328	42696	1	1
329	41189	0	3
330	40626	0	3
331	40082	2	2
332	38958	2	3
333	38102	1	4
334	37588	3	2
335	36877	1	2
336	35624	0	2
337	35493	4	2
338	34208	2	1
339	33470	3	1
340	32472	0	2
341	31942	1	5
342	31240	1	1
343	30201	1	2
344	29869	2	1
345	28951	0	3
346	28487	2	3
347	27759	1	0
348	26917	0	3
349	26862	1	3
350	25820	1	0
351	25494	1	2
352	24810	2	2
353	24242	4	0
354	23693	3	1
355	23276	0	1
356	22613	3	1
357	22113	1	2
358	21721	1	0
359	20868	4	1
360	20585	2	2
361	19948	5	3
362	19286	1	1
363	18864	0	1
364	18510	1	0
365	18120	0	1
366	17501	2	0
367	17095	6	1
368	16686	1	1
369	16176	1	1
370	15936	1	2
371	15488	1	1
372	15106	2	1
373	15002	1	1
374	14464	0	2
375	13989	2	2
376	13743	1	1
377	13448	4	1
378	12940	2	0
379	12875	2	0
380	12648	0	1
381	12262	2	1
382	11972	2	0
383	11534	2	1
384	11308	0	0
385	10998	0	0
386	10686	2	1
387	10455	4	0
388	10253	0	1
389	10038	2	1
390	9682	1	0
391	9539	1	2
392	9350	2	0
393	8854	1	0
394	8860	3	0
395	8585	1	1
396	8367	0	1
397	8128	0	1
398	8039	3	0
399	7686	2	1
400	7650	1	2
401	7467	1	0
402	7263	3	0
403	7143	1	0
404	7028	2	0
405	6828	3	0
406	6683	0	0
407	6369	2	1
408	6329	1	0
409	6179	0	0
410	6101	3	0
411	5695	0	0
412	5687	1	1
413	5465	3	0
414	5396	0	0
415	5191	2	0
416	5272	2	0
417	4994	2	0
418	4893	1	1
419	4845	3	0
420	4698	4	0
421	4606	0	0
422	4425	1	0
423	4329	5	0
424	4297	1	0
425	4296	1	0
426	3910	0	1
427	3946	0	1
428	3937	0	0
429	3776	1	0
430	3704	1	1
431	3744	1	1
432	3553	1	1
433	3493	0	1
434	3469	2	0
435	3344	0	2
436	3248	3	3
437	3245	7	1
438	3185	2	1
439	3063	0	1
440	2964	1	0
441	2922	2	2
442	2851	2	2
443	2877	0	1
444	2811	2	0
445	2702	2	0
446	2662	0	1
447	2547	1	0
448	2568	0	1
449	2446	1	1
450	2409	4	0
451	2417	1	0
452	2269	2	1
453	2231	2	1
454	2198	0	0
455	2155	3	0
456	2192	0	0
457	2046	0	0
458	2054	1	0
459	1961	0	0
460	1964	3	0
461	1877	0	1
462	1913	1	1
463	1851	1	0
464	1821	2	1
465	1837	0	0
466	1746	1	1
467	1829	1	1
468	1784	2	0
469	1630	4	1
470	1730	2	0
471	1585	0	1
472	1526	0	0
473	1570	1	1
474	1550	4	0
475	1498	2	0
476	1566	2	1
477	1508	2	1
478	1420	2	0
479	1457	0	0
480	1396	0	0
481	1306	0	0
482	1410	1	0
483	1296	0	0
484	1317	0	0
485	1307	1	0
486	1231	1	0
487	1259	0	1
488	1269	2	2
489	1191	1	1
490	1269	1	1
491	1198	1	0
492	1168	0	0
493	1165	5	0
494	1117	0	0
495	1076	1	0
496	1118	1	1
497	1109	1	1
498	1092	0	0
499	1027	1	0
500	988	0	1
501	1046	2	0
502	969	0	0
503	1001	0	1
504	950	0	0
505	822	0	0
506	843	1	0
507	890	1	0
508	835	0	0
509	867	1	0
510	890	2	0
511	842	4	0
512	895	0	0
513	812	0	0
514	804	1	1
515	803	1	0
516	827	1	0
517	757	4	0
518	810	0	0
519	773	0	0
520	808	1	0
521	806	0	2
522	759	1	1
523	792	1	0
524	775	1	0
525	751	0	0
526	791	2	0
527	782	0	1
528	711	0	0
529	733	2	1
530	756	1	0
531	739	0	0
532	734	0	0
533	698	0	0
534	702	0	0
535	718	1	0
536	686	0	0
537	676	1	0
538	731	1	0
539	676	0	1
540	688	0	0
541	674	1	1
542	720	0	0
543	671	2	0
544	690	0	0
545	687	1	0
546	638	1	0
547	672	0	0
548	621	1	0
549	646	1	0
550	613	0	0
551	649	1	1
552	651	1	0
553	678	1	0
554	634	2	0
555	650	1	0
556	610	1	0
557	646	0	0
558	613	1	0
559	648	1	0
560	657	0	0
561	639	0	0
562	659	0	0
563	665	1	1
564	621	1	0
565	669	3	0
566	643	0	0
567	628	0	0
568	624	2	0
569	650	2	0
570	645	1	0
571	622	1	0
572	624	0	0
573	569	1	1
574	595	0	0
575	646	0	0
576	643	1	0
577	611	1	0
578	600	1	0
579	625	1	0
580	627	1	0
581	618	0	0
582	607	1	0
583	606	3	0
584	567	0	0
585	680	1	0
586	585	0	0
587	599	1	1
588	610	1	0
589	570	3	0
590	625	0	0
591	624	1	0
592	633	0	0
593	609	0	0
594	591	0	0
595	603	0	0
596	590	2	0
597	586	0	0
598	640	0	0
599	593	0	0
600	581	1	0
601	595	0	0
602	585	0	1
603	637	0	0
604	575	1	0
605	582	0	1
606	646	0	0
607	594	4	0
608	637	0	1
609	604	0	0
610	623	0	0
611	585	1	0
612	586	0	0
613	599	0	0
614	607	1	0
615	630	0	0
616	596	1	0
617	618	1	1
618	641	1	0
619	634	2	0
620	596	2	1
621	627	0	0
622	585	2	0
623	575	2	0
624	589	2	0
625	603	0	0
626	608	1	0
627	620	1	0
628	583	1	0
629	602	0	0
630	600	1	0
631	646	1	0
632	610	0	1
633	556	0	0
634	566	1	0
635	532	0	0
636	528	0	3
637	550	0	0
638	544	0	1
639	518	1	1
640	570	0	0
641	540	1	0
642	515	0	0
643	562	0	0
644	541	0	0
645	563	1	0
646	510	1	0
647	511	1	0
648	543	0	0
649	499	1	0
650	521	2	0
651	526	1	0
652	528	1	0
653	461	1	1
654	492	1	0
655	516	2	0
656	511	1	0
657	527	0	1
658	507	0	0
659	528	0	0
660	508	0	0
661	499	2	0
662	501	1	0
663	527	2	0
664	496	0	0
665	469	1	0
666	534	1	0
667	498	0	0
668	484	0	0
669	491	0	0
670	515	0	0
671	477	0	0
672	486	2	1
673	465	0	0
674	436	1	1
675	476	0	0
676	449	0	1
677	473	0	0
678	427	1	0
679	449	0	0
680	425	1	1
681	446	0	0
682	455	0	0
683	484	0	0
684	427	1	0
685	462	0	0
686	424	0	0
687	435	0	0
688	413	0	0
689	454	0	0
690	448	0	0
691	435	1	0
692	450	0	0
693	433	2	0
694	395	0	0
695	431	0	0
696	407	1	1
697	362	3	0
698	409	1	0
699	374	0	0
700	390	0	0
701	404	0	0
702	374	1	0
703	387	0	0
704	372	1	0
705	390	0	0
706	357	0	0
707	406	0	0
708	384	1	0
709	393	0	0
710	370	2	0
711	366	2	0
712	359	0	0
713	374	1	0
714	355	2	0
715	352	1	0
716	380	2	0
717	351	0	0
718	385	1	0
719	358	0	0
720	395	0	0
721	378	0	0
722	348	0	0
723	389	2	0
724	383	0	0
725	340	0	0
726	321	0	0
727	369	0	0
728	392	1	0
729	346	1	0
730	349	0	0
731	339	1	0
732	353	0	0
733	315	0	1
734	309	0	0
735	306	0	0
736	341	0	0
737	340	3	0
738	318	0	0
739	344	0	0
740	326	0	0
741	357	1	0
742	337	0	0
743	350	1	0
744	363	1	0
745	358	1	0
746	368	0	0
747	338	1	0
748	314	3	0
749	337	1	0
750	312	2	0
751	316	1	0
752	331	1	0
753	349	0	0
754	328	1	0
755	299	0	0
756	342	0	0
757	318	2	0
758	277	0	0
759	313	0	0
760	279	0	0
761	311	0	0
762	259	0	0
763	281	1	0
764	270	0	0
765	267	1	0
766	231	0	0
767	239	0	0
768	246	0	0
769	226	0	0
770	220	1	0
771	268	1	0
772	261	0	0
773	231	2	0
774	237	1	0
775	252	1	0
776	244	1	0
777	237	0	0
778	249	1	0
779	245	2	0
780	261	1	0
781	213	0	0
782	218	1	0
783	246	1	0
784	206	1	0
785	216	1	0
786	234	1	0
787	205	0	0
788	198	0	0
789	191	0	0
790	178	2	0
791	187	0	0
792	181	1	0
793	184	1	0
794	196	0	0
795	192	1	0
796	162	2	0
797	154	0	0
798	179	0	0
799	173	1	0
800	187	0	0
801	169	0	0
802	177	0	0
803	156	0	0
804	151	0	0
805	154	1	0
806	169	3	0
807	156	0	0
808	158	2	0
809	132	2	0
810	144	2	0
811	144	1	0
812	150	1	0
813	142	1	0
814	137	1	0
815	139	1	0
816	149	0	0
817	151	2	0
818	144	2	0
819	131	0	0
820	143	0	0
821	132	0	0
822	140	1	0
823	147	0	0
824	107	1	0
825	114	1	0
826	101	0	0
827	129	1	0
828	112	0	0
829	103	1	0
830	122	0	0
831	111	0	0
832	105	0	0
833	105	0	0
834	109	0	0
835	119	0	0
836	117	0	0
837	110	0	0
838	106	0	0
839	111	2	0
840	114	1	0
841	108	0	0
842	95	1	0
843	87	0	0
844	92	0	0
845	104	0	0
846	88	2	0
847	128	1	0
848	102	0	0
849	84	0	0
850	99	2	0
851	85	2	0
852	91	0	0
853	94	0	0
854	99	0	1
855	94	0	0
856	87	1	0
857	84	1	0
858	87	1	0
859	86	1	0
860	107	1	0
861	69	0	0
862	79	0	0
863	85	0	0
864	74	1	0
865	71	0	0
866	72	0	0
867	77	0	0
868	93	0	0
869	84	0	0
870	77	0	0
871	78	0	0
872	88	0	0
873	64	0	0
874	76	1	0
875	87	0	0
876	62	0	0
877	66	0	0
878	77	1	0
879	64	0	0
880	55	1	0
881	69	0	0
882	60	0	0
883	65	0	0
884	67	0	0
885	59	1	0
886	61	0	0
887	70	0	0
888	60	0	0
889	57	0	0
890	64	0	0
891	44	0	0
892	54	0	1
893	63	0	0
894	63	0	0
895	54	0	0
896	64	0	0
897	58	0	0
898	45	0	0
899	56	0	0
900	62	1	0
901	55	0	0
902	66	0	0
903	49	0	1
904	56	0	0
905	50	0	0
906	46	0	0
907	49	0	0
908	46	1	0
909	59	1	0
910	57	0	0
911	38	0	0
912	49	0	0
913	38	0	0
914	41	0	0
915	50	0	0
916	45	0	0
917	47	0	0
918	35	0	0
919	50	0	0
920	44	1	0
921	50	1	0
922	54	0	0
923	42	0	0
924	38	0	0
925	43	0	0
926	50	0	0
927	37	0	0
928	34	0	0
929	39	1	0
930	44	1	0
931	48	1	0
932	46	0	0
933	37	0	0
934	44	0	0
935	21	0	0
936	42	0	0
937	38	0	0
938	39	0	0
939	28	0	0
940	31	0	0
941	32	0	0
942	38	0	0
943	35	0	0
944	37	0	0
945	33	0	0
946	39	0	0
947	41	0	0
948	33	0	0
949	35	0	0
950	46	0	0
951	34	0	0
952	37	0	0
953	35	0	0
954	24	0	0
955	35	0	0
956	35	0	0
957	31	0	0
958	39	0	0
959	32	0	0
960	37	0	0
961	27	0	0
962	22	1	0
963	25	0	0
964	34	0	0
965	19	0	0
966	15	0	0
967	28	0	0
968	28	0	0
969	35	0	0
970	31	0	0
971	26	0	0
972	26	0	0
973	24	0	0
974	21	0	0
975	20	0	0
976	23	0	0
977	17	0	0
978	33	1	0
979	21	0	0
980	22	0	0
981	25	0	0
982	20	0	0
983	11	0	0
984	13	0	0
985	22	1	0
986	18	0	0
987	17	0	0
988	18	0	0
989	24	0	0
990	20	1	0
991	15	0	0
992	15	0	0
993	20	1	0
994	17	1	0
995	24	0	0
996	18	0	1
997	17	1	0
998	17	0	0
999	9	0	0
1000	13	0	0
1001	22	0	0
1002	16	1	0
1003	18	1	0
1004	25	0	0
1005	22	0	0
1006	17	1	0
1007	17	0	0
1008	28	0	0
1009	9	0	0
1010	20	0	0
1011	18	0	0
1012	18	0	0
1013	20	0	0
1014	17	0	0
1015	25	0	0
1016	16	0	0
1017	16	0	0
1018	24	0	0
1019	15	0	0
1020	20	0	0
1021	5	0	0
1022	12	0	0
1023	21	0	0
1024	21	0	0
1025	16	1	0
1026	11	1	0
1027	22	0	0
1028	16	0	0
1029	14	0	0
1030	13	0	0
1031	18	0	0
1032	15	0	0
1033	13	0	0
1034	16	0	0
1035	11	0	0
1036	20	0	0
1037	16	0	0
1038	14	0	1
1039	21	0	0
1040	13	0	0
1041	12	0	0
1042	13	0	0
1043	13	0	0
1044	11	0	0
1045	11	0	0
1046	17	0	0
1047	18	0	0
1048	12	0	0
1049	14	0	0
1050	26	0	0
1051	10	0	0
1052	11	0	0
1053	11	0	0
1054	12	0	1
1055	12	0	0
1056	12	0	0
1057	14	0	0
1058	12	0	0
1059	12	0	0
1060	11	0	0
1061	8	0	0
1062	8	0	0
1063	15	0	0
1064	11	0	0
1065	10	0	0
1066	11	0	0
1067	14	0	0
1068	12	0	0
1069	10	0	0
1070	14	0	0
1071	8	0	1
1072	15	0	0
1073	6	0	0
1074	17	0	0
1075	12	1	0
1076	12	0	0
1077	12	0	0
1078	9	0	0
1079	10	0	0
1080	11	0	0
1081	8	0	0
1082	9	0	0
1083	13	0	0
1084	10	0	0
1085	14	0	0
1086	10	0	0
1087	13	0	0
1088	6	0	0
1089	11	0	0
1090	5	0	0
1091	7	0	0
1092	9	0	0
1093	12	0	0
1094	15	0	0
1095	7	0	0
1096	4	0	0
1097	9	0	0
1098	9	0	0
1099	12	0	0
1100	9	0	0
1101	10	0	0
1102	9	1	0
1103	8	0	0
1104	4	0	0
1105	6	0	0
1106	9	1	0
1107	11	0	0
1108	5	0	0
1109	4	0	0
1110	14	0	0
1111	15	0	0
1112	8	0	0
1113	5	0	0
1114	4	0	0
1115	2	0	0
1116	6	0	0
1117	6	0	0
1118	3	0	0
1119	2	0	0
1120	13	0	0
1121	7	0	0
1122	7	0	0
1123	7	0	0
1124	4	0	0
1125	4	1	0
1126	10	0	0
1127	10	0	0
1128	7	0	0
1129	7	0	0
1130	4	0	0
1131	8	0	0
1132	11	0	0
1133	5	0	0
1134	6	0	0
1135	6	0	0
1136	5	0	0
1137	6	0	0
1138	5	0	0
1139	5	1	0
1140	3	0	0
1141	8	0	0
1142	5	0	0
1143	6	1	0
1144	8	0	0
1145	4	0	0
1146	2	0	0
1147	1	0	0
1148	6	2	0
1149	2	0	0
1150	7	1	0
1151	5	0	0
1152	8	1	0
1153	6	0	0
1154	1	1	0
1155	1	0	0
1156	5	0	0
1157	3	0	0
1158	4	0	0
1159	3	0	0
1161	5	0	0
1162	3	0	0
1163	5	0	0
1164	4	0	0
1165	4	0	0
1166	2	0	0
1167	3	0	1
1170	5	0	0
1171	6	1	0
1172	4	0	0
1173	3	0	0
1174	3	1	0
1176	3	0	0
1177	3	0	0
1178	2	0	0
1179	2	0	0
1180	1	0	0
1181	2	0	0
1182	2	0	0
1183	3	1	0
1184	1	0	0
1185	1	0	0
1186	3	1	0
1187	3	0	0
1188	6	0	0
1189	4	0	0
1190	7	0	0
1191	4	0	0
1192	6	0	0
1193	3	0	0
1194	3	0	0
1195	7	0	0
1196	2	1	0
1197	2	0	0
1198	4	0	0
1199	5	0	0
1200	3	0	0
1201	1	0	0
1202	5	0	0
1203	2	0	0
1204	4	0	0
1205	3	1	0
1206	4	0	0
1207	4	0	0
1208	3	0	0
1209	4	0	0
1210	4	0	0
1211	4	0	0
1212	2	0	1
1213	5	0	0
1214	5	0	0
1215	1	0	0
1216	6	0	0
1217	2	0	0
1218	5	0	0
1219	6	0	0
1220	5	0	0
1221	9	1	1
1222	4	0	0
1223	2	0	0
1224	8	0	0
1225	3	0	0
1226	5	1	0
1227	1	0	2
1228	1	0	0
1229	6	0	0
1230	3	0	0
1231	5	0	0
1232	5	0	0
1233	5	1	0
1234	3	0	0
1235	2	0	0
1236	3	0	0
1237	1	0	0
1238	3	0	0
1239	2	0	0
1240	1	0	0
1241	2	0	0
1242	4	0	0
1243	7	0	0
1244	6	0	0
1245	3	0	0
1246	2	0	0
1247	6	0	1
1248	2	0	0
1249	2	0	0
1251	4	0	0
1252	1	0	0
1253	1	0	0
1254	1	0	0
1255	3	0	0
1256	4	0	0
1257	4	0	0
1258	1	0	0
1259	2	0	0
1260	3	0	0
1261	3	0	0
1262	3	0	0
1263	1	0	0
1264	6	0	0
1265	4	0	0
1266	7	0	0
1267	4	0	0
1268	7	0	0
1269	1	0	0
1270	1	0	0
1271	3	0	0
1272	7	0	0
1273	7	0	0
1274	3	0	0
1275	4	0	0
1276	5	0	0
1277	3	0	0
1278	5	0	0
1279	4	1	0
1280	6	0	0
1281	4	0	0
1282	3	0	0
1283	4	0	1
1284	6	0	0
1285	1	0	0
1286	1	0	0
1287	3	0	0
1288	6	0	0
1289	5	0	0
1290	6	0	0
1291	7	0	0
1292	6	0	0
1293	5	0	1
1294	3	0	0
1295	7	0	1
1296	8	0	0
1297	6	0	0
1298	5	0	0
1299	4	0	0
1300	5	0	0
1301	4	0	0
1302	7	0	0
1303	3	0	0
1304	2	0	1
1305	7	1	0
1306	3	0	0
1307	4	0	0
1308	5	0	1
1309	4	0	0
1310	10	0	0
1311	5	0	0
1312	5	0	0
1313	6	0	0
1314	4	0	0
1315	4	0	0
1316	2	0	0
1317	1	0	0
1318	2	0	0
1319	4	0	0
1320	1	0	0
1321	4	0	0
1322	7	0	0
1323	2	0	0
1324	1	0	0
1325	5	0	0
1326	1	0	0
1327	5	0	0
1328	4	0	0
1329	2	0	0
1330	2	0	0
1331	3	0	0
1332	4	0	0
1334	4	0	1
1335	3	0	0
1337	5	0	0
1338	4	0	0
1339	4	0	0
1340	2	0	0
1341	3	0	0
1342	4	0	0
1343	8	0	0
1344	4	0	0
1345	9	0	0
1346	6	0	0
1347	5	0	0
1348	7	0	0
1349	3	0	0
1350	6	0	2
1351	9	0	0
1352	8	0	0
1353	6	0	0
1354	4	0	0
1355	9	0	0
1356	6	0	0
1357	2	0	0
1358	3	0	0
1359	5	0	0
1360	15	0	0
1361	10	0	0
1362	7	0	0
1363	9	0	0
1364	11	0	0
1365	13	0	0
1366	14	0	0
1367	12	0	0
1368	13	0	0
1369	12	0	0
1370	10	0	0
1371	12	1	0
1372	12	0	0
1373	12	0	0
1374	14	0	0
1375	14	0	0
1376	16	0	0
1377	11	0	0
1378	15	0	0
1379	11	0	0
1380	14	0	0
1381	13	0	0
1382	11	0	0
1383	13	0	0
1384	15	0	0
1385	16	0	0
1386	11	0	0
1387	14	0	0
1388	13	0	0
1389	14	0	0
1390	12	0	0
1391	16	0	0
1392	16	1	0
1393	16	0	0
1394	13	0	0
1395	19	0	0
1396	15	0	0
1397	17	0	0
1398	12	1	0
1399	20	0	0
1400	19	0	0
1401	16	0	0
1402	17	0	0
1403	18	0	0
1404	22	0	0
1405	19	0	0
1406	23	0	0
1407	17	0	0
1408	15	1	0
1409	16	0	0
1410	15	1	0
1411	14	0	0
1412	15	0	0
1413	15	0	0
1414	16	0	0
1415	15	0	0
1416	17	0	0
1417	19	0	0
1418	23	0	0
1419	15	0	0
1420	13	0	0
1421	17	0	0
1422	20	0	0
1423	17	0	0
1424	19	0	0
1425	15	0	0
1426	15	0	0
1427	15	0	0
1428	17	0	0
1429	13	0	1
1430	18	0	0
1431	18	0	0
1432	18	1	1
1433	17	0	0
1434	20	0	0
1435	19	0	0
1436	18	0	0
1437	23	0	0
1438	27	0	0
1439	23	0	0
1440	23	0	0
1441	26	0	0
1442	29	0	0
1443	22	0	0
1444	21	1	0
1445	18	0	0
1446	22	0	0
1447	24	0	0
1448	19	0	0
1449	21	0	0
1450	26	0	0
1451	24	1	0
1452	26	0	0
1453	24	0	0
1454	20	0	0
1455	23	0	0
1456	25	0	0
1457	24	0	0
1458	26	0	0
1459	23	0	0
1460	20	0	0
1461	25	0	0
1462	22	0	0
1463	29	0	0
1464	21	1	0
1465	18	1	0
1466	23	0	0
1467	27	0	0
1468	23	0	0
1469	16	1	0
1470	21	0	0
1471	18	0	0
1472	16	0	0
1473	16	0	0
1474	20	1	0
1475	21	0	0
1476	12	0	0
1477	13	0	0
1478	14	0	0
1479	18	0	0
1480	16	0	0
1481	19	0	0
1482	24	0	0
1483	14	0	0
1484	19	0	0
1485	17	0	0
1486	12	0	0
1487	12	0	0
1488	12	0	0
1489	15	0	0
1490	12	0	0
1491	14	0	0
1492	12	0	0
1493	13	0	0
1494	15	0	0
1495	14	0	0
1496	10	0	0
1497	12	0	0
1498	9	0	0
1499	12	0	0
1500	13	0	0
1501	13	0	0
1502	7	0	0
1503	7	0	0
1504	8	0	0
1505	4	0	0
1506	11	0	0
1507	10	0	0
1508	5	0	0
1509	8	0	0
1510	8	1	0
1511	12	0	0
1512	10	0	0
1513	9	0	0
1514	8	1	0
1515	7	0	0
1516	9	0	0
1517	14	0	0
1518	13	0	0
1519	9	0	0
1520	4	0	0
1521	9	0	0
1522	6	0	0
1523	6	0	0
1524	6	0	0
1525	8	0	0
1526	10	0	0
1527	7	0	0
1528	7	0	0
1529	6	0	0
1530	8	0	0
1531	6	0	0
1532	9	0	0
1533	6	0	0
1534	6	0	0
1535	10	0	0
1536	11	0	0
1537	9	0	0
1538	10	0	0
1539	6	0	0
1540	5	0	0
1541	7	0	0
1542	8	0	0
1543	4	0	0
1544	5	0	0
1545	7	0	0
1546	3	0	0
1547	5	0	0
1548	3	1	0
1549	5	0	0
1550	2	0	0
1551	5	1	0
1552	6	0	0
1553	6	0	0
1554	7	0	0
1555	8	0	0
1556	9	0	1
1557	5	0	0
1558	10	0	0
1559	4	0	0
1560	6	0	0
1561	7	0	0
1562	1	0	0
1563	3	0	0
1564	3	0	0
1565	5	0	0
1566	7	1	0
1567	5	0	0
1568	5	1	0
1569	9	0	0
1570	7	0	0
1571	3	1	0
1572	4	0	0
1573	8	0	0
1574	4	0	0
1575	4	0	0
1576	7	0	0
1577	4	0	0
1578	4	0	0
1579	4	0	0
1580	7	0	0
1581	5	0	0
1582	3	0	0
1583	2	0	0
1584	3	0	0
1585	7	0	0
1586	5	0	0
1587	5	0	0
1588	6	1	0
1589	4	0	0
1590	7	0	0
1591	8	1	0
1592	5	0	0
1593	8	0	0
1594	6	0	0
1595	5	0	0
1596	8	0	0
1597	4	0	0
1598	7	0	0
1599	7	0	0
1600	4	0	0
1601	4	0	0
1602	5	0	0
1603	7	0	0
1604	6	0	0
1605	6	0	0
1606	7	0	0
1607	8	0	0
1608	8	0	0
1609	5	0	0
1610	5	0	0
1611	8	0	0
1612	5	0	0
1613	7	0	0
1614	7	0	0
1615	6	0	0
1616	7	0	0
1617	5	0	0
1618	6	0	0
1619	4	0	0
1620	2	0	0
1621	7	0	0
1622	5	0	0
1623	3	0	0
1624	8	0	0
1625	3	0	0
1626	8	1	0
1627	3	0	0
1628	2	0	0
1629	9	0	0
1630	5	0	0
1631	8	0	0
1632	6	0	0
1633	5	0	0
1634	2	0	0
1635	9	0	0
1636	7	0	0
1637	3	0	0
1638	6	0	0
1639	4	0	0
1640	4	0	0
1641	8	0	0
1642	4	0	0
1643	4	0	0
1644	3	0	0
1645	4	1	0
1647	1	0	0
1648	5	0	0
1649	6	0	0
1650	3	0	0
1651	3	0	0
1652	3	0	0
1653	6	0	0
1654	3	0	0
1655	8	0	0
1656	4	0	0
1657	5	0	1
1658	7	0	0
1659	9	0	0
1660	4	0	0
1661	1	0	0
1662	5	0	0
1663	4	0	0
1665	1	0	0
1666	2	0	0
1667	2	0	0
1668	1	0	0
1669	3	0	0
1671	1	0	0
1672	2	0	0
1673	4	0	0
1675	2	0	0
1677	8	0	0
1678	3	0	0
1679	3	0	0
1680	4	0	0
1681	3	0	0
1682	5	0	0
1683	2	0	0
1684	6	0	0
1685	1	0	0
1686	2	0	0
1687	1	0	0
1688	1	0	0
1689	3	0	0
1690	2	0	0
1691	3	0	0
1692	5	0	0
1693	1	0	0
1694	4	0	0
1695	5	0	0
1696	5	0	0
1697	9	1	0
1698	2	0	0
1699	3	0	0
1700	3	0	0
1701	3	0	0
1702	2	0	0
1703	3	0	0
1704	2	0	0
1705	5	0	0
1706	2	0	0
1707	3	0	0
1708	1	0	0
1710	2	0	0
1711	4	0	0
1712	2	0	0
1713	4	0	0
1714	1	0	0
1715	5	0	0
1716	3	0	0
1718	3	0	0
1719	2	0	0
1720	3	0	0
1721	2	0	0
1722	1	0	0
1724	4	0	0
1725	4	0	0
1726	3	0	0
1728	4	0	0
1729	5	0	0
1730	5	1	0
1731	3	0	0
1732	3	0	0
1733	4	0	0
1735	2	0	0
1736	2	0	0
1737	7	0	0
1738	7	0	0
1739	2	0	0
1740	3	0	0
1741	2	0	0
1742	2	0	0
1743	2	0	0
1744	1	0	0
1745	3	0	0
1746	3	0	0
1747	3	0	0
1748	4	0	0
1750	1	0	0
1752	3	0	0
1753	1	0	0
1754	3	0	0
1755	5	0	0
1756	4	0	0
1757	9	0	0
1758	5	0	0
1759	6	0	0
1760	5	0	0
1761	4	0	0
1762	4	0	0
1763	2	0	0
1764	3	0	0
1765	4	0	0
1766	4	0	0
1767	7	0	0
1768	7	0	0
1769	2	0	0
1770	9	0	0
1771	11	0	0
1772	9	0	0
1773	2	0	0
1774	4	0	0
1775	3	0	0
1776	5	0	0
1777	4	0	0
1778	4	0	0
1779	7	0	0
1780	9	0	0
1781	8	0	0
1782	9	0	0
1783	9	0	0
1784	9	0	0
1785	6	0	0
1786	7	0	0
1787	10	0	0
1788	6	0	0
1789	4	0	0
1790	9	0	0
1791	10	0	0
1792	2	0	0
1793	8	0	0
1794	7	0	0
1795	3	0	0
1796	3	0	0
1797	6	0	1
1798	8	0	0
1799	8	0	0
1800	3	0	1
1801	5	0	0
1802	8	0	0
1803	5	0	0
1804	6	0	0
1805	6	0	1
1806	8	1	0
1807	8	0	0
1808	7	0	0
1809	7	0	0
1810	4	0	0
1811	7	0	0
1812	6	0	0
1813	6	0	0
1814	3	0	0
1815	5	0	0
1816	5	0	0
1817	7	0	0
1818	2	0	0
1819	4	0	0
1820	12	0	0
1821	6	0	0
1822	4	0	0
1823	6	0	0
1824	3	0	0
1825	3	0	0
1826	3	0	0
1827	5	0	0
1828	4	0	0
1829	3	0	0
1830	3	0	0
1831	4	0	0
1832	9	0	0
1833	1	0	0
1834	18	0	0
1835	15	0	0
1836	9	0	0
1837	14	0	0
1838	3	0	0
1839	3	0	0
1840	2	0	0
1841	3	0	0
1842	3	0	0
1843	3	0	0
1844	5	0	0
1845	3	0	0
1846	3	0	0
1847	2	0	0
1848	6	0	0
1849	7	0	0
1850	1	0	0
1851	2	0	0
1852	3	1	0
1854	17	0	0
1855	15	0	0
1856	17	0	0
1857	5	0	0
1858	13	0	0
1859	3	0	0
1860	2	0	0
1861	1	0	0
1862	1	0	0
1863	2	0	0
1864	2	0	0
1865	1	0	0
1866	1	0	1
1867	3	0	0
1869	1	0	0
1871	1	0	0
1872	5	0	0
1873	1	0	0
1874	2	0	0
1875	2	0	0
1876	1	0	0
1877	1	0	0
1878	2	0	0
1879	1	0	0
1880	1	0	0
1881	3	0	0
1882	2	0	0
1884	2	0	0
1885	2	0	0
1886	2	0	0
1887	1	0	0
1888	4	0	0
1889	2	0	0
1890	0	1	0
1891	5	0	0
1892	1	0	0
1893	4	0	0
1894	1	0	0
1895	3	0	0
1896	4	0	0
1897	1	0	0
1898	2	0	0
1899	2	0	0
1900	1	0	0
1902	3	1	0
1903	1	0	0
1904	2	0	0
1905	3	0	0
1907	1	0	0
1908	1	0	0
1909	2	0	1
1910	1	0	0
1911	1	0	0
1913	1	0	0
1914	1	0	0
1915	2	0	0
1916	1	0	0
1917	2	0	0
1918	1	0	0
1921	1	0	0
1922	1	0	0
1923	1	0	0
1924	1	0	0
1925	1	0	0
1926	2	0	0
1927	2	0	0
1928	2	0	0
1929	1	0	0
1930	1	0	0
1931	1	0	0
1932	1	0	0
1933	2	0	0
1934	1	0	0
1935	1	0	0
1936	2	1	0
1937	4	0	0
1938	1	0	0
1939	2	0	0
1941	1	0	0
1943	1	0	0
1944	4	0	0
1946	2	0	0
1948	2	0	0
1949	7	0	0
1951	2	0	0
1952	23	0	0
1953	1	0	0
1954	2	0	0
1956	1	0	0
1957	1	0	0
1960	3	0	0
1961	1	0	0
1963	1	0	0
1964	2	0	0
1965	1	0	0
1966	2	0	0
1967	1	0	0
1969	0	1	0
1971	1	0	0
1972	1	0	0
1973	1	0	0
1978	1	0	0
1979	1	0	0
1980	1	0	0
1987	1	0	0
1989	1	0	0
1994	1	0	0
1997	2	0	0
2003	1	0	0
2007	2	0	0
2013	2	0	0
2025	1	0	1
2034	1	0	0
2056	0	0	1
2060	1	0	0
2076	1	0	0
2077	1	0	0
2081	1	0	0
2083	1	0	0
2093	1	0	0
2094	1	0	0
2102	1	0	0
2127	1	0	1
2150	1	0	0
2151	1	0	0
2162	1	0	0
2163	1	0	0
2174	2	0	0
2180	0	1	0
2181	1	0	0
2193	1	0	0
2202	1	0	0
2226	1	0	0
2238	1	0	0
2256	1	0	0
2266	1	0	0
2297	1	0	0
2301	1	2	0
2305	1	0	0
2308	1	0	0
2323	1	0	1
2326	1	0	0
2336	1	0	0
2337	1	0	0
2340	2	0	0
2343	2	0	0
2345	4	0	0
2346	1	0	0
2349	1	0	0
2350	2	0	0
2352	3	0	0
2353	5	0	0
2354	2	0	0
2355	1	0	0
2356	3	0	0
2360	1	0	0
2361	1	0	0
2362	1	0	0
2363	2	0	0
2364	2	0	0
2365	1	0	0
2366	2	0	0
2368	2	0	1
2369	6	0	0
2370	1	0	0
2371	5	0	0
2372	2	0	0
2373	4	0	0
2374	4	0	0
2375	1	0	0
2376	4	0	0
2378	2	0	0
2379	2	0	0
2380	3	0	0
2381	5	0	0
2382	1	0	0
2383	2	0	0
2384	3	0	0
2385	6	0	0
2386	2	0	0
2387	2	0	0
2388	2	0	0
2389	2	0	0
2390	2	0	0
2391	1	0	0
2392	2	0	0
2393	1	0	0
2394	2	0	0
2397	2	0	0
2398	3	0	0
2399	5	0	0
2400	2	0	0
2401	3	0	0
2402	1	1	0
2403	2	0	0
2404	1	0	0
2405	4	0	0
2407	1	0	0
2408	1	0	0
2409	1	0	0
2410	3	0	0
2411	2	0	0
2412	3	0	0
2413	1	0	0
2414	4	0	0
2415	4	0	0
2416	1	0	0
2417	1	0	0
2418	4	0	0
2419	2	0	0
2420	2	0	0
2422	2	0	0
2423	4	0	0
2424	1	0	0
2425	2	0	0
2426	2	0	0
2427	4	0	0
2428	3	0	0
2429	1	0	0
2430	3	0	0
2433	1	0	0
2434	1	0	0
2435	1	0	0
2441	2	0	0
2442	1	0	0
2443	4	0	0
2444	3	0	0
2445	2	0	0
2446	1	0	0
2448	1	0	0
2451	1	0	0
2453	1	0	0
2454	2	0	0
2455	1	0	0
2456	2	0	0
2457	1	0	0
2459	2	0	0
2460	1	0	0
2461	1	0	0
2462	4	0	0
2463	1	0	0
2465	2	0	0
2466	1	0	0
2467	1	0	0
2468	2	0	1
2469	3	0	0
2470	4	0	0
2471	4	0	0
2472	5	0	0
2473	2	0	0
2474	1	0	0
2475	1	0	0
2476	2	0	0
2478	1	0	0
2479	2	0	0
2480	1	0	0
2481	2	0	0
2482	2	0	0
2483	2	0	0
2484	1	0	0
2486	1	0	0
2487	1	0	0
2491	1	0	0
2492	2	0	0
2493	2	0	0
2495	2	0	0
2497	1	0	0
2498	1	0	0
2499	2	0	0
2500	5	0	0
2501	1	0	0
2504	1	0	0
2505	2	0	0
2508	1	0	0
2509	1	0	0
2510	1	0	0
2511	4	0	0
2512	1	0	0
2514	1	0	0
2515	1	0	0
2516	2	0	0
2518	2	0	0
2521	2	0	0
2529	2	0	0
2531	1	0	0
2532	4	0	0
2533	2	0	0
2535	2	0	0
2536	2	0	0
2537	2	0	0
2538	1	0	0
2539	1	0	0
2540	1	0	0
2542	2	0	0
2545	2	0	0
2546	1	0	0
2548	2	0	0
2549	1	0	0
2550	1	0	0
2552	1	0	0
2553	1	0	0
2559	1	0	0
2560	2	0	0
2562	1	0	0
2569	1	0	0
2570	1	0	0
2572	1	0	0
2573	2	0	0
2578	1	0	0
2587	1	0	0
2591	1	0	0
2599	1	0	0
2608	1	0	0
2614	1	0	0
2619	0	0	1
2621	1	0	0
2626	1	0	0
2632	1	0	0
2633	1	0	0
2640	1	0	0
2650	1	0	0
2651	1	0	0
2655	1	0	0
2658	1	0	0
2661	1	0	0
2662	2	0	0
2665	1	0	0
2666	1	0	0
2670	1	0	0
2671	1	0	0
2673	2	0	0
2676	3	0	0
2677	2	0	0
2678	2	0	0
2680	2	0	0
2681	2	0	0
2682	2	0	0
2683	2	0	0
2684	1	0	0
2686	3	0	0
2687	4	0	0
2688	3	0	0
2690	1	0	0
2691	2	0	0
2692	2	0	0
2693	2	0	0
2694	1	0	0
2695	2	0	0
2696	1	0	1
2697	2	0	0
2698	1	0	0
2699	2	0	0
2700	1	0	0
2702	1	0	0
2703	3	0	0
2704	2	0	0
2705	3	0	0
2706	1	0	0
2707	2	0	0
2708	2	0	0
2709	2	0	0
2710	2	0	0
2711	2	0	0
2712	1	0	0
2713	2	0	0
2714	6	0	0
2715	8	0	0
2716	7	0	0
2717	5	0	0
2718	4	0	0
2719	4	0	0
2720	1	0	0
2721	3	0	0
2722	3	0	0
2723	1	0	0
2724	3	0	0
2725	1	0	0
2726	3	0	0
2727	5	0	0
2728	4	0	0
2729	4	0	0
2730	1	0	0
2731	4	0	0
2732	2	0	0
2733	3	0	0
2734	5	0	0
2735	2	0	0
2736	3	0	0
2737	2	0	0
2739	8	0	0
2740	5	0	0
2741	3	0	0
2742	2	0	0
2743	5	0	0
2744	6	0	0
2745	5	0	0
2746	5	0	0
2747	7	0	0
2748	8	0	0
2749	4	0	0
2750	2	0	0
2751	3	0	0
2752	1	0	0
2753	2	0	0
2754	2	0	0
2755	1	0	0
2756	2	0	0
2759	2	0	0
2760	3	0	0
2761	2	0	0
2762	1	0	0
2763	2	0	0
2764	2	0	0
2765	1	0	0
2767	6	0	0
2768	1	0	0
2769	6	1	0
2770	1	0	0
2771	5	0	0
2772	2	0	0
2774	1	0	0
2775	2	0	0
2776	1	0	0
2778	1	0	0
2779	2	0	0
2780	1	0	0
2781	2	0	0
2782	5	0	0
2784	1	0	0
2786	1	0	0
2789	1	0	0
2790	1	0	0
2791	1	0	0
2793	3	0	0
2797	1	0	0
2799	1	0	0
2802	1	0	0
2804	2	0	0
2805	1	0	0
2806	2	0	0
2807	1	0	0
2809	1	0	0
2812	1	0	0
2813	2	0	0
2816	1	0	0
2820	1	0	0
2821	1	0	0
2822	2	0	0
2826	1	0	0
2831	1	0	0
2833	1	0	0
2834	1	0	0
2835	1	0	0
2842	2	0	0
2843	1	0	0
2845	3	0	0
2846	1	0	0
2848	1	0	0
2865	1	0	0
2868	1	0	0
2871	1	0	0
2873	1	0	0
2874	1	0	0
2920	1	0	0
2928	1	0	0
2955	0	1	0
2966	1	0	0
2970	1	0	0
2971	1	0	0
2995	1	0	0
2997	1	0	0
2998	1	0	0
3002	1	0	0
3008	1	0	0
3021	1	0	0
3031	1	0	0
3044	1	0	0
3045	1	0	0
3046	1	0	0
3048	2	0	0
3083	1	0	0
3088	0	1	0
3091	1	0	0
3096	0	1	0
3114	0	1	0
3135	0	1	0
3144	1	0	0
3249	0	1	0
3257	0	1	0
3287	0	1	0
3289	0	1	0
3313	0	1	0
3319	1	0	0
3320	0	2	0
3373	0	1	0
3374	0	1	0
3376	0	1	0
3377	0	1	0
3379	0	0	1
3382	0	1	0
3438	0	1	0
3448	1	0	0
3463	0	0	1
3479	0	1	0
3509	0	1	0
3566	0	1	0
3570	0	0	1
3578	1	0	0
3592	1	1	0
3615	1	0	0
3623	0	1	0
3629	0	1	0
3651	1	0	0
3656	0	1	0
3670	0	1	0
3681	0	1	0
3695	0	0	1
3697	0	1	0
3718	0	0	1
3735	0	1	0
3830	1	0	0
3832	1	0	0
3854	1	0	0
3897	0	1	0
3945	1	0	0
3980	1	0	0
3998	1	0	0
4022	1	0	0
4029	1	0	0
4035	1	0	0
4037	1	0	0
4048	1	0	0
4049	1	0	0
4060	1	0	0
4063	2	0	0
4064	1	0	0
4067	1	0	0
4068	1	0	0
4074	1	0	0
4076	1	0	0
4077	2	0	0
4078	1	0	0
4079	1	0	0
4081	1	0	0
4082	1	0	0
4084	3	0	0
4086	1	0	0
4087	1	0	0
4088	1	0	0
4089	3	0	0
4090	1	0	0
4091	3	0	0
4093	1	0	0
4096	2	0	0
4097	1	0	0
4098	1	0	0
4100	1	0	0
4101	1	0	0
4102	2	0	0
4103	1	0	0
4106	4	0	0
4107	1	0	0
4108	2	0	0
4109	1	0	0
4110	1	0	0
4111	2	0	0
4112	2	0	0
4113	2	0	0
4114	1	0	0
4115	2	0	0
4117	2	0	0
4118	2	0	0
4119	4	0	0
4120	3	0	0
4122	1	0	0
4123	1	0	0
4124	2	0	0
4125	1	0	0
4126	3	0	0
4128	1	0	0
4129	3	0	0
4130	3	0	0
4131	2	0	0
4132	1	0	0
4134	1	0	0
4135	1	0	0
4137	2	0	0
4138	2	0	0
4139	1	0	0
4140	1	0	0
4142	1	0	0
4144	1	0	0
4146	1	0	0
4148	2	0	0
4150	1	0	0
4152	1	0	0
4154	2	0	0
4156	1	0	0
4157	2	0	0
4158	1	0	0
4165	1	0	0
4167	1	0	0
4169	1	0	0
4172	1	0	0
4175	1	0	0
4179	2	0	0
4181	1	0	0
4187	1	0	0
4190	2	0	0
4191	1	0	0
4193	1	0	0
4195	1	0	0
4196	1	0	0
4198	2	0	0
4199	1	0	0
4202	1	0	0
4203	1	0	0
4204	1	0	0
4205	1	0	0
4206	1	0	0
4209	2	0	0
4213	1	0	0
4214	2	0	0
4215	1	0	0
4217	1	0	0
4219	2	0	0
4220	2	0	0
4221	2	0	0
4222	1	0	0
4225	1	0	0
4226	1	0	0
4227	2	0	0
4228	8	0	0
4230	1	0	0
4231	1	0	0
4232	1	0	0
4233	1	0	0
4234	1	0	0
4236	1	0	0
4238	2	0	0
4239	2	0	0
4241	3	0	0
4245	1	0	0
4246	1	0	0
4247	1	0	0
4249	1	0	0
4250	3	0	0
4251	2	0	0
4252	1	0	0
4253	2	0	0
4254	2	0	0
4255	2	0	0
4256	1	0	0
4257	1	0	0
4261	2	0	0
4263	1	0	0
4265	2	0	0
4266	2	0	0
4270	3	0	0
4271	4	0	0
4274	1	0	0
4275	1	0	0
4276	1	0	0
4277	3	0	0
4278	1	0	0
4279	1	0	0
4280	3	0	0
4281	3	0	0
4282	2	0	0
4283	1	0	0
4284	1	0	0
4285	3	0	0
4286	2	0	0
4287	1	0	0
4288	1	0	0
4289	1	0	0
4290	1	0	0
4291	4	0	0
4293	2	0	0
4294	1	0	0
4296	2	0	0
4297	1	0	0
4300	2	0	0
4305	1	0	0
4307	1	0	0
4310	1	0	0
4315	2	0	0
4316	1	0	0
4317	1	0	0
4319	2	0	0
4320	1	0	0
4321	1	0	0
4322	1	0	0
4323	1	0	0
4325	2	0	0
4326	1	0	0
4328	3	0	0
4329	2	0	0
4330	1	0	0
4334	1	0	0
4338	2	0	0
4340	1	0	0
4341	1	0	0
4342	1	0	0
4347	1	0	0
4348	1	0	0
4349	1	0	0
4352	2	0	0
4353	1	0	0
4354	2	0	0
4363	1	0	0
4364	1	0	0
4366	2	0	0
4369	1	0	0
4370	1	0	0
4376	1	0	0
4379	1	0	0
4380	1	0	1
4381	1	0	0
4382	1	0	0
4388	2	0	0
4390	1	0	0
4394	1	0	0
4396	1	0	0
4398	3	0	0
4401	1	0	0
4404	1	0	0
4407	1	0	0
4410	0	0	1
4412	1	0	0
4415	1	0	0
4418	1	0	0
4420	3	0	0
4421	1	0	0
4428	1	0	0
4432	1	0	0
4436	1	0	0
4437	1	0	0
4440	2	0	0
4446	1	0	0
4454	1	0	0
4461	1	0	0
4462	1	0	0
4463	2	0	0
4475	1	0	0
4478	1	0	0
4529	1	0	0
4537	0	0	1
4571	0	1	0
4576	0	1	0
4594	1	0	0
4603	0	1	0
4606	0	1	0
4623	1	0	0
4637	1	0	0
4649	0	1	0
4656	0	1	0
4660	0	1	0
4679	1	1	0
4680	0	2	0
4684	0	1	0
4685	2	0	0
4689	0	1	0
4690	0	1	0
4691	0	1	0
4734	0	1	0
4758	0	1	0
4774	0	1	0
4809	1	0	0
4843	0	1	0
4927	0	1	0
4930	0	1	0
4941	0	1	0
5005	0	1	0
5023	0	1	0
5031	0	1	0
5041	0	1	0
5046	0	1	0
5066	0	1	0
5074	0	1	0
5076	1	0	0
5131	1	0	0
5163	1	0	0
5167	1	0	0
5169	2	0	0
5170	1	0	0
5172	2	0	0
5174	1	0	0
5176	3	0	0
5177	1	0	0
5179	2	0	0
5180	2	0	0
5182	1	0	0
5185	1	0	0
5186	1	0	0
5192	1	0	0
5196	1	0	0
5197	2	0	0
5206	1	0	0
5208	1	0	0
5210	1	0	0
5214	1	0	0
5216	0	0	1
5226	1	0	0
5243	1	0	0
5246	1	0	0
5254	1	0	0
5266	0	1	0
5272	1	0	0
5327	0	1	0
5354	0	1	0
5358	0	0	1
5365	0	1	0
5370	1	0	0
5371	0	1	0
5380	0	1	0
5410	0	1	0
5422	0	0	1
5439	0	1	0
5442	0	1	0
5486	0	1	0
5492	0	0	1
5545	0	0	1
5550	0	0	1
5554	1	0	0
5562	1	0	0
5565	0	0	1
5570	0	0	1
5662	1	0	0
5668	0	1	0
5681	0	0	1
5700	1	0	0
5713	1	0	0
5750	0	0	1
5756	0	0	1
5769	1	0	0
5776	2	0	0
5853	1	0	0
5912	0	0	1
5925	0	1	0
6004	1	0	0
6053	1	0	0
6089	1	0	0
6150	0	1	0
6158	1	0	0
6172	1	0	0
6204	1	0	0
6269	1	0	0
6278	1	0	0
6280	1	0	0
6346	1	0	0
6383	1	0	0
6440	1	0	0
6494	1	0	0
6503	1	0	0
6540	1	0	0
6545	0	1	0
6570	1	0	0
6603	1	0	0
6622	1	0	0
6649	0	0	1
6655	1	0	0
6659	1	0	0
6668	1	0	0
6676	1	0	0
6683	1	0	0
6684	1	0	0
6685	1	0	0
6691	2	0	0
6693	2	0	0
6695	1	0	0
6697	1	0	0
6698	3	0	0
6699	2	0	0
6700	1	0	0
6702	1	0	0
6704	1	0	0
6705	3	0	0
6706	1	0	0
6707	3	0	0
6708	3	0	0
6709	2	0	0
6710	4	0	0
6711	2	0	0
6712	4	0	0
6713	3	0	0
6714	3	0	0
6716	3	0	0
6717	1	0	0
6719	2	0	0
6720	1	0	0
6721	2	0	0
6722	2	0	0
6723	1	0	0
6724	2	0	0
6725	3	0	0
6726	1	0	0
6727	2	0	0
6728	2	0	0
6729	1	0	0
6730	3	0	0
6731	1	0	0
6732	3	0	0
6733	2	0	0
6734	4	0	0
6735	4	0	0
6736	3	0	0
6737	3	0	0
6738	2	0	0
6739	5	0	0
6740	3	0	0
6741	3	0	0
6742	5	0	0
6743	4	0	0
6744	5	0	0
6745	4	0	0
6746	5	0	0
6747	1	0	0
6748	4	0	0
6749	3	0	0
6750	2	0	0
6751	3	0	0
6752	1	0	0
6753	2	0	0
6754	1	0	0
6755	3	0	0
6756	1	0	4
6758	5	0	0
6759	3	0	0
6760	2	0	0
6761	5	0	0
6762	1	0	0
6763	4	0	0
6765	1	0	0
6767	2	0	0
6768	0	0	1
6769	2	0	0
6770	1	0	0
6772	2	0	0
6773	1	0	0
6774	4	0	0
6775	2	0	0
6776	2	0	0
6777	3	0	0
6778	3	0	0
6779	2	0	0
6780	2	0	0
6781	5	0	0
6782	2	0	0
6783	2	0	0
6785	3	0	0
6786	1	0	0
6787	1	0	0
6788	1	0	0
6789	4	0	0
6790	1	0	0
6791	1	0	0
6794	2	0	0
6795	0	0	1
6796	1	0	1
6799	1	0	0
6800	1	0	0
6802	1	0	0
6803	1	0	0
6804	1	0	0
6805	1	0	0
6806	2	0	0
6808	1	0	0
6811	2	0	0
6812	1	0	0
6813	3	0	0
6814	1	0	0
6817	2	0	0
6818	1	0	0
6819	1	0	0
6820	1	0	0
6821	2	0	0
6822	1	0	0
6823	1	0	0
6824	2	0	0
6825	1	0	0
6826	1	0	0
6827	2	0	0
6829	1	0	0
6830	2	0	0
6831	2	0	0
6834	1	0	1
6836	1	0	0
6838	1	0	0
6840	1	0	0
6843	1	0	0
6849	1	0	0
6852	1	0	0
6853	1	0	0
6855	0	0	1
6859	1	0	0
6866	1	0	0
6871	1	0	0
6900	1	0	0
6967	1	0	0
6999	0	1	0
7002	0	1	0
7012	1	0	0
7040	0	1	0
7044	1	0	0
7058	1	0	0
7069	1	0	0
7075	0	1	0
7082	0	1	0
7099	1	0	0
7110	0	1	0
7124	1	0	0
7152	1	0	0
7163	1	0	0
7165	0	1	0
7167	0	1	0
7196	0	1	0
7198	0	1	0
7211	0	1	0
7230	0	1	0
7234	0	1	0
7253	1	0	0
7261	0	1	0
7281	1	0	0
7321	1	0	0
7323	1	0	0
7560	0	0	1
7617	0	1	0
7656	0	0	1
7659	0	0	1
7731	0	0	1
7873	1	0	0
7894	1	0	0
7909	1	0	1
7936	1	0	0
7951	1	0	0
7956	1	0	0
7958	1	0	0
7961	0	0	1
7962	1	0	0
7967	1	0	0
7975	1	0	0
7994	1	0	0
7995	1	0	0
7998	1	0	0
8052	1	0	0
8079	1	0	0
8121	0	0	1
8128	0	0	1
8158	0	0	1
8175	0	0	1
8200	0	0	1
8201	0	0	2
8254	0	0	1
8461	0	1	0
8499	0	1	0
8515	0	1	0
8521	0	1	0
8522	0	1	0
8523	0	1	0
8525	0	1	0
8530	0	2	0
8532	0	2	0
8537	0	1	0
8540	0	1	0
8552	0	1	0
8553	0	1	0
8573	0	0	1
8594	0	1	0
8596	0	1	0
8598	0	1	0
8599	0	1	0
8600	0	1	0
8601	0	1	0
8603	0	1	0
8605	0	2	0
8612	0	1	0
8616	0	1	0
8622	0	1	0
8627	0	1	0
8629	0	1	0
8644	0	1	0
8663	0	0	1
8784	0	1	0
8868	0	0	1
8875	0	1	0
8879	0	1	0
8892	0	0	1
8912	0	1	0
8918	0	1	0
8919	0	1	0
8926	0	1	0
8933	0	1	0
8943	0	1	0
8950	0	1	0
8952	0	1	0
8963	0	1	0
8972	0	1	0
8981	1	0	0
8982	0	1	0
9004	0	0	1
9017	0	1	0
9024	0	1	0
9029	0	2	0
9037	0	1	0
9039	0	2	0
9044	0	1	0
9060	0	1	0
9065	0	1	0
9066	0	1	0
9085	0	1	1
9108	1	0	0
9111	1	0	0
9198	0	0	1
9208	0	0	1
9211	1	0	0
9221	1	0	1
9245	1	0	0
9250	0	0	1
9253	0	0	1
9258	1	0	0
9275	1	0	0
9283	1	0	0
9284	1	0	0
9286	0	0	1
9287	1	0	0
9293	1	0	0
9303	1	0	0
9304	1	0	0
9309	0	0	1
9312	1	0	0
9319	1	0	0
9320	1	0	0
9326	1	0	0
9327	1	0	0
9330	1	0	0
9343	1	0	0
9346	1	0	0
9366	1	0	0
9373	1	0	0
9380	1	0	0
9381	1	0	0
9384	2	0	0
9388	1	0	0
9391	1	0	0
9401	2	0	0
9405	1	0	0
9408	0	0	1
9426	1	0	0
9448	1	0	0
9483	1	0	0
9500	0	0	1
9552	1	0	0
9608	0	1	0
9614	0	0	1
9638	1	0	0
9641	1	0	0
9643	1	0	0
9644	3	0	0
9669	1	0	0
9675	1	0	0
9677	1	0	0
9680	1	0	0
9704	1	0	0
9740	1	0	0
9743	1	0	0
9745	2	0	0
9747	1	0	0
9748	2	0	0
9789	0	0	1
9871	0	0	1
10091	0	1	0
10230	0	0	1
11084	0	0	1
11230	0	0	1
11287	0	1	0
11330	0	1	0
11523	0	1	0
11549	0	1	0
11562	0	1	0
11578	0	1	0
11592	0	1	0
11605	0	1	0
11657	0	1	0
11894	1	0	0
11993	0	0	1
12091	0	0	1
12156	0	0	1
12254	0	0	1
12296	0	1	0
12328	0	0	1
12373	1	0	0
12377	0	1	0
12381	0	1	0
12440	1	0	0
12475	1	0	0
12674	0	1	0
12677	1	0	0
12720	0	1	0
12722	0	1	0
12955	1	0	0
13034	0	1	0
13044	0	1	0
13052	0	1	0
13101	0	1	0
13309	1	0	0
13507	0	0	1
13592	1	0	0
13732	1	0	0
13734	1	0	0
13735	1	0	0
13742	1	0	0
13747	1	0	0
13775	1	0	0
13943	1	0	0
14885	0	0	1
14975	1	0	0
15030	0	1	0
15149	0	1	0
15344	1	0	0
15853	0	0	1
15885	1	0	0
16004	0	0	1
16102	0	1	0
16121	0	0	1
16322	0	0	1
16384	0	1	0
16590	1	0	0
16971	1	0	0
17074	1	0	0
17244	1	0	0
17396	1	0	0
17426	1	0	0
17955	0	0	1
18493	0	1	0
19061	0	1	0
19815	0	0	1
19860	0	0	1
20144	0	0	1
20265	0	1	0
20368	0	0	1
20388	0	0	1
21188	1	0	0
21541	0	0	1
21892	0	0	1
21956	0	1	0
22482	0	0	1
22728	0	0	1
22743	0	0	1
22987	0	0	1
23698	0	0	1
23959	0	1	0
24073	0	0	1
24110	0	0	1
24196	0	0	1
24347	0	0	1
24692	0	0	1
24762	0	1	0
24768	0	0	1
25322	0	0	1
25334	0	0	1
25460	0	0	1
25499	0	0	1
25605	0	0	1
25825	0	1	0
25844	0	0	1
25962	0	1	0
26230	1	0	0
26303	0	0	1
26375	1	0	0
26450	0	1	0
26530	0	0	1
26648	0	0	1
27252	0	0	1
27254	0	0	1
27255	0	0	1
27259	0	0	1
27260	0	0	3
27261	0	0	1
27271	0	0	1
27284	0	0	1
27308	0	0	1
27326	0	0	1
27357	0	0	1
27595	0	0	1
28059	0	1	0
28171	1	0	0
28268	0	0	1
28357	0	1	0
28542	0	1	0
28647	0	0	1
28650	0	1	0
28688	0	0	1
28873	0	0	1
28898	1	0	0
29052	1	0	0
29054	1	0	0
29291	1	0	0
29301	0	0	1
29398	1	0	0
29553	0	0	1
29710	0	0	1
29896	0	0	1
30073	0	1	0
30085	0	0	1
30336	0	0	1
30407	0	0	1
30502	0	0	1
30762	1	0	0
30782	0	0	1
30942	0	0	1
31104	1	0	0
31251	0	0	1
31737	0	1	0
31850	0	1	0
31895	1	0	0
32004	0	0	1
32089	0	0	1
32104	0	1	0
32547	0	0	1
33228	0	0	1
33390	0	0	1
33868	0	1	0
33884	0	0	1
34618	0	0	1
34986	0	0	1
35185	0	0	1
35225	0	0	1
35830	0	1	0
35859	0	0	1
36175	0	0	1
36179	0	0	1
36191	0	0	1
36282	0	0	1
36334	0	0	1
36576	0	0	1
36796	0	0	1
37159	0	0	1
37263	0	0	1
37457	0	0	1
37510	0	0	1
37561	0	0	1
37586	0	0	1
37783	0	1	0
37955	0	0	1
38020	0	1	0
38120	1	0	0
38250	0	1	0
38799	1	0	0
38801	1	0	0
38805	1	0	0
38826	1	0	0
38834	1	0	0
38848	1	0	0
39049	1	0	0
39090	1	0	0
39199	0	1	0
39285	0	1	0
39307	1	0	0
39318	1	0	0
39319	1	0	0
39655	0	0	1
39877	1	0	0
39918	0	1	0
40296	0	0	1
40339	1	0	0
40426	0	0	1
40429	0	0	1
40930	0	1	0
41333	0	0	1
41542	0	0	1
41555	0	1	0
42213	0	1	0
42660	0	0	1
42703	1	0	0
42889	0	0	1
43002	0	0	1
43139	0	1	0
44050	0	0	1
44268	0	1	0
44935	0	1	0
45243	0	1	0
45257	0	1	0
45357	0	1	0
45395	0	1	0
45407	0	1	0
45415	0	1	0
45438	0	1	0
45476	0	1	0
45483	0	1	0
45534	0	0	1
45760	0	1	0
45784	0	1	0
45804	0	1	0
45822	0	1	0
45913	1	0	0
45978	0	0	1
46120	1	0	0
46152	1	0	0
46332	1	0	0
46388	0	0	1
46404	1	0	0
46503	1	0	0
46521	1	0	0
46531	0	0	1
46594	1	0	0
46711	1	0	0
46746	1	0	0
46847	1	0	0
47179	0	1	0
47271	0	0	1
47300	0	0	1
48012	0	0	1
48100	0	1	0
48124	0	1	0
48383	0	1	0
48511	0	1	0
48562	0	1	0
48563	0	1	0
48811	0	0	1
48853	0	0	1
48869	0	1	0
48957	1	0	0
49050	0	1	0
49302	1	0	0
49330	1	0	0
49375	1	0	0
49698	1	0	0
49729	1	0	0
49945	1	0	0
50889	1	0	0
50980	1	0	0
52396	0	0	1
52788	0	1	0
52794	0	0	1
53017	0	0	1
53345	0	0	1
53360	0	0	1
53443	0	0	1
53774	0	0	1
54128	1	0	0
54509	0	0	1
55236	0	1	0
55510	1	0	0
55659	0	2	0
55660	0	14	0
55661	0	13	0
55662	0	153	0
55663	0	4	0
55665	0	1	0
55668	0	1	0
55669	0	1	0
55728	0	1	0
55753	1	0	0
55760	1	0	0
55761	1	0	0
55762	2	0	0
55763	1	0	0
55764	2	0	0
55765	8	0	0
55766	1	0	0
55768	1	0	0
55769	2	0	0
55770	4	0	0
55772	3	0	0
55928	0	0	1
55977	0	0	1
56000	0	0	3
56001	0	0	1
56038	0	1	0
56078	0	0	1
56220	0	0	1
56279	0	0	1
56431	0	0	1
56447	0	0	1
56467	0	0	1
56471	0	0	1
56980	0	1	0
57049	0	1	0
57058	0	1	0
57059	0	1	0
57132	0	1	0
57133	0	1	0
57145	0	1	0
57151	0	1	0
57460	0	1	0
57707	1	0	0
57712	1	0	0
57855	1	0	0
57949	1	0	0
57950	1	0	0
58025	1	0	0
58057	1	0	0
58067	1	0	0
58105	1	0	0
58184	2	0	0
58188	1	0	0
58198	1	0	0
58203	1	0	0
58206	2	0	0
58220	1	0	0
58243	1	0	0
58289	1	0	0
58324	1	0	0
58325	1	0	0
58378	0	1	0
58835	0	0	1
58875	1	0	0
59458	0	1	0
59969	1	0	0
60318	1	0	0
60848	0	1	0
61022	0	0	1
61202	0	0	1
62676	0	0	1
63585	0	0	1
63832	0	1	0
64272	0	0	1
64466	1	0	0
65590	1	0	0
65625	1	0	0
65824	1	0	0
66487	0	1	0
66655	0	0	1
66746	1	0	0
66928	0	0	1
67382	0	0	1
67717	0	0	1
68341	0	1	0
68388	0	0	1
69173	0	1	0
69520	0	0	1
70160	1	0	0
71640	0	0	1
71647	0	0	1
71680	1	0	0
71786	1	0	0
71835	1	0	0
72574	1	0	0
73160	1	0	0
73338	1	0	0
74432	0	0	1
74575	0	0	1
75212	0	1	0
76058	0	0	1
76230	1	0	0
76604	1	0	0
76774	0	0	1
77262	0	0	1
77384	0	0	1
78413	1	0	0
78667	0	1	0
78978	0	1	0
79432	0	0	1
79520	0	0	1
79948	0	0	1
80124	0	0	1
80270	0	0	1
80298	0	1	0
80730	0	1	0
80985	0	1	0
82243	1	0	0
82492	1	0	0
82712	0	0	1
82860	0	1	0
84010	0	0	1
84253	0	0	1
84329	0	1	0
84367	0	0	1
84785	0	2	0
84900	1	0	0
84952	0	1	0
86120	0	0	1
86161	0	0	1
86235	0	0	1
86278	0	1	0
86307	0	0	1
86837	0	0	1
87525	1	0	0
87651	1	0	0
89397	0	0	1
90356	0	1	0
90376	0	0	1
91178	0	0	1
91461	0	0	1
92078	0	1	0
92587	0	0	1
93197	0	1	0
93202	0	1	0
93228	0	1	0
93232	0	1	0
93254	0	1	0
93350	0	0	1
93391	0	1	0
93453	0	1	0
93496	0	1	0
93900	1	0	0
94176	1	0	0
94196	1	0	0
94296	1	0	0
94549	1	0	0
94556	1	0	0
94591	1	0	0
94606	1	0	0
94613	1	0	0
94817	0	1	0
95218	0	1	0
95263	0	1	0
95397	1	0	0
96615	1	0	0
96772	0	0	2
97173	0	0	1
97330	0	0	1
97503	0	0	1
97650	0	0	1
97863	0	0	1
98373	1	0	0
99059	0	1	0
99102	0	1	0
99142	0	1	0
99252	0	1	0
99350	0	1	0
99519	0	2	0
99530	0	1	0
99532	0	4	0
99535	0	1	0
99539	0	1	0
99540	0	1	0
99544	0	4	0
99545	0	2	0
99562	0	1	0
99585	0	1	0
99594	0	2	0
99595	0	5	0
99597	0	4	0
99602	0	2	0
99604	0	1	0
99605	0	6	0
99607	0	4	0
99608	0	4	0
99609	0	3	0
99610	0	7	0
99612	0	1	0
99617	0	4	0
99618	0	1	0
99619	0	4	0
99620	0	7	0
99621	0	2	0
99622	0	1	0
99623	0	2	0
99624	0	9	0
99625	0	15	0
99626	0	5	0
99627	0	14	0
99628	0	9	0
99629	0	9	0
99630	0	4	0
99631	0	2	0
99632	0	2	0
99633	0	1	0
99636	0	2	0
99637	0	1	0
99638	0	9	0
99639	0	18	0
99640	0	6	0
99641	0	15	0
99642	0	3	0
99644	0	1	0
99647	0	1	0
99649	0	1	0
99651	0	2	0
99652	0	1	0
99663	0	2	0
99683	0	1	0
99686	0	1	0
99704	0	1	0
99780	0	0	1
99939	0	0	1
99957	0	0	1
100037	1	0	0
100043	1	0	0
100046	1	0	0
100053	1	0	0
100054	1	0	0
100056	2	0	0
100058	4	0	0
100060	2	0	0
100061	15	0	0
100062	9	0	0
100063	24	0	0
100064	10	0	0
100065	2	0	0
100066	1	0	0
100067	3	0	0
100071	3	0	0
100072	3	0	0
100073	6	0	0
100074	16	0	0
100075	17	0	0
100076	6	0	0
100077	20	0	0
100078	17	0	0
100079	6	0	0
100080	1	0	0
100081	1	0	0
100082	9	0	0
100083	12	0	0
100084	3	0	0
100085	3	0	0
100090	3	0	0
100092	4	0	0
100093	1	0	0
100094	4	0	0
100095	2	0	0
100096	1	0	0
100097	2	0	0
100098	1	0	0
100100	4	0	0
100102	4	0	0
100104	2	0	0
100105	7	0	0
100106	1	0	0
100107	4	0	0
100108	1	0	0
100109	1	0	0
100110	1	0	0
100111	1	0	0
100120	1	0	0
100124	1	0	0
100141	1	0	0
100151	1	0	0
100157	5	0	0
100158	10	0	0
100159	5	0	0
100162	8	0	0
100163	2	0	0
100164	1	0	0
100166	2	0	0
100168	1	0	0
100169	6	0	0
100170	13	0	0
100171	6	0	0
100181	1	0	0
100183	6	0	0
100184	1	0	0
100186	1	0	0
100189	1	0	0
100456	1	0	0
100656	0	1	0
100848	1	0	0
101043	0	0	1
101116	0	0	1
101421	1	0	0
101992	0	0	1
103088	1	0	0
103800	1	0	0
103815	0	0	1
103857	1	0	0
104040	0	0	1
104086	0	0	1
104287	0	0	1
104366	0	0	1
104524	0	1	0
104669	0	0	1
105022	0	0	1
105034	0	0	1
105056	0	0	1
105587	0	0	1
105616	0	0	1
105735	0	0	1
105743	0	0	1
105775	0	1	0
105821	0	0	1
105837	0	0	1
105914	0	0	1
105973	0	0	1
106033	0	0	1
106042	0	0	1
106051	0	1	0
106152	0	0	1
106155	0	0	1
106215	0	0	1
106341	0	0	2
106350	0	0	1
106352	0	0	1
106410	0	0	1
106512	0	0	1
106538	0	0	1
106560	1	0	0
106637	0	0	1
106648	0	0	1
106821	0	0	1
106864	0	0	1
106975	0	0	1
106977	0	0	2
106979	0	0	1
107081	0	0	1
107113	0	0	1
107191	0	0	1
107206	0	0	1
107402	0	0	1
107443	0	0	1
107616	0	0	1
107828	0	1	0
107914	0	1	0
107915	0	1	0
108102	0	0	1
108129	0	0	1
108170	0	0	1
108204	0	0	1
108292	0	0	1
108483	0	1	0
108675	0	0	1
108779	0	1	0
108789	0	0	1
108807	0	0	2
108839	0	1	0
108879	0	0	1
108927	0	0	1
109018	0	1	0
109380	0	0	1
109384	1	0	0
109439	0	0	1
109531	0	0	1
109601	0	0	1
109871	1	0	0
110015	1	0	0
110113	0	1	0
110263	0	0	1
110340	0	1	0
110344	1	0	0
110363	0	1	1
110396	0	1	0
110425	0	0	1
110437	0	0	1
110475	0	0	1
110526	0	0	1
110576	0	1	1
110583	0	0	1
110591	0	1	0
110617	0	1	0
110620	0	1	0
110621	0	1	0
110623	0	1	0
110627	0	1	0
110630	0	2	0
110637	0	1	0
110641	0	1	0
110644	0	1	0
110668	0	1	0
110672	0	1	0
110681	0	0	1
110683	0	1	0
110687	0	1	0
110688	0	1	0
110691	0	1	0
110694	0	1	0
110699	0	1	0
110702	0	1	0
110713	0	1	0
110725	0	0	1
110746	0	1	0
110759	0	1	0
110790	0	1	0
110801	0	0	1
110811	0	0	1
110814	0	0	1
110877	0	0	1
110878	0	0	1
110967	0	0	1
111000	0	0	1
111003	0	0	1
111030	0	0	1
111085	0	0	1
111119	1	0	0
111166	0	0	1
111294	1	0	0
111410	0	1	0
111429	0	0	1
111433	1	0	0
111437	1	0	0
111527	1	1	0
111543	0	1	0
111727	0	0	1
112061	0	0	1
112395	0	0	1
112889	0	0	1
113076	0	0	1
113349	1	0	0
113490	0	0	1
113616	0	0	1
114499	0	0	1
114509	1	0	0
114653	1	0	0
114655	0	0	1
114682	0	0	1
115013	0	0	1
115056	0	0	1
115139	1	0	0
115192	0	0	1
115249	0	1	0
115496	1	0	0
115537	0	0	1
115638	0	0	1
116204	0	1	0
116795	1	0	0
117476	0	0	1
117543	1	0	0
117552	1	0	0
117869	0	0	1
117964	0	0	1
118000	0	0	2
118015	0	0	1
118016	0	0	1
118030	0	0	1
118040	0	0	1
118440	0	0	1
118706	0	1	0
118872	0	0	1
119143	0	1	0
119250	0	0	1
119297	0	0	1
119608	0	1	0
120729	0	0	1
120789	0	0	1
120867	0	1	0
121169	0	0	1
121890	0	0	1
121912	0	0	1
122444	0	0	1
122456	0	0	1
122480	0	0	1
122635	1	0	0
122732	1	0	0
123084	0	0	1
123285	0	1	0
123340	0	1	0
124431	0	0	1
124521	1	0	0
125220	0	0	1
125678	0	1	0
127828	0	0	1
128735	0	0	1
128737	0	0	2
128960	1	0	0
128962	3	0	0
128963	1	0	0
128964	3	0	0
128965	2	0	0
128966	1	0	0
128968	4	0	0
128969	1	0	0
128970	2	0	0
128986	1	0	0
128987	1	0	0
128988	2	0	0
128989	4	0	0
128997	1	0	0
129025	1	0	0
129028	0	0	1
129085	1	0	0
129090	1	0	0
129165	1	0	0
129258	2	0	0
129663	0	0	1
129762	0	1	0
131646	0	0	1
131712	0	1	0
131834	0	1	0
132032	0	0	1
132060	1	0	0
132097	0	1	0
132343	1	0	0
132872	0	1	0
133789	0	1	0
134255	0	1	0
134265	0	1	0
134346	0	0	1
134403	0	1	0
134506	0	1	0
134507	0	1	0
134510	0	1	0
134723	0	0	2
134775	0	1	0
134837	0	1	0
134909	1	0	0
135644	0	0	1
135942	1	0	0
136049	0	1	0
136068	0	1	0
136252	0	0	1
136834	0	1	0
139258	2	0	0
139659	0	0	1
139729	1	0	0
140376	0	1	0
140436	0	0	1
140647	0	0	1
140674	0	0	1
140957	1	0	0
141148	0	0	1
141388	0	0	1
141391	0	0	1
143607	1	0	0
144220	1	0	0
144312	0	1	0
145446	0	0	1
145669	0	0	1
145905	0	1	0
145981	0	0	1
146840	1	0	0
147084	0	0	1
147602	0	0	1
147622	0	1	0
147806	0	0	1
148619	0	1	0
149148	0	0	1
149337	0	0	1
149983	0	0	1
150028	0	1	0
150416	1	0	0
150565	0	0	1
150836	0	1	0
151041	0	0	2
151364	1	0	0
151683	0	0	1
152969	0	0	1
153156	0	0	1
153574	0	0	1
154151	0	1	0
155018	0	0	1
155661	1	0	0
155746	0	0	1
155927	0	0	1
155949	0	0	1
155966	0	0	1
156029	0	0	1
156466	0	1	0
156467	0	1	0
156845	1	0	0
157511	0	0	1
157566	0	0	1
157605	1	0	0
157632	0	0	1
157835	0	0	1
157874	0	0	1
158063	0	0	1
158088	0	0	1
158384	0	0	1
158750	0	0	1
158902	0	0	1
159109	0	1	0
159658	0	0	1
160003	0	1	0
160791	0	0	1
160930	0	0	1
161079	0	0	1
161122	0	0	1
161209	1	0	0
161433	0	0	1
161631	1	0	0
162504	0	0	1
162530	0	0	1
162545	0	0	1
162623	0	0	1
162759	0	0	1
163058	0	0	1
163161	0	0	1
163459	1	0	0
164301	0	1	0
165065	1	0	0
165329	0	0	1
166667	0	1	0
167662	0	0	1
167752	0	1	0
167849	1	0	0
168066	0	1	0
168389	0	0	1
169140	1	0	0
169222	0	0	1
169254	1	0	0
169416	0	0	1
169658	1	0	0
170004	0	0	1
170316	0	0	1
170721	1	0	0
171019	0	0	1
171242	0	0	1
171580	0	0	1
171591	0	0	1
171618	0	1	0
171791	0	0	1
171808	0	0	1
172140	1	0	0
172815	0	0	1
172911	0	0	1
172990	0	0	1
173614	0	0	1
173760	0	0	1
173951	0	0	1
173952	0	0	1
173960	0	0	1
173974	0	0	1
174198	0	0	1
174222	0	0	1
174311	0	0	1
174438	0	0	1
174520	0	0	1
174549	0	0	1
174605	0	0	1
174657	0	0	1
174692	0	0	1
174695	0	0	1
174706	0	0	2
174748	0	0	1
174783	0	0	1
174835	0	0	1
174903	0	0	1
174918	0	0	1
175154	0	0	1
175220	0	0	1
175258	0	0	1
175304	0	0	1
175446	0	0	1
175742	0	0	1
175745	0	0	1
175785	0	0	1
175809	0	0	1
175813	0	0	1
175824	0	0	1
175825	0	0	1
175827	0	0	1
175859	0	0	1
176107	0	0	1
176164	0	0	1
176197	0	0	1
176248	1	0	0
176260	1	0	0
176511	0	0	1
176526	0	0	1
176540	0	0	1
176750	0	0	1
176759	0	0	1
176886	0	0	1
176950	0	0	1
177000	0	0	1
177201	0	0	1
177216	0	1	0
177266	0	0	1
177297	0	0	1
177299	0	0	1
177300	0	0	1
177373	0	0	1
177406	0	0	1
177567	0	0	1
177692	0	0	1
177734	1	0	0
177828	0	0	1
177857	0	0	1
177946	0	0	1
178028	1	0	0
178059	0	0	1
178078	1	0	0
178188	0	0	1
178202	0	1	0
178342	0	0	1
178351	0	0	1
178374	0	0	1
178376	0	0	1
178576	0	0	1
178784	0	0	1
178795	1	0	0
178801	0	0	1
178834	0	0	1
178863	0	0	1
178898	0	0	1
178915	0	0	1
179163	0	0	1
179184	0	0	1
179261	0	0	1
179301	0	0	1
179302	0	0	1
179309	0	0	1
179327	0	0	1
179468	0	0	1
179490	0	0	1
179491	0	0	1
179520	0	0	1
179679	0	0	1
179687	0	0	1
179691	0	0	1
179705	0	0	1
179891	0	0	1
180164	0	0	1
180355	0	0	2
180358	0	0	1
180422	0	0	1
180424	0	0	1
180448	0	0	1
180487	0	0	1
180502	0	0	1
181892	1	0	0
182051	0	0	1
182120	0	1	0
183371	0	0	1
183443	0	0	1
183558	0	0	1
183570	0	0	1
183608	0	0	1
183611	0	0	1
183630	0	0	1
183631	0	0	2
184686	1	0	0
184689	1	0	0
184691	2	0	0
184692	1	0	0
184705	1	0	0
184837	0	0	1
185180	0	0	1
185235	0	0	1
185260	0	0	1
185501	0	0	1
185523	0	0	1
185632	1	0	0
185638	0	0	1
185686	0	0	1
185738	0	0	1
185807	0	0	1
185862	0	0	1
186278	0	0	1
186633	0	1	0
186638	0	1	0
186878	0	1	0
187170	0	0	1
187178	0	0	1
187273	0	0	1
187330	0	0	1
187357	1	0	0
187358	1	0	0
187384	0	0	1
187387	0	0	1
187417	1	0	0
187427	1	0	0
187488	0	0	1
187519	0	0	1
187538	0	0	1
187544	0	0	1
187562	0	0	1
187594	0	0	1
187770	0	0	1
187859	0	0	1
187934	0	1	0
187950	0	0	1
187963	0	0	1
188261	0	0	1
188320	0	0	1
188359	0	0	1
188642	0	0	1
188643	0	1	0
188654	0	0	1
188984	0	0	1
189463	0	1	0
189593	0	0	1
190005	0	0	1
190148	0	0	1
191182	1	0	0
191313	0	1	0
191483	0	0	1
191649	0	1	0
191691	1	0	0
191743	1	0	0
191764	5	0	0
192561	0	0	1
192567	0	0	1
192756	0	1	0
193293	0	0	1
193758	0	0	1
193834	0	0	1
194235	0	0	1
194435	0	0	1
194535	0	0	1
196694	0	0	1
196962	0	0	1
196983	0	0	1
197041	0	0	1
197423	1	0	0
197762	1	0	0
198165	0	0	1
198177	0	0	1
198257	0	0	1
198519	0	1	0
198701	0	1	0
198840	0	0	1
198888	1	0	0
198961	0	0	1
199509	0	0	1
200003	1	0	0
200985	0	0	1
201070	0	0	1
201984	0	1	0
203141	0	1	0
204349	0	1	0
204536	0	1	0
205168	0	0	1
205224	0	0	1
205906	0	0	1
206052	0	0	1
206206	0	0	1
206874	0	1	0
206914	0	1	0
207173	0	0	1
207316	0	1	0
207873	0	0	1
207964	0	0	1
208904	0	1	0
209951	0	1	0
211189	0	0	1
211628	0	1	0
212376	0	0	1
212408	1	0	0
212653	0	0	1
212963	0	0	1
212982	0	0	1
213008	0	0	1
213170	0	0	1
213273	0	0	1
213371	0	0	1
213400	0	0	1
213540	0	0	1
213568	0	0	1
213669	0	0	1
213671	0	0	1
213730	0	0	1
213737	0	0	1
213755	0	0	1
213807	0	0	1
213837	0	0	1
214166	0	0	1
214428	0	0	1
214478	0	0	1
214498	0	0	1
214514	0	0	1
214573	0	0	1
214708	0	0	1
214717	0	0	1
214723	0	0	1
214834	0	0	1
214838	0	0	1
214846	0	0	1
214853	0	0	1
214861	0	0	1
214864	0	0	1
214865	0	0	1
214869	0	0	1
214876	0	0	1
214878	0	0	1
214885	0	0	1
214928	0	0	1
214929	0	0	1
215095	0	0	1
215109	0	0	1
215137	0	0	1
215270	0	0	1
215354	0	0	1
215384	0	0	1
215440	0	0	1
215498	0	0	1
215502	0	0	1
215506	0	0	1
215548	0	0	1
215573	0	0	1
215725	0	0	1
215740	0	0	1
215792	0	0	1
215793	0	0	1
215808	0	0	1
215809	0	0	1
215823	0	0	1
215858	0	0	1
215892	0	0	1
215929	0	0	1
215964	0	0	1
215995	0	0	1
216021	0	0	1
216055	0	0	1
216064	0	0	1
216081	0	0	1
216109	0	0	1
216133	0	2	0
216139	0	0	1
216156	0	0	1
216161	0	0	1
216180	1	0	0
216208	0	1	0
216266	0	0	1
216343	0	0	1
216352	0	0	1
216399	0	0	1
216414	0	0	1
216556	0	0	1
216730	0	0	1
216779	0	0	1
216804	0	1	0
216858	0	0	1
217103	0	0	1
217201	0	0	1
217436	0	0	1
217584	0	0	1
217626	0	0	1
217662	0	0	1
217671	0	0	1
217694	0	0	1
217946	0	0	1
218024	1	0	0
218034	0	0	1
218078	0	0	1
218237	1	0	0
218506	0	0	1
218516	0	0	1
218525	0	0	1
218534	0	0	1
218553	0	0	1
218849	1	0	0
218879	0	0	1
218885	0	0	1
218888	1	0	0
218968	1	0	0
219064	0	0	1
219160	0	0	1
219268	0	0	1
219438	0	0	1
219978	0	0	1
220387	0	0	1
220417	0	0	1
220432	0	0	1
220521	0	0	1
220538	0	0	1
220551	0	0	1
220573	0	0	1
220701	0	0	1
220765	0	0	1
220791	0	0	1
220844	0	0	1
220856	0	0	1
220862	0	0	1
220916	0	0	1
221490	0	0	1
221497	0	0	1
221529	0	0	1
221700	0	0	1
221734	0	0	1
221868	0	0	1
221901	0	0	1
221920	0	0	1
221939	0	0	1
222084	0	0	1
222220	0	0	1
222245	0	0	1
222307	0	0	1
222370	0	0	1
222389	0	0	1
222584	0	0	1
222610	0	0	1
222611	0	0	1
222790	0	0	1
222842	0	0	1
222851	0	0	1
222942	0	0	1
222960	0	0	1
222999	0	0	1
223156	0	0	1
223165	0	0	1
223230	1	0	0
223306	1	0	0
223307	0	0	1
223326	0	0	1
223377	0	1	0
223431	0	0	1
223487	0	0	1
223509	0	0	1
223531	0	0	1
223553	0	0	1
223633	0	0	1
223696	0	0	1
223748	0	0	1
223811	0	0	1
223818	0	0	1
223840	0	0	1
223846	0	0	1
224001	0	0	1
224128	1	0	0
224132	2	0	0
224145	1	0	0
224146	1	0	0
224147	2	0	0
224161	2	0	0
224162	1	0	0
224166	1	0	0
224167	1	0	0
224168	1	0	0
224172	1	0	0
224173	1	0	0
224179	1	0	0
224180	1	0	0
224182	1	0	0
224192	1	0	0
224194	1	0	0
225237	0	1	0
225841	0	1	0
226097	0	0	1
226328	1	0	0
227020	1	0	0
227690	0	0	1
227724	1	0	0
228398	0	0	1
228429	0	0	1
228593	0	0	1
229032	1	0	0
229293	0	0	1
230224	0	1	0
230261	0	0	1
230559	0	0	1
230704	0	1	0
230983	0	0	1
231330	0	0	1
231602	0	0	1
232075	0	1	0
232512	0	1	0
232523	0	1	0
232591	0	1	0
232608	0	1	0
232621	0	1	0
232626	0	0	1
232670	0	0	1
232711	0	0	1
233379	1	0	0
233833	0	0	1
236359	0	0	1
238836	1	0	0
239037	0	0	1
239523	1	0	0
239964	0	1	0
240032	1	0	0
240048	0	1	0
241678	0	0	1
242479	0	1	0
242632	0	0	1
242761	0	0	1
243186	0	0	1
243234	1	0	0
243610	0	0	1
244173	0	0	1
244623	0	0	1
244787	0	0	1
245109	0	0	1
245596	0	0	1
245738	0	0	1
245803	0	0	1
245837	0	0	1
246419	0	0	1
246527	0	0	1
246954	0	0	1
246959	0	0	1
247301	0	0	1
247360	1	0	0
247414	1	0	0
247623	0	0	1
247729	0	0	1
247840	0	0	1
247844	0	0	1
247861	0	1	0
248207	0	1	0
250359	0	0	1
250373	0	0	1
250848	0	1	0
250969	0	0	1
251778	0	0	1
251926	0	0	1
252927	1	0	0
253073	1	0	0
253188	0	0	1
254117	0	0	1
254983	0	1	0
255032	0	1	0
255227	0	0	1
255266	0	0	1
255379	0	0	1
255407	0	1	0
256124	1	0	0
256199	1	0	0
257303	1	0	0
257329	0	1	0
257716	1	0	0
257874	0	1	0
258778	1	0	0
258876	0	1	0
259038	0	1	0
259777	0	0	1
259967	1	0	0
260062	0	0	1
260158	0	1	0
260245	0	0	1
260345	0	1	0
260359	0	1	0
260442	1	0	0
260653	0	0	1
260677	0	1	0
260833	0	0	1
261101	1	0	0
261168	1	0	0
261178	0	0	1
261414	1	0	0
261537	1	0	0
261544	1	0	0
261886	1	0	0
261895	0	0	1
262207	1	0	0
262300	1	0	0
262430	0	0	1
263281	0	0	1
263962	0	0	1
264903	0	0	1
264950	1	0	0
264969	0	0	1
265280	1	0	0
265312	0	0	1
265324	0	0	1
265448	0	0	1
265842	0	0	1
265865	0	1	0
265893	0	1	0
266420	0	0	1
266568	0	0	1
266655	0	0	1
266784	0	0	1
266793	0	1	0
266854	0	0	1
266885	0	0	1
267106	0	0	1
267470	0	1	0
267989	0	1	0
268800	0	0	1
268804	0	0	1
269356	0	1	0
269797	0	0	1
269868	0	0	1
270786	0	0	1
270859	0	0	1
271126	0	0	1
271273	0	0	1
271292	0	0	1
271533	0	1	0
271590	0	1	0
271597	0	0	1
271929	0	0	1
272140	0	0	1
272477	0	0	1
272633	0	0	1
274455	0	1	0
274730	0	0	1
276005	1	0	0
276656	0	0	1
276663	0	0	1
276710	0	0	1
276739	0	0	1
276791	0	0	1
276886	0	0	1
277088	0	0	1
277095	0	0	1
277154	0	1	0
277597	0	0	1
278156	0	0	1
278333	0	0	1
278520	0	1	0
278535	0	0	1
279182	0	0	1
279459	0	0	1
279737	1	0	0
279803	0	0	1
279826	0	1	0
280007	0	1	0
280342	0	1	0
280362	0	1	0
280392	0	2	0
280418	0	1	0
280638	0	0	1
280722	0	0	1
281077	1	0	0
281318	0	0	1
281378	0	0	1
281525	0	0	1
281544	0	0	1
281630	0	0	1
281835	0	0	1
281968	0	0	1
282406	0	0	1
282523	0	0	1
283000	0	1	0
283126	0	0	1
283134	0	0	1
283381	0	0	1
283946	0	1	0
284120	0	0	1
284182	0	0	1
284193	0	0	1
284202	1	0	0
284256	0	0	1
284361	0	0	1
284486	0	0	1
284735	0	0	1
284798	0	0	1
284926	1	0	0
285158	0	0	1
285229	0	0	1
286368	0	0	1
286464	0	0	1
286968	0	0	1
287385	0	0	1
289525	0	0	1
289847	0	1	0
290084	0	1	0
290430	0	1	0
291094	1	0	0
291211	1	0	0
294546	0	0	1
294769	0	1	0
294880	0	1	0
296401	0	0	1
296516	0	0	1
296569	0	1	0
296848	0	1	0
296945	0	1	0
297197	0	1	0
297273	2	0	0
297274	2	0	0
297275	1	0	0
297304	1	0	0
297584	1	0	0
298713	0	1	0
299305	0	1	0
300485	1	0	0
300620	0	1	0
300666	0	1	0
300723	0	0	1
301497	0	1	0
301861	0	2	0
301906	0	1	0
302498	0	0	1
302761	0	0	1
302773	0	0	1
303115	1	0	0
303184	0	0	1
303461	0	0	1
303505	0	0	1
303565	0	0	1
303595	0	0	1
303622	0	0	1
305220	0	1	0
305464	1	0	0
305495	0	0	1
306123	0	0	1
307420	1	0	0
309242	0	0	1
309992	0	1	0
312290	0	0	1
312816	0	0	1
313692	1	0	0
314070	1	0	0
314785	0	0	1
315410	1	0	0
316562	1	0	0
317517	0	0	1
318229	1	0	0
318697	0	0	1
318995	0	1	0
319369	0	1	0
319976	0	0	1
320013	0	1	0
320453	0	0	1
320461	0	0	1
320586	0	0	1
320888	0	0	1
321287	0	0	1
321574	1	0	0
322772	0	1	0
322784	1	0	0
322826	0	0	1
323333	0	0	1
323352	0	0	1
323642	0	0	1
324168	0	0	1
324222	0	0	1
324248	0	0	1
324457	0	0	1
324681	0	0	1
324823	0	0	1
325840	0	0	1
325909	0	0	1
325934	0	0	1
326034	0	0	1
326057	0	0	1
326126	0	0	1
326334	0	0	1
326653	0	1	0
327134	1	0	0
327638	0	0	1
327736	0	0	1
327942	0	0	1
328635	0	0	1
329063	0	0	1
329188	0	0	1
329366	0	0	1
329447	0	0	1
329483	0	0	1
329619	0	1	0
329665	0	0	1
329682	0	0	1
329717	0	0	1
329784	0	0	1
329822	0	0	1
329929	0	0	1
329930	0	0	1
330002	0	0	1
330045	0	0	1
330083	0	0	1
330168	0	0	1
330169	0	0	1
330228	0	0	1
331008	0	1	0
331749	0	0	1
332280	0	0	1
332407	0	0	1
332432	1	0	0
332618	0	0	1
332630	0	0	1
332742	0	0	1
332754	0	0	1
332863	0	0	1
333116	1	0	0
333314	0	0	1
333395	0	0	1
333829	0	0	1
334015	0	0	1
334177	0	1	0
334196	0	1	0
334202	0	0	1
334217	0	1	0
334307	0	1	0
334315	0	1	0
334326	0	1	0
334337	0	1	0
334440	0	1	0
334784	1	0	0
334915	0	0	1
335863	0	0	1
337845	1	0	0
339545	0	0	1
339699	0	1	0
339965	0	0	1
339995	0	0	1
340021	0	0	1
340066	0	0	1
340383	0	1	0
340611	0	1	0
340628	0	0	1
340695	0	1	0
340711	0	1	0
340977	0	0	1
341023	0	1	0
341047	0	1	0
341064	0	0	1
341126	0	1	0
341658	1	0	0
341742	1	0	0
341872	1	0	0
341917	0	0	1
341921	1	0	0
342307	1	0	0
342431	0	1	0
342629	2	0	0
342964	0	0	1
343235	0	1	0
343446	1	0	0
343615	0	0	1
344658	0	0	1
345162	1	0	0
345765	0	1	0
348308	0	0	1
349376	0	0	1
350165	1	0	0
350182	1	0	0
350480	0	0	1
351081	0	0	1
351262	0	1	0
352566	0	1	0
352583	1	0	0
353465	0	0	1
354378	1	0	0
354663	1	0	0
354744	1	0	0
354763	1	0	0
354813	0	0	1
355115	0	0	1
355491	0	0	1
355945	0	1	0
356048	0	0	1
356180	1	0	0
356294	0	0	1
356741	0	0	1
356927	1	0	0
357073	0	0	1
357137	0	1	0
357153	0	1	0
357220	0	1	0
357224	0	1	0
357258	0	2	0
357259	0	1	0
357903	0	0	1
358870	0	0	1
359143	1	0	0
359289	0	1	0
359657	0	0	1
361069	0	1	0
361907	0	0	1
362095	0	0	1
362987	0	0	1
363088	0	0	1
364262	0	1	0
364608	0	1	0
364962	0	0	1
365229	0	0	1
366175	1	0	0
366600	0	0	1
367558	0	0	1
369169	0	0	1
370278	0	1	0
371058	0	0	1
371500	0	0	1
372470	1	0	0
373442	0	0	1
374023	0	0	1
374673	1	0	0
374697	0	0	1
374776	0	0	1
374955	1	0	0
375054	0	0	1
375076	0	0	1
375536	0	0	1
376306	0	0	1
376576	0	0	1
376745	0	0	1
377170	0	0	1
377214	0	1	0
377722	1	0	0
377740	0	0	1
378770	0	1	0
379086	0	0	1
379462	0	1	0
379601	1	0	0
379611	0	1	0
379685	0	1	0
379836	0	0	1
379850	0	0	1
381113	1	0	0
381355	1	0	0
381518	0	0	1
381634	0	0	1
381796	1	0	0
383871	0	0	1
384457	1	0	0
385524	0	0	1
386161	0	1	0
386213	0	1	0
386441	1	0	0
387606	0	0	1
388127	0	0	1
388361	1	0	0
388479	0	0	1
388800	0	0	1
388816	0	1	0
389384	0	0	1
389934	1	0	0
390235	1	0	0
391527	0	0	1
393466	0	0	1
393554	0	0	1
394252	0	0	1
394782	1	0	0
396414	1	0	0
396942	0	0	1
396987	1	0	0
397495	1	0	0
398242	0	0	1
399655	1	0	0
399868	1	0	0
400210	0	0	1
400213	0	0	1
400797	0	0	1
402485	0	1	0
403455	1	0	0
403676	0	0	1
403935	0	0	1
409678	1	0	0
412419	0	0	1
412995	0	1	0
413438	0	1	0
414928	0	1	0
415602	0	1	0
416614	0	0	1
416679	0	0	1
417429	0	0	1
417692	0	0	1
418528	0	0	1
418553	0	1	0
418713	0	1	0
418916	0	0	1
419371	0	0	1
419434	0	1	0
420062	0	0	1
420302	0	1	0
423273	1	0	0
424326	0	0	1
424510	0	0	1
425853	0	1	0
425879	0	0	1
426370	1	0	0
426587	0	0	1
426862	0	1	0
429100	1	0	0
430385	0	0	1
430888	1	0	0
431143	0	0	1
431671	1	0	0
431719	0	0	1
431758	0	0	1
432325	0	0	1
432471	0	0	1
432769	0	0	1
432772	0	0	1
432848	0	0	1
434057	0	0	1
434089	0	0	1
434303	0	0	1
434511	0	0	1
434796	0	0	1
434945	0	0	1
435727	0	0	1
436437	0	0	1
436489	0	0	1
436954	1	0	0
437221	1	0	0
437503	0	0	1
437507	0	0	1
437508	0	0	1
437745	1	0	0
438580	0	0	1
439224	0	0	1
439237	1	0	0
439261	0	0	1
439768	0	0	1
441185	0	0	1
442332	0	1	0
443564	0	0	1
445178	0	1	0
445481	0	0	1
445746	0	0	1
446057	0	0	1
446074	0	0	1
446181	0	0	1
446189	0	0	1
446432	0	0	1
446727	0	0	1
446768	0	0	1
446773	1	0	0
446846	0	0	1
446880	0	0	1
447584	1	0	0
447651	0	0	1
447692	0	0	1
448029	0	0	1
448076	0	0	1
448085	0	0	3
448254	0	0	1
448540	0	0	1
448593	0	0	1
448689	0	0	1
449218	0	1	0
449321	0	0	1
449842	0	0	1
449896	0	0	1
449988	0	0	1
450016	1	0	0
450791	0	0	1
450873	0	0	1
451033	0	0	1
451058	0	0	1
451148	0	0	1
451229	0	0	1
451333	0	0	1
451531	1	0	0
451532	0	0	1
451534	0	0	1
451562	0	0	1
451596	0	0	1
451608	0	0	1
451691	0	0	1
451717	0	0	1
451913	0	0	1
452005	0	0	1
452036	0	0	1
452037	0	0	1
452385	0	0	1
452709	0	1	0
453480	1	0	0
454248	0	0	1
454271	0	0	1
454287	0	0	1
454295	0	0	1
454342	0	0	1
454554	0	0	1
454559	0	0	1
454585	0	0	1
454609	0	0	1
454614	0	0	1
454618	0	0	1
454624	0	0	1
454660	0	0	1
454679	0	0	1
454690	0	0	1
454704	0	0	1
454725	0	0	1
455996	0	0	1
456926	0	0	1
458505	1	0	0
458651	1	0	0
459593	1	0	0
460939	0	0	1
461615	1	0	0
462248	1	0	0
463420	1	0	0
463644	0	0	1
464866	0	1	0
464869	0	1	0
465054	0	0	1
465142	0	1	0
465760	0	0	1
466691	0	0	1
466769	0	0	1
467293	0	0	1
468999	0	1	0
469335	1	0	0
469671	0	0	1
469695	0	0	2
470527	0	1	0
470596	0	0	1
471120	0	0	1
471563	0	0	1
472376	0	0	1
473160	0	0	1
475310	0	0	1
476432	0	1	0
476572	0	1	0
476604	0	1	0
476924	0	1	0
477268	0	0	1
477284	1	0	0
477323	1	0	0
477325	0	0	1
477344	1	0	0
477659	0	1	0
477666	1	0	0
477752	1	0	0
477771	1	0	0
477808	1	0	0
477837	1	0	0
477858	1	0	0
477901	1	0	0
477969	1	0	0
477988	1	0	0
480041	0	0	1
481160	0	1	0
481872	1	0	0
482005	0	0	1
482204	0	0	1
482767	1	0	0
483183	0	0	1
483256	0	1	0
483569	1	0	0
483748	0	0	1
484980	1	0	0
486854	1	0	0
487391	0	1	0
488714	1	0	0
492184	1	0	0
492514	0	0	1
500613	0	0	1
501141	0	1	0
504403	1	0	0
507823	0	0	1
510029	0	0	1
514215	1	0	0
514428	0	1	0
514552	0	0	1
516189	0	1	0
517326	0	0	1
517455	0	1	0
517712	0	0	1
518701	0	0	1
519650	0	0	1
520015	0	1	0
520391	1	0	0
520439	1	0	0
520665	1	0	0
522499	1	0	0
523668	0	1	0
525285	0	1	0
526847	0	0	1
526973	0	0	1
526980	0	0	1
527436	1	0	0
528824	0	0	1
530789	1	0	0
530903	0	0	1
533543	1	0	0
535753	0	1	0
537720	0	0	1
537954	0	1	0
539178	1	0	0
540274	0	1	0
540557	0	0	1
540891	0	0	1
541960	0	0	1
544740	1	0	0
545293	1	0	0
549005	0	0	1
551091	0	0	1
552862	0	0	1
552883	0	0	1
553919	0	1	0
556293	0	0	1
556330	0	0	1
556338	0	0	1
556363	0	0	1
556365	0	0	1
556366	0	0	1
556384	0	0	1
556393	0	0	1
556463	0	0	1
556518	0	0	1
556561	0	0	1
556578	0	0	1
556623	0	0	1
556665	0	0	1
557083	0	0	1
557315	0	0	1
557415	0	0	1
557475	0	1	0
557939	0	0	1
557949	1	0	0
558001	0	0	1
558118	0	0	1
559180	0	0	1
560029	0	0	1
560280	0	1	0
560288	0	0	1
560892	0	0	1
561231	0	0	1
561402	0	1	0
561588	0	0	1
561593	0	0	1
561662	0	0	1
561737	0	0	1
561766	0	0	1
562705	0	0	1
562744	0	0	1
562764	0	0	1
562851	0	0	1
562957	0	0	1
563035	0	0	1
563503	0	0	1
563517	0	0	1
563642	0	0	1
563684	0	0	1
564218	0	0	1
564527	0	0	1
564755	0	0	1
564786	0	0	1
564836	0	0	1
564847	0	0	1
564867	0	0	1
564937	0	0	1
565612	0	0	1
567096	0	0	1
567464	0	0	1
570389	0	1	0
570800	0	0	1
571413	0	0	1
572591	0	0	1
573698	0	0	1
574049	0	1	0
574167	0	0	1
574180	0	1	0
575771	1	0	0
577220	0	0	1
577894	1	0	0
581798	0	0	1
582859	0	0	1
583463	0	0	1
584595	0	1	0
584666	0	1	0
585546	0	0	1
585697	1	0	0
586386	0	0	1
586397	0	0	1
586417	0	0	1
586433	0	0	1
586437	0	0	1
586440	0	0	1
586449	0	0	1
586453	0	0	1
586465	0	0	1
586487	0	0	1
586490	0	0	1
586495	0	0	2
586509	0	0	1
586538	0	0	1
587071	0	0	1
589127	1	0	0
591698	1	0	0
591778	1	0	0
594089	0	0	1
596116	0	1	0
596784	1	0	0
600181	0	1	0
600551	1	0	0
601676	0	0	1
601704	0	0	1
602201	1	0	0
602360	0	0	1
603481	0	0	1
604692	0	1	0
605112	0	0	1
605256	0	0	1
605512	0	0	1
605774	0	0	1
607490	0	0	1
612075	0	0	1
619549	0	0	1
621535	0	0	1
626356	0	0	1
628252	0	0	1
631708	1	0	0
636089	0	1	0
640489	0	0	1
642575	0	1	0
650502	0	1	0
655188	0	1	0
655291	1	0	0
655558	1	0	0
655762	1	0	0
656756	0	0	1
658472	0	1	0
658809	1	0	0
659306	0	0	1
662413	0	1	0
663356	1	0	0
663964	0	0	1
672019	0	0	1
682686	0	0	1
682928	0	0	1
683314	0	1	0
687930	0	0	1
692559	0	0	1
692566	0	0	1
693592	0	1	0
696743	0	0	1
696837	0	0	1
697024	0	0	1
697027	0	0	1
697431	0	0	1
698541	1	0	0
700585	0	0	1
703851	0	0	1
705608	0	1	0
707945	0	0	1
709981	0	1	0
710477	0	0	1
711378	1	0	0
714687	1	0	0
716886	0	1	0
722111	0	1	0
722714	1	0	0
727843	0	1	0
730682	0	0	1
733511	1	0	0
734342	0	0	1
739092	1	0	0
743670	0	0	1
745108	0	0	1
745382	1	0	0
745857	0	0	1
746262	1	0	0
746950	0	0	1
746999	0	0	1
747534	0	0	1
747643	0	0	1
747744	0	0	1
749101	0	0	1
749168	0	0	1
749497	0	0	1
749646	0	0	1
749875	0	0	1
749947	0	0	1
749985	0	0	1
750136	0	0	1
750161	0	0	2
750480	0	0	1
750708	0	0	1
751060	0	0	1
751132	1	0	0
751609	0	0	1
752284	0	0	1
752352	0	0	1
752361	0	0	1
752664	0	0	1
752845	0	0	1
752995	0	0	1
753006	1	0	0
753020	0	0	1
753030	0	0	1
753176	0	0	1
753358	0	0	1
753370	0	0	1
755004	0	1	0
758795	0	1	0
760885	1	0	0
760891	1	0	0
760896	1	0	0
760925	1	0	0
760929	1	0	0
760937	1	0	0
760938	1	0	0
760941	1	0	0
760962	1	0	0
760963	1	0	0
760973	1	0	0
760977	1	0	0
760994	1	0	0
761003	1	0	0
761057	1	0	0
779715	1	0	0
787214	0	1	0
787228	0	1	0
787428	0	1	0
787432	0	1	0
787435	0	1	0
787436	0	1	0
787440	0	1	0
787477	0	1	0
787740	0	1	0
787761	0	1	0
787776	0	1	0
787784	0	1	0
788129	1	0	0
788133	1	0	0
788142	1	0	0
788163	1	0	0
788165	1	0	0
788176	1	0	0
788486	1	0	0
788516	0	0	1
788597	1	0	0
789265	0	0	1
789830	0	0	1
790088	0	0	1
790093	0	0	1
790096	0	0	1
790097	0	0	1
790186	0	0	1
790599	0	0	1
790610	0	0	1
790613	0	0	1
790623	0	0	1
792373	0	0	1
792404	0	0	1
792412	0	0	4
792423	0	0	1
792513	0	0	1
792926	0	0	1
793314	0	0	1
793321	0	0	1
793426	0	0	1
793666	0	0	1
793682	0	0	1
794315	0	0	1
794496	0	0	1
794602	0	0	1
795060	0	0	1
795063	0	0	1
795100	0	0	1
795946	0	0	1
796041	0	0	1
796076	0	0	1
796078	0	0	1
796080	0	0	1
796095	0	0	1
796130	0	0	2
796599	0	0	1
796622	0	0	1
796633	0	0	1
796907	0	0	1
796914	0	0	1
797041	0	0	1
797070	0	0	1
797189	0	0	1
797232	0	0	1
797233	0	1	0
797287	0	0	1
797396	0	0	1
797553	0	0	1
797566	0	0	1
798052	0	0	1
798079	0	0	1
798117	0	0	1
798134	0	0	1
798160	0	0	1
798177	0	0	1
798240	0	1	0
798273	0	0	1
798414	0	1	0
798439	0	0	1
798442	0	0	1
799974	1	0	0
800144	1	0	0
800194	0	0	1
808889	0	1	0
809487	1	0	0
811402	0	2	0
811715	0	0	1
823450	0	0	1
828000	1	0	0
828726	0	0	1
831788	0	0	1
832103	0	0	1
833305	0	1	0
838654	0	0	1
847511	1	0	0
853276	1	0	0
866793	0	0	1
869484	0	0	1
874721	1	0	0
880278	0	0	1
894479	0	1	0
897310	0	0	1
902360	0	0	1
911513	0	1	0
916028	0	1	0
920566	1	0	0
928579	1	0	0
933260	1	0	0
936836	0	0	1
937077	0	0	1
937312	0	0	1
943697	0	0	1
945040	0	0	1
945066	0	1	0
953146	1	0	0
954387	0	0	1
959860	1	0	0
964522	0	0	1
966788	0	1	0
969205	0	0	1
977716	0	0	1
980512	0	0	1
980697	0	0	1
981061	0	1	0
982143	0	1	0
982617	1	0	0
984498	1	0	0
991360	1	0	0
1003230	0	0	1
1009164	0	1	0
1021682	1	0	0
1034671	0	0	1
1048329	0	0	1
1060465	0	0	1
1061242	0	0	1
1062263	0	0	1
1064017	0	0	1
1066558	0	0	1
1066958	0	0	1
1067302	0	0	1
1067378	0	0	1
1067781	0	0	1
1068927	0	0	1
1069680	0	0	1
1070261	0	0	1
1112628	0	1	0
1139085	0	0	1
1151170	0	1	0
1183454	1	0	0
1194688	0	1	0
1203071	0	1	0
1213252	1	0	0
1254713	0	0	1
1311854	0	0	1
1362516	0	0	1
1365532	1	0	0
1382336	0	0	1

